0.240642
0.32376
0.369565
0.382865
0.39027
0.394231
0.404018
0.415193
0.41452
0.415564
0.419629
0.420804
0.423782
0.422979
0.425101
0.424068
0.425775
0.429528
0.434001
0.43304
0.435272
0.437048
0.443374
0.446869
0.447871
0.450872
0.452588
0.453731
0.454237
0.455101
0.455667
0.456531
0.456564
0.456346
0.457256
0.45974
0.459078
0.461524
0.462514
0.463066
0.464202
0.464381
0.465877
0.464858
0.466164
0.467535
0.46833
0.467165
0.467386
0.467846
0.468589
0.467482
0.469034
0.47024
0.471057
0.471182
0.47213
0.471123
0.472085
0.471847
0.472704
0.473248
0.473124
0.473294
0.474396
0.47445
0.475835
0.476675
0.476811
0.477389
0.478442
0.47856
0.48029
0.480755
0.481295
0.481798
0.482173
0.482975
0.484408
0.484639
0.485152
0.485512
0.485887
0.486042
0.486394
0.486911
0.487488
0.487809
0.488143
0.488901
0.488905
0.489023
0.489446
0.49037
0.490464
0.490734
0.491424
0.49139
0.491513
0.491628
0.492512
0.4923
0.491618
0.492195
0.492621
0.492347
0.493019
0.493227
0.492651
0.492798
0.492308
0.492368
0.492548
0.492358
0.491495
0.491915
0.4919
0.49256
0.492657
0.492953
0.49319
0.493003
0.492701
0.49295
0.493035
0.493379
0.493328
0.493603
0.493714
0.494397
0.494493
0.494628
0.494858
0.494739
0.494749
0.495118
0.495637
0.495696
0.496172
0.496584
0.496668
0.496809
0.496944
0.497254
0.497585
0.497718
0.497083
0.496711
0.497041
0.496811
0.496803
0.496713
0.496954
0.496704
0.496962
0.496875
0.496918
0.496594
0.496717
0.496815
0.496988
0.496854
0.497463
0.497502
0.497542
0.497683
0.498173
0.498283
0.498538
0.498398
0.498628
0.498709
0.498885
0.498939
0.499353
0.499237
0.499408
0.499812
0.499906
0.500117
0.500394
0.500739
0.50124
0.501394
0.501795
0.501876
0.501776
0.501521
0.501557
0.501505
0.50154
0.501663
0.501481
0.501538
0.501531
0.501222
0.50128
0.501422
0.501459
0.501179
0.501047
0.500876
0.500934
0.500847
0.501192
0.501309
0.501791
0.501802
0.501713
0.502267
0.502157
0.501907
0.502333
0.502717
0.502625
0.502576
0.502662
0.502728
0.502715
0.502434
0.502366
0.502623
0.502727
0.50309
0.503395
0.503472
0.503289
0.503275
0.503112
0.50308
0.503215
0.503165
0.502845
0.50296
0.502571
0.502649
0.50271
0.502487
0.502513
0.502239
0.501914
0.501662
0.501637
0.501648
0.501556
0.501654
0.501339
0.501522
0.501771
0.5019
0.501724
0.501733
0.501994
0.50217
0.501928
0.50187
0.502045
0.501905
0.501996
0.502267
0.502306
0.502476
0.502307
0.502571
0.50261
0.502729
0.503037
0.502851
0.502745
0.502783
0.502913
0.502997
0.502829
0.502912
0.503087
0.503076
0.502867
0.502948
0.502983
0.503186
0.503248
0.503267
0.50312
0.503438
0.503561
0.503534
0.503864
0.503926
0.504072
0.504117
0.504253
0.504152
0.50424
0.50434
0.50408
0.504152
0.504294
0.504196
0.504223
0.504279
0.504508
0.504366
0.504591
0.504635
0.504732
0.504704
0.504634
0.50458
0.504411
0.504301
0.504287
0.504221
0.50403
0.504126
0.504047
0.504169
0.504251
0.504411
0.504557
0.504569
0.504528
0.504516
0.504556
0.505028
0.505184
0.505337
0.505505
0.505825
0.506027
0.505958
0.506044
0.506347
0.506461
0.506559
0.506781
0.506644
0.506877
0.506919
0.507012
0.50699
0.506982
0.507024
0.507003
0.506922
0.507003
0.507034
0.507064
0.506846
0.507021
0.507097
0.507066
0.50731
0.50759
0.507556
0.507586
0.507277
0.507294
0.50737
0.507397
0.507272
0.507428
0.507411
0.507697
0.507581
0.507652
0.507692
0.507728
0.50795
0.507926
0.508035
0.508105
0.508212
0.508366
0.508405
0.508609
0.508476
0.508627
0.50866
0.508705
0.508603
0.508883
0.508704
0.508894
0.509028
0.509396
0.509583
0.509684
0.509668
0.509941
0.509763
0.510076
0.510215
0.510362
0.510372
0.510401
0.510348
0.510258
0.510327
0.510314
0.510277
0.510144
0.510193
0.510178
0.509972
0.51016
0.509993
0.509948
0.509959
0.50991
0.509708
0.509797
0.50993
0.509842
0.509698
0.509581
0.509453
0.509234
0.50906
0.509112
0.508961
0.508949
0.50883
0.508984
0.508769
0.50865
0.50858
0.508619
0.508659
0.508749
0.508723
0.508825
0.508886
0.508857
0.508779
0.50884
0.508701
0.508739
0.50873
0.508494
0.508298
0.508212
0.507872
0.507961
0.508117
0.508081
0.507992
0.508053
0.508008
0.508152
0.507954
0.507852
0.507681
0.507672
0.507727
0.507812
0.507774
0.507721
0.507826
0.507893
0.507995
0.508036
0.507938
0.507904
0.507998
0.50799
0.507866
0.50785
0.507825
0.507873
0.507901
0.507919
0.507864
0.507904
0.507986
0.508032
0.507917
0.507846
0.507909
0.508081
0.508002
0.508045
0.507985
0.508014
0.50799
0.507876
0.507884
0.507921
0.507992
0.507974
0.507748
0.507768
0.50764
0.507591
0.507646
0.507752
0.507747
0.507688
0.507801
0.507657
0.50758
0.507531
0.507485
0.507514
0.507432
0.507291
0.506964
0.50666
0.506485
0.506311
0.506122
0.506253
0.506149
0.506053
0.506128
0.506092
0.505894
0.505783
0.505762
0.505684
0.505417
0.505522
0.505421
0.50542
0.505508
0.505555
0.505521
0.505266
0.505241
0.505263
0.505238
0.505048
0.505046
0.504916
0.504859
0.504658
0.504585
0.504481
0.504407
0.504216
0.5042
0.504137
0.504042
0.503939
0.503924
0.503776
0.503628
0.503487
0.503394
0.503317
0.503335
0.503149
0.503175
0.503184
0.503047
0.503003
0.503068
0.503001
0.502872
0.502697
0.50257
0.502573
0.502407
0.502433
0.50233
0.502264
0.502291
0.502218
0.502236
0.502142
0.502047
0.501901
0.501822
0.501706
0.501561
0.501603
0.501466
0.501374
0.501453
0.501562
0.50156
0.50155
0.501577
0.501641
0.501409
0.501385
0.50128
0.501307
0.501355
0.501419
0.501402
0.50137
0.501237
0.501242
0.501269
0.501195
0.501164
0.501306
0.501095
0.500993
0.501092
0.501004
0.500981
0.500793
0.500842
0.500805
0.500768
0.500703
0.500716
0.500778
0.500819
0.500776
0.50081
0.500668
0.500674
0.500581
0.500503
0.500475
0.500481
0.50048
0.500591
0.500576
0.500547
0.500325
0.500366
0.500317
0.500206
0.500151
0.500021
0.499911
0.500007
0.499932
0.499857
0.49968
0.499674
0.499634
0.499722
0.49975
0.499588
0.499488
0.499482
0.499328
0.499229
0.499203
0.499224
0.499306
0.499233
0.499201
0.499216
0.49919
0.499072
0.498968
0.498818
0.498799
0.498874
0.498921
0.498798
0.498813
0.498619
0.498614
0.498721
0.498749
0.498829
0.498739
0.498715
0.498692
0.498597
0.49854
0.498478
0.498461
0.498489
0.498478
0.498429
0.49831
0.498326
0.498296
0.49826
0.498193
0.498253
0.498148
0.498042
0.498052
0.497986
0.498039
0.498016
0.497931
0.497971
0.497837
0.497814
0.497761
0.497696
0.49768
0.497609
0.497582
0.497597
0.497594
0.497505
0.497515
0.497519
0.497498
0.497544
0.497492
0.497484
0.497505
0.497484
0.497556
0.497517
0.497563
0.497469
0.497406
0.497355
0.49728
0.49729
0.497324
0.497328
0.497325
0.497444
0.497489
0.497457
0.497335
0.497362
0.497276
0.497375
0.49732
0.497251
0.497244
0.497188
0.497049
0.497053
0.496944
0.496836
0.496841
0.496687
0.496626
0.496636
0.496553
0.496622
0.496562
0.496566
0.496483
0.49654
0.496608
0.496694
0.496692
0.496686
0.496684
0.496648
0.49671
0.496749
0.496678
0.496637
0.496704
0.496617
0.496581
0.496671
0.49646
0.496413
0.496513
0.496501
0.496591
0.496635
0.496605
0.496553
0.496535
0.496512
0.496545
0.496483
0.496442
0.49639
0.496412
0.496399
0.496437
0.496503
0.496368
0.496262
0.4964
0.496388
0.496292
0.496257
0.496113
0.496046
0.496024
0.496062
0.496028
0.496023
0.496044
0.496027
0.496005
0.495933
0.495944
0.495927
0.49585
0.495926
0.495958
0.495849
0.495854
0.495854
0.49574
0.495821
0.495783
0.495724
0.49575
0.495713
0.495631
0.495561
0.49555
0.495599
0.49553
0.495551
0.49553
0.495573
0.495583
0.495562
0.495535
0.495604
0.495562
0.495594
0.495573
0.495537
0.495631
0.495526
0.495416
0.495337
0.495369
0.495296
0.495244
0.495297
0.495271
0.495272
0.495257
0.495216
0.49519
0.495196
0.495249
0.495281
0.495311
0.495286
0.495281
0.495246
0.495247
0.49531
0.495294
0.495378
0.495337
0.495267
0.49538
0.495412
0.495407
0.495433
0.495407
0.495392
0.495448
0.495428
0.495342
0.495202
0.495212
0.495197
0.495202
0.495108
0.495093
0.495129
0.49521
0.49527
0.495331
0.495182
0.495192
0.495183
0.495095
0.495244
0.495179
0.49515
0.495042
0.495142
0.495088
0.495084
0.495074
0.495075
0.495086
0.495063
0.495054
0.495094
0.495027
0.49492
0.49494
0.494901
0.494839
0.494903
0.49486
0.494778
0.494804
0.494882
0.494951
0.494967
0.494895
0.494906
0.494975
0.494869
0.494865
0.494851
0.494861
0.494814
0.494791
0.494749
0.494679
0.494693
0.494608
0.494676
0.494649
0.494693
0.494675
0.494662
0.494677
0.494692
0.494708
0.494539
0.494591
0.49456
0.494534
0.494558
0.494555
0.494434
0.494383
0.494417
0.4944
0.494471
0.494394
0.494404
0.494419
0.494438
0.494435
0.494414
0.494323
0.494361
0.494363
0.494342
0.494367
0.494337
0.494307
0.494312
0.494382
0.494485
0.494459
0.494524
0.494571
0.49448
0.494486
0.49436
0.494343
0.494262
0.494277
0.49431
0.494279
0.494321
0.494317
0.494282
0.494302
0.494307
0.494286
0.494328
0.494334
0.49439
0.494391
0.494312
0.494219
0.494256
0.494316
0.494323
0.494352
0.494309
0.494333
0.49426
0.494248
0.494303
0.494233
0.494238
0.494222
0.494302
0.494353
0.494412
0.494378
0.494309
0.494205
0.494215
0.49423
0.494174
0.494175
0.494243
0.494266
0.494359
0.494382
0.494356
0.494402
0.494437
0.494421
0.49444
0.494475
0.494399
0.494448
0.494523
0.494494
