0.698675
0.688928
0.674797
0.641831
0.614783
0.596604
0.584708
0.57405
0.564826
0.554174
0.550696
0.547907
0.545481
0.54155
0.540032
0.53883
0.535041
0.530975
0.528344
0.524123
0.52157
0.518927
0.518168
0.515605
0.513889
0.512977
0.512652
0.510168
0.5067
0.50568
0.506399
0.504451
0.503715
0.501405
0.500588
0.499555
0.498013
0.496673
0.497103
0.49624
0.495084
0.493755
0.492849
0.49205
0.490701
0.490464
0.488707
0.489295
0.488477
0.487747
0.487372
0.487322
0.486111
0.485078
0.485289
0.485668
0.484006
0.483682
0.483374
0.484616
0.484206
0.483516
0.48294
0.483122
0.482787
0.482368
0.482311
0.482406
0.4819
0.48163
0.48135
0.480189
0.479519
0.478972
0.478754
0.478411
0.477983
0.477375
0.476723
0.476536
0.475797
0.475921
0.475184
0.474715
0.473969
0.473411
0.472232
0.471014
0.469782
0.469349
0.468721
0.467518
0.466392
0.465243
0.464349
0.463556
0.463544
0.462676
0.462408
0.46133
0.460483
0.459357
0.458785
0.458731
0.458529
0.457985
0.457721
0.457242
0.456335
0.455983
0.455628
0.455188
0.454494
0.454095
0.45364
0.452963
0.452713
0.452806
0.452586
0.45194
0.451526
0.451164
0.450949
0.450574
0.450113
0.449526
0.449188
0.44821
0.447626
0.446915
0.447178
0.44653
0.446532
0.446458
0.446359
0.445909
0.445186
0.445027
0.445039
0.44488
0.44496
0.444914
0.444732
0.444773
0.444471
0.44377
0.443724
0.44371
0.443536
0.443608
0.443558
0.443152
0.443182
0.44281
0.442609
0.442277
0.442438
0.442123
0.441757
0.441624
0.441273
0.441102
0.441236
0.441238
0.440915
0.440905
0.440823
0.440607
0.440412
0.440314
0.440232
0.439874
0.439325
0.438986
0.439429
0.439302
0.439012
0.438746
0.438734
0.438639
0.438726
0.438275
0.438291
0.438217
0.43842
0.438348
0.438412
0.438234
0.43826
0.438233
0.438314
0.438021
0.437823
0.437798
0.437505
0.437303
0.437342
0.436836
0.4372
0.436907
0.436732
0.43672
0.436566
0.436841
0.436815
0.436739
0.436917
0.436829
0.436763
0.436616
0.436678
0.436677
0.436498
0.436322
0.43602
0.436286
0.435809
0.435422
0.435129
0.434977
0.4351
0.434961
0.434744
0.434579
0.434532
0.434561
0.43434
0.434449
0.434598
0.434719
0.434953
0.434879
0.435011
0.435033
0.435088
0.434865
0.434742
0.434702
0.434728
0.434414
0.434179
0.434066
0.434229
0.434258
0.434401
0.434241
0.434322
0.434417
0.434527
0.434711
0.435001
0.435136
0.435301
0.435416
0.435463
0.435519
0.435536
0.435501
0.435727
0.435828
0.436074
0.436442
0.436403
0.436558
0.436726
0.436875
0.437236
0.437478
0.437851
0.43796
0.437999
0.438005
0.438215
0.438362
0.438441
0.438438
0.438858
0.439006
0.439049
0.439196
0.439141
0.439058
0.439063
0.439338
0.439178
0.439202
0.439121
0.439288
0.439404
0.4396
0.439863
0.440032
0.440127
0.440239
0.440251
0.440192
0.440092
0.440129
0.440229
0.440163
0.440481
0.440561
0.440544
0.440679
0.440772
0.440833
0.440891
0.441059
0.440989
0.440863
0.440978
0.440935
0.441148
0.441444
0.441627
0.441678
0.441775
0.442013
0.442154
0.442287
0.442498
0.442712
0.442758
0.442946
0.443124
0.443199
0.443279
0.443563
0.443631
0.443569
0.443626
0.443737
0.444031
0.444135
0.444175
0.444166
0.444195
0.444287
0.444296
0.444524
0.444605
0.444929
0.445197
0.445246
0.445421
0.445657
0.445726
0.445921
0.445967
0.445946
0.446111
0.446267
0.446438
0.446454
0.446415
0.446595
0.446685
0.447029
0.447173
0.447167
0.447284
0.44748
0.447484
0.447521
0.447617
0.447804
0.447895
0.448074
0.448343
0.448386
0.44837
0.448444
0.448555
0.448627
0.448629
0.448924
0.448844
0.448942
0.449104
0.449026
0.448992
0.44901
0.449085
0.449239
0.449275
0.449315
0.449386
0.449363
0.449365
0.449467
0.449582
0.449707
0.449887
0.449937
0.450081
0.450216
0.450412
0.45054
0.450514
0.450443
0.450435
0.450526
0.450584
0.450786
0.450819
0.45097
0.451024
0.451074
0.450982
0.451023
0.451131
0.451358
0.45157
0.451741
0.451891
0.451927
0.452005
0.452051
0.452056
0.451998
0.451922
0.45198
0.452113
0.45225
0.452442
0.452503
0.452556
0.452638
0.452601
0.452739
0.452811
0.452875
0.453008
0.453
0.453095
0.453208
0.45326
0.453195
0.453138
0.453191
0.453175
0.453249
0.453445
0.453521
0.453715
0.453749
0.453746
0.453688
0.453615
0.453813
0.453786
0.453975
0.454037
0.454196
0.454251
0.454519
0.4546
0.45458
0.454618
0.454662
0.454601
0.454628
0.454747
0.454776
0.454847
0.454872
0.454923
0.454992
0.454999
0.45514
0.455117
0.455238
0.455362
0.455289
0.455294
0.455297
0.455481
0.455559
0.455579
0.455661
0.455577
0.455663
0.455727
0.455927
0.456011
0.456046
0.455981
0.456071
0.456338
0.456418
0.456401
0.456416
0.456466
0.456557
0.456599
0.456763
0.456892
0.45701
0.457162
0.457296
0.457371
0.457256
0.457093
0.457124
0.457168
0.457386
0.457511
0.457475
0.45752
0.457594
0.457649
0.457614
0.457612
0.457699
0.457885
0.457961
0.457966
0.458129
0.458159
0.458192
0.458253
0.458281
0.458359
0.458448
0.45854
0.458608
0.458693
0.458722
0.458716
0.458733
0.458764
0.458867
0.458964
0.45915
0.459269
0.459229
0.459208
0.459199
0.459304
0.459383
0.459372
0.45942
0.45942
0.459453
0.459466
0.459567
0.459607
0.45972
0.459845
0.459985
0.460016
0.460059
0.460147
0.460254
0.460381
0.460445
0.46047
0.46044
0.460484
0.460526
0.460591
0.4607
0.460667
0.460754
0.460711
0.46074
0.460846
0.460782
0.460777
0.460766
0.460786
0.460802
0.460876
0.460945
0.460975
0.460886
0.461007
0.461095
0.461223
0.461229
0.461185
0.461186
0.461079
0.461038
0.461095
0.461137
0.461188
0.46121
0.461283
0.461231
0.461284
0.461311
0.461261
0.461306
0.461315
0.461415
0.461481
0.461565
0.4616
0.461666
0.461781
0.461673
0.461752
0.461741
0.461742
0.461655
0.461653
0.461666
0.461546
0.461611
0.461671
0.461747
0.461747
0.461759
0.46176
0.461723
0.46174
0.461734
0.46168
0.461552
0.461493
0.46144
0.461345
0.461263
0.461204
0.461085
0.461057
0.460974
0.460985
0.460938
0.460865
0.460898
0.460863
0.460817
0.460801
0.460883
0.460903
0.460937
0.460847
0.460772
0.460821
0.460854
0.460862
0.460889
0.46101
0.461112
0.461124
0.461035
0.461054
0.460996
0.461102
0.461067
0.461064
0.461188
0.461127
0.461201
0.46121
0.46126
0.461239
0.461311
0.461366
0.461349
0.461449
0.461455
0.461634
0.461694
0.461738
0.461796
0.461877
0.461879
0.461962
0.46199
0.461953
0.462005
0.462119
0.462122
0.462135
0.462164
0.462121
0.462168
0.462198
0.462184
0.462133
0.462175
0.462148
0.46227
0.462282
0.462244
0.462231
0.462275
0.462153
0.462198
0.462204
0.462223
0.462195
0.462236
0.462412
0.462454
0.462436
0.462532
0.462507
0.462504
0.46255
0.462566
0.462628
0.462621
0.462643
0.462672
0.46273
0.46274
0.462698
0.462676
0.462728
0.462762
0.462729
0.46277
0.462863
0.462928
0.462937
0.462984
0.462894
0.462893
0.463034
0.46301
0.463122
0.463234
0.463311
0.463321
0.463366
0.463457
0.463499
0.463554
0.463514
0.463541
0.463594
0.463604
0.463637
0.463602
0.463562
0.463574
0.463629
0.463733
0.463767
0.463848
0.463907
0.463904
0.463904
0.463892
0.463947
0.463964
0.464103
0.464159
0.464056
0.464093
0.464019
0.464093
0.464105
0.464115
0.464219
0.464288
0.464268
0.464302
0.464305
0.464353
0.46437
0.464425
0.464519
0.464544
0.464494
0.464435
0.464497
0.464507
0.464546
0.464605
0.46457
0.46452
0.464556
0.464486
0.464473
0.464513
0.464623
0.464631
0.464654
0.46471
0.464695
0.464666
0.464763
0.464791
0.464721
0.464771
0.464789
0.464762
0.464725
0.464775
0.464791
0.464821
0.464894
0.464914
0.464934
0.464977
0.465028
0.46506
0.46508
0.465062
0.465109
0.465031
0.465004
0.465029
0.46505
0.46511
0.465143
0.465126
0.46517
0.465261
0.465277
0.465339
0.465421
0.465448
0.465449
0.465482
0.465546
0.46551
0.465484
0.465447
0.465443
0.46551
0.4655
0.465425
0.465395
0.465424
0.465458
0.465475
0.465584
0.465575
0.465612
0.465581
0.465747
0.465767
0.465807
0.465935
0.46591
0.465874
0.465913
0.466064
0.466111
0.466097
0.466138
0.466139
0.466111
0.466094
0.466084
0.46614
0.466168
0.466157
0.466199
0.466262
0.466362
0.466419
0.466431
0.466537
0.466639
0.466719
0.46676
0.46685
0.466891
0.466935
0.466947
0.466924
0.466952
0.466938
0.466993
0.466948
0.467041
0.46712
0.467162
0.467207
0.467274
0.467287
0.467337
0.467376
0.467414
0.467341
0.467388
0.467328
0.467381
0.467393
0.467382
0.467369
0.467347
0.467337
0.467344
0.467407
0.467384
0.467386
0.467455
0.467485
0.467556
0.467574
0.467586
0.467585
0.467533
0.467574
0.467598
0.46759
0.467632
0.467648
0.467678
0.467654
0.467704
0.467707
0.467705
0.467703
0.467684
0.467688
0.467728
0.467846
0.467902
0.467982
0.467939
0.467889
0.467915
0.467988
0.467903
0.467955
0.467904
0.467874
0.467879
0.467939
0.467986
0.468084
0.468178
0.468255
0.468248
0.468253
0.468297
0.468258
0.468305
0.468346
0.468325
0.468394
0.468407
0.468381
0.468394
0.468401
0.468481
0.468516
0.46858
0.468597
0.468622
0.468578
0.468548
0.468581
0.468612
0.468655
0.468678
0.468672
0.468722
0.468731
0.46864
0.468639
0.468626
0.468622
0.468578
0.468675
0.468685
0.468703
0.468683
0.468755
0.468733
0.46873
0.468714
0.468708
0.468724
0.468712
0.468779
0.468797
0.468748
0.468741
0.468728
0.468673
0.468667
0.468688
0.468732
0.468761
0.46875
0.468827
0.468816
0.468797
0.468832
0.468893
0.468845
0.46889
0.468942
0.468939
0.468878
0.468885
0.46893
0.468935
0.469011
0.469058
0.469049
0.469047
0.469055
0.469047
0.469071
0.469048
0.469077
0.469014
0.469011
0.468998
0.468956
0.468909
0.468842
0.468847
0.468925
0.468923
0.468968
0.469114
0.469043
0.469066
0.469078
0.469077
0.469119
0.469161
0.469207
0.469245
0.469294
0.469302
0.469311
0.4693
0.469344
0.469431
0.469472
0.469528
0.469534
0.469535
0.46951
0.469529
0.469498
0.469553
0.469512
0.469504
0.469432
0.469491
0.46949
0.469386
0.469331
0.469319
0.469276
0.46921
0.46922
0.469203
0.469198
0.469183
0.469177
0.46905
0.468986
0.468964
0.468896
0.468896
0.468864
0.468849
0.468795
0.468846
0.468819
0.468779
0.468788
0.468759
0.468682
0.468693
0.468647
0.468573
0.468487
0.46843
0.468341
0.468295
0.468176
0.468149
0.468109
0.468099
0.468054
0.468006
0.46801
0.467944
0.467878
0.467845
0.4678
0.46773
0.467743
0.467701
0.467686
0.467678
0.467595
0.467626
0.467584
0.467563
0.467531
0.467464
0.467437
0.467366
0.467294
0.467236
0.467237
0.467224
0.467224
0.467232
0.467216
0.467217
0.467187
0.467128
0.467123
0.467093
0.467046
0.46699
0.466916
0.466906
0.46686
0.466825
0.466803
0.466743
0.466706
0.466655
0.466596
0.466535
0.46648
0.466416
0.466385
0.466355
0.466318
0.466219
0.466196
0.466199
0.466169
0.466151
0.466194
0.466162
0.466147
0.466112
0.466044
0.466057
0.466059
0.466068
0.466045
0.466002
0.465999
0.465974
0.466008
0.465983
0.465942
0.465961
0.465897
0.465882
0.465793
0.465753
0.465706
0.465704
0.465677
0.465663
0.465639
0.465652
0.465623
0.465596
0.465507
0.465451
0.465434
0.465415
0.465376
0.465378
0.465365
0.465301
0.465226
0.465229
0.465191
0.465182
0.465239
0.465229
0.465243
0.465253
0.465301
0.465387
0.465408
0.465413
0.465374
0.465356
0.465413
0.465408
0.465444
0.465409
0.465386
0.465476
0.465502
0.465482
0.465479
0.46548
0.465495
0.465534
0.465585
0.465587
0.465649
0.46572
0.465724
0.465718
0.465711
0.465744
0.465745
0.465752
0.465761
0.465797
0.465761
0.465784
0.465755
0.465756
0.465766
0.465801
0.465857
0.465868
0.465871
0.465931
0.465924
0.465961
0.465973
0.46602
0.466028
0.466033
0.466043
0.46608
0.466111
0.466104
0.466121
0.466144
0.466145
0.466174
0.466173
0.466212
0.466188
0.466236
0.466247
0.466238
0.46622
0.466227
0.466222
0.466193
0.466206
0.466259
0.466344
0.46637
0.466396
0.466347
0.46637
0.466389
0.466433
0.466464
0.466497
0.466554
0.466551
0.466629
0.466616
0.466651
0.46669
0.466727
0.466752
0.466813
0.466848
0.466881
0.466911
0.466951
0.46694
0.466996
0.467009
0.467025
0.466998
0.46701
0.467006
0.467015
0.466997
0.466996
0.466969
0.466962
0.466933
0.466845
0.466829
0.466832
0.466767
0.466709
0.466672
0.466661
0.466679
0.466595
0.466539
0.466514
0.466464
0.466486
0.466453
0.466394
0.466384
0.466363
0.466349
0.466296
0.466262
0.466251
0.466216
0.466203
0.466219
0.466237
0.466223
0.466223
0.466216
0.46623
0.466233
0.466208
0.466168
0.466184
0.466199
0.466163
0.466096
0.466128
0.466081
0.466065
0.466021
0.466025
0.466035
0.466033
0.465978
0.465928
0.465893
0.465892
0.465856
0.465822
0.465863
0.465821
0.465832
0.465836
0.465823
0.465791
0.465786
0.465768
0.465694
0.465676
0.465618
0.465543
0.465482
0.465464
0.465485
0.465469
0.465474
0.465469
0.465353
0.465346
0.465319
0.46531
0.465354
0.465369
0.465322
0.465273
0.46525
0.465192
0.465158
0.465155
0.465152
0.465142
0.465084
0.465059
0.46507
0.465074
0.465043
0.464963
0.464893
0.46484
0.464819
0.464765
0.46475
0.46472
0.464731
0.464674
0.464667
0.46465
0.464688
0.464683
0.464598
0.464565
0.464558
0.464583
0.464578
0.4646
0.464576
0.464571
0.464556
0.46458
0.464597
0.464612
0.46461
0.464617
0.464598
0.464608
0.464641
0.464648
0.4647
0.464656
0.464665
0.464735
0.464779
0.464754
0.4648
0.464833
0.464868
0.464901
0.464927
0.464958
0.464976
0.464979
0.465
0.465054
0.465015
0.464999
0.465006
0.464998
0.46498
0.464943
0.465
0.464992
0.465026
0.465007
0.465016
0.464992
0.465024
0.464993
0.465013
0.465058
0.465062
0.465028
0.464991
0.464987
0.464961
0.464964
0.464971
0.465033
0.46504
0.465028
0.465046
0.465043
0.465046
0.465039
0.465039
0.465019
0.465082
0.46508
0.465127
0.465091
0.465093
0.465146
0.465133
0.465193
0.465247
0.465265
0.465265
0.465269
0.465278
0.46528
0.465286
0.465292
0.465284
0.465317
0.465305
0.465344
0.465344
0.465392
0.465382
0.465453
0.465458
0.465449
0.465509
0.465521
0.465562
0.465604
0.465596
0.465625
0.465641
0.465659
0.465707
0.46575
0.465731
0.465722
0.465692
0.465695
0.465722
0.46577
0.46577
0.465828
0.465869
0.465833
0.465864
0.465866
0.465878
0.465914
0.466004
0.466028
0.466067
0.466107
0.466174
0.46619
0.466214
0.466244
0.466243
0.466244
0.466222
0.46628
0.466284
0.466332
0.466387
0.466404
0.466442
0.466486
0.46647
0.466552
0.466535
0.466613
0.46662
0.466647
0.466666
0.466704
0.466701
0.466717
0.466739
0.466761
0.466749
0.466773
0.466784
0.466833
0.466865
0.466846
0.466857
0.466851
0.466865
0.466887
0.466913
0.466928
0.466933
0.466934
0.466954
0.466997
0.467024
0.46707
0.467079
0.467123
0.467119
0.46714
0.467161
0.467181
0.46717
0.467159
0.467201
0.467218
0.467219
0.467234
0.467295
0.467343
0.467333
0.467309
0.467332
0.467367
0.467376
0.467353
0.46733
0.467311
0.467263
0.467299
0.467264
0.467241
0.467196
0.467178
0.467128
0.467101
0.467093
0.467068
0.467063
0.467051
0.467032
0.467041
0.467052
0.467006
0.466959
0.466929
0.466968
0.466977
0.466989
0.466943
0.46692
0.466919
0.466929
0.466909
0.466899
0.466883
0.466859
0.46681
0.466809
0.466779
0.46678
0.466787
0.46675
0.466711
0.466686
0.466668
0.466681
0.466663
0.466657
0.466619
0.466624
0.466638
0.466658
0.466599
0.466592
0.466596
0.466575
0.466572
0.466608
0.466605
0.46662
0.4666
0.466627
0.466612
0.466593
0.466598
0.466581
0.466593
0.466565
0.466587
0.466551
0.466527
0.466459
0.466443
0.466427
0.46644
0.466427
0.466425
0.466413
0.466416
0.466391
0.466384
0.466339
0.466295
0.46626
0.466241
0.466243
0.466186
0.466185
0.466177
0.466134
0.466104
0.466099
0.466091
0.466061
0.466005
0.46598
0.465955
0.465918
0.465894
0.4659
0.465895
0.465876
0.465837
0.465856
0.465855
0.465864
0.465845
0.465845
0.465861
0.465846
0.465851
0.46584
0.46581
0.465768
0.465794
0.465844
0.465849
0.465845
0.465839
0.465822
0.465817
0.465788
0.465748
0.465726
0.465702
0.465686
0.465693
0.465693
0.465659
0.465615
0.465592
0.465556
0.465514
0.465501
0.465429
0.465434
0.465453
0.465464
0.465508
0.465501
0.465466
0.465425
0.465401
0.465386
0.46541
0.465415
0.465408
0.465395
0.465382
0.465431
0.465424
0.465498
0.465493
0.465499
0.465505
0.465566
0.46555
0.465575
0.465614
0.46564
0.465683
0.465714
0.465731
0.465777
0.465821
0.465825
0.465857
0.465856
0.465849
0.465883
0.465901
0.465923
0.465978
0.466001
0.466008
0.46603
0.466059
0.466071
0.466123
0.466128
0.466119
0.466157
0.466189
0.466184
0.466211
0.466229
0.466238
0.466251
0.466285
0.466316
0.466357
0.466354
0.466353
0.466355
0.466357
0.466355
0.466362
0.466382
0.466417
0.466435
0.466434
0.466439
0.466402
0.466369
0.466376
0.466396
0.466411
0.466473
0.466531
0.466519
0.466481
0.466505
0.466533
0.466528
0.466476
0.466445
0.466465
0.466481
0.466479
0.466476
0.466483
0.466498
0.466456
0.466421
0.466408
0.466388
0.466394
0.466388
0.466379
0.466342
0.466351
0.466355
0.466314
0.46629
0.466272
0.466231
0.466201
0.466191
0.466187
0.466182
0.466192
0.466168
0.466175
0.46613
0.466118
0.466101
0.466071
0.466059
0.466032
0.465987
0.465976
0.465931
0.465912
0.465884
0.46581
0.465823
0.465784
0.465789
0.465779
0.465784
0.465768
0.465725
0.465732
0.465733
0.465726
0.465717
0.465692
0.465664
0.465659
0.465659
0.465654
0.465641
0.465628
0.465612
0.465608
0.465637
0.465603
0.465606
0.465595
0.465608
0.46559
0.465606
0.465589
0.465571
0.465549
0.465503
0.465506
0.465532
0.465512
0.46551
0.465517
0.465503
0.465466
0.465472
0.465463
0.465442
0.4654
0.465389
0.465388
0.46541
0.465402
0.465388
0.465337
0.465331
0.465298
0.465267
0.465247
0.465234
0.465197
0.465184
0.465159
0.465178
0.465168
0.465139
0.465121
0.465097
0.465063
0.465022
0.46499
0.464961
0.464949
0.464952
0.464924
0.464967
0.46494
0.464923
0.464919
0.464886
0.464818
0.464803
0.464755
0.464723
0.464726
0.464688
0.464652
0.464632
0.464625
0.464623
0.464636
0.464623
0.464614
0.464604
0.46459
0.464627
0.464616
0.464603
0.464591
0.464596
0.464609
0.4646
0.464569
0.464559
0.464562
0.464528
0.46449
0.464496
0.464488
0.464484
0.464467
0.464451
0.46442
0.464369
0.464368
0.464338
0.464283
0.46429
0.464271
0.464296
0.464294
0.464246
0.464209
0.464249
0.46422
0.464231
0.464186
0.46419
0.464164
0.464208
0.464198
0.464169
0.464155
0.464112
0.464063
0.464015
0.464008
0.464019
0.464015
0.464016
0.464015
0.464035
0.464018
0.464034
0.464035
0.464027
0.464023
0.464035
0.464058
0.464057
0.46408
0.464076
0.464079
0.464067
0.464051
0.464055
0.46401
0.464011
0.464012
0.463988
0.463997
0.463999
0.463972
0.463968
0.463926
0.463867
0.463875
0.4639
0.463899
0.463877
0.463844
0.463843
0.463783
0.463792
0.463797
0.46381
0.463763
0.463718
0.463684
0.463688
0.463672
0.463672
0.463635
0.463624
0.463603
0.463599
0.46359
0.463534
0.463514
0.463504
0.463498
0.463489
0.463463
0.463445
0.463418
0.463404
0.463424
0.463436
0.463451
0.463462
0.46348
0.463474
0.463446
0.463432
0.463416
0.463375
0.463365
0.46334
0.463367
0.463369
0.463328
0.463303
0.46332
0.463306
0.46329
0.463268
0.463284
0.463282
0.463309
0.46332
0.463299
0.463274
0.463255
0.463229
0.463209
0.463212
0.463202
0.463181
0.463188
0.463173
0.463149
0.463148
0.463148
0.463153
0.46313
0.463123
0.463116
0.463086
0.463072
0.463081
0.463087
0.463093
0.463077
0.463063
0.46306
0.463036
0.463009
0.463006
0.46298
0.462965
0.462946
0.462949
0.462954
0.46297
0.462961
0.462967
0.462963
0.462937
0.462959
0.462995
0.46301
0.463034
0.463034
0.463082
0.463107
0.463166
0.463151
0.463179
0.463188
0.463209
0.463255
0.463259
0.463293
0.463309
0.463388
0.463411
0.463433
0.463441
0.463453
0.463465
0.463523
0.463531
0.463542
0.463555
0.463556
0.463546
0.463554
0.46357
0.463613
0.463639
0.463652
0.463654
0.463653
0.463682
0.463656
0.463687
0.463716
0.463722
0.463732
0.463766
0.463762
0.463778
0.463797
0.463807
0.463847
0.463859
0.463906
0.463933
0.463925
0.46394
0.463946
0.463979
0.463984
0.464012
0.464055
0.464087
0.464103
0.464155
0.46415
0.464129
0.464126
0.46411
0.464114
0.464127
0.464181
0.464222
0.464208
0.464242
0.464277
0.464267
0.464296
0.464326
0.464342
0.464343
0.46433
0.464326
0.46434
0.464359
0.464381
0.464392
0.464393
0.464398
0.464401
0.464417
0.464424
0.464416
0.464444
0.464442
0.464468
0.464525
0.464558
0.464536
0.464543
0.464545
0.464566
0.46459
0.464585
0.464652
0.464638
0.464634
0.464627
0.464633
0.464616
0.464603
0.464602
0.464597
0.464619
0.46466
0.46469
0.464683
0.464716
0.464738
0.464732
0.464764
0.464809
0.464858
0.464883
0.464895
0.464892
0.464903
0.464912
0.464959
0.464972
0.464977
0.464982
0.464993
0.464991
0.464988
0.464987
0.465017
0.46506
0.465107
0.465141
0.465171
0.465196
0.465208
0.465181
0.465201
0.465172
0.465178
0.4652
0.465252
0.465274
0.465308
0.465277
0.46532
0.465343
0.465379
0.465392
0.465396
0.465396
0.46542
0.465438
0.465472
0.465474
0.46548
0.465509
0.465513
0.465531
0.465526
0.46552
0.465542
0.465519
0.465542
0.465562
0.465576
0.465581
0.465604
0.46562
0.46561
0.465622
0.465665
0.465683
0.465692
0.4657
0.465719
0.465737
0.465745
0.465746
0.465766
0.46575
0.465791
0.465813
0.465819
0.46585
0.465878
0.465905
0.465938
0.465971
0.465991
0.46597
0.465992
0.466005
0.466031
0.466058
0.466057
0.466086
0.466107
0.466109
0.466141
0.466176
0.466167
0.46616
0.466181
0.466186
0.466204
0.466222
0.466241
0.466256
0.46628
0.466246
0.466251
0.46628
0.466279
0.466303
0.466323
0.46635
0.466378
0.466395
0.466393
0.466399
0.466404
0.466415
0.466406
0.46641
0.46641
0.466419
0.466417
0.46641
0.466423
0.466398
0.466421
0.466423
0.466425
0.466426
0.466425
0.466436
0.466436
0.466451
0.466456
0.466425
0.466439
0.46646
0.466464
0.466492
0.466515
0.466517
0.466528
0.46654
0.466555
0.466584
0.466601
0.466596
0.466609
0.466618
0.466625
0.46663
0.466644
0.466669
0.466663
0.466671
0.466675
0.466699
0.466709
0.466728
0.466751
0.466764
0.46676
0.466757
0.466787
0.466822
0.466822
0.466815
0.466823
0.466802
0.466819
0.466838
0.466836
0.46685
0.466881
0.466896
0.466914
0.466896
0.466881
0.466864
0.466898
0.466898
0.466895
0.466899
0.466894
0.466889
0.466879
0.466884
0.466905
0.466926
0.466952
0.466968
0.466974
0.467009
0.466985
0.466977
0.466996
0.467042
0.467084
0.467088
0.467095
0.467108
0.467106
0.467126
0.467154
0.467179
0.467206
0.467242
0.467228
0.467248
0.467263
0.467274
0.467307
0.467313
0.467331
0.467336
0.467336
0.46731
0.467306
0.467316
0.467339
0.467352
0.467387
0.467409
0.467429
0.467432
0.467432
0.467426
0.467429
0.467429
0.467467
0.467463
0.467464
0.467497
0.467499
0.467463
0.467453
0.467469
0.46748
0.467492
0.46749
0.467476
0.467509
0.467521
0.467526
0.467539
0.467511
0.467508
0.467501
0.467491
0.467498
0.467501
0.467518
0.467518
0.467546
0.467554
0.467568
0.467583
0.467564
0.467582
0.467588
0.46759
0.467604
0.467639
0.467636
0.467654
0.467677
0.467711
0.467721
0.467733
0.467769
0.467768
0.467771
0.467775
0.46779
0.467809
0.467808
0.467814
0.46784
0.467862
0.467875
0.467861
0.467889
0.467911
0.467925
0.467938
0.467978
0.468012
0.468019
0.468028
0.468002
0.467995
0.468026
0.468022
0.468045
0.468049
0.468079
0.46809
0.468078
0.468088
0.468106
0.468132
0.468143
0.468129
0.468133
0.468164
0.468198
0.468209
0.468203
0.468211
0.468228
0.46821
0.46822
0.46824
0.46825
0.468271
0.468277
0.468294
0.46829
0.468296
0.468311
0.468329
0.468329
0.468318
0.468323
0.46834
0.468346
0.468366
0.468366
0.46836
0.468353
0.468355
0.468374
0.468384
0.468413
0.468436
0.468433
0.468436
0.468446
0.468436
0.468455
0.468491
0.468507
0.46851
0.46852
0.46853
0.468554
0.468588
0.4686
0.468635
0.468663
0.468676
0.468683
0.468723
0.468739
0.468742
0.468789
0.468823
0.468826
0.46883
0.468852
0.468858
0.468864
0.46889
0.468905
0.468892
0.46892
0.468941
0.468958
0.46895
0.468976
0.46898
0.468987
0.468984
0.468989
0.468989
0.468986
0.46898
0.468983
0.469
0.469004
0.468999
0.469013
0.469028
0.469044
0.469082
0.469087
0.469108
0.469111
0.469139
0.469131
0.469159
0.469193
0.469194
0.469202
0.469221
0.469236
0.469232
0.469243
0.469241
0.469255
0.469239
0.469222
0.469225
0.469216
0.46923
0.46923
0.469252
0.469261
0.469271
0.46929
0.469275
0.469302
0.469316
0.469358
0.469356
0.469376
0.469399
0.469435
0.469472
0.469474
0.469495
0.469513
0.469528
0.469564
0.469589
0.469603
0.469619
0.469625
0.469654
0.469656
0.469685
0.469701
0.46972
0.469735
0.469743
0.469786
0.469834
0.469852
0.469876
0.469888
0.469912
0.469935
0.469948
0.469944
0.469947
0.469983
0.470008
0.470042
0.470062
0.470065
0.470046
0.470058
0.470064
0.470084
0.470075
0.470084
0.470114
0.470138
0.47017
0.470191
0.4702
0.470226
0.470242
0.470267
0.470294
0.470335
0.470352
0.470389
0.470405
0.470411
0.470404
0.470399
0.470399
0.470418
0.470421
0.470435
0.47043
0.470449
0.470449
0.47047
0.470483
0.470481
0.470485
0.470489
0.470468
0.470482
0.470472
0.470476
0.470479
0.470504
0.47051
0.470516
0.470523
0.470546
0.470557
0.470554
0.470563
0.470549
0.470569
0.470583
0.470607
0.470591
0.470616
0.470652
0.470657
0.470671
0.470671
0.470699
0.470722
0.470738
0.470759
0.470771
0.470797
0.470796
0.470807
0.470818
0.47084
0.470836
0.470842
0.470872
0.470898
0.47092
0.470939
0.470956
0.470961
0.470987
0.470984
0.471002
0.471008
0.471032
0.471055
0.471075
0.471103
0.471103
0.471124
0.471134
0.47113
0.471121
0.471115
0.471107
0.471081
0.471081
0.471085
0.471096
0.471096
0.471089
0.471081
0.471108
0.471111
0.471119
0.471135
0.471158
0.471165
0.471165
0.471164
0.471172
0.471169
0.471184
0.471197
0.471195
0.471214
0.471205
0.471183
0.471193
0.471227
0.471237
0.471262
0.471276
0.471299
0.471308
0.471321
0.471312
0.471321
0.471353
0.471401
0.471424
0.471443
0.471448
0.471443
0.47144
0.471467
0.471483
0.47147
0.47147
0.47147
0.471476
0.471486
0.471502
0.471504
0.471506
0.471509
0.471511
0.471497
0.471498
0.471507
0.471531
0.471531
0.471528
0.471543
0.471551
0.471569
0.47157
0.471551
0.471528
0.471543
0.471582
0.47159
0.471598
0.471627
0.471648
0.471667
0.47167
0.471667
0.471667
0.471667
0.471658
0.471664
0.471662
0.47168
0.471706
0.47173
0.471744
0.471754
0.471759
0.471764
0.471772
0.471785
0.471817
0.471817
0.471816
0.471816
0.471835
0.471852
0.471856
0.471863
0.471879
0.471887
0.47189
0.471885
0.471879
0.47186
0.471873
0.471886
0.47187
0.471866
0.471884
0.471898
0.471904
0.471923
0.471929
0.47194
0.47196
0.471951
0.47195
0.471963
0.471975
0.471984
0.47199
0.471984
0.472026
0.472021
0.472037
0.472049
0.472062
0.472073
0.47207
0.472071
0.472087
0.472101
0.472098
0.472099
0.472098
0.472092
0.472096
0.472095
0.472097
0.472119
0.472113
0.472122
0.472141
0.472152
0.472165
0.472181
0.472192
0.472198
0.472217
0.472234
0.472243
0.472243
0.472256
0.472281
0.472287
0.472297
0.4723
0.472315
0.472305
0.472358
0.472394
0.472411
0.472437
0.472454
0.472467
0.472492
0.472497
0.472517
0.472539
0.472561
0.472579
0.472603
0.472616
0.472616
0.472648
0.472665
0.47268
0.472705
0.472715
0.472717
0.472711
0.472735
0.472734
0.47276
0.472798
0.472819
0.47285
0.472869
0.472851
0.472856
0.472861
0.472869
0.472862
0.472859
0.472902
0.472916
0.472919
0.472939
0.472923
0.472929
0.472952
0.472949
0.472944
0.472958
0.472989
0.473008
0.473004
0.473016
0.473011
0.473029
0.473045
0.473047
0.473063
0.473084
0.473084
0.473087
0.473097
0.473104
0.473095
0.473089
0.47307
0.473062
0.473049
0.47303
0.473009
0.473009
0.472996
0.473001
0.472978
0.472953
0.472928
0.472911
0.472916
0.472906
0.472927
0.47294
0.472963
0.472943
0.472955
0.472933
0.47295
0.472963
0.472963
0.472974
0.472996
0.472998
0.472994
0.473008
0.473035
0.47303
0.473045
0.473051
0.473049
0.473042
0.473042
0.473052
0.473075
0.473109
0.47313
0.473128
0.473147
0.473161
0.473172
0.473186
0.473189
0.473205
0.473215
0.473217
0.473206
0.473207
0.473197
0.473202
0.473212
0.473217
0.473238
0.473257
0.473264
0.473263
0.473248
0.473255
0.473272
0.473284
0.473303
0.473325
0.473313
0.473324
0.473338
0.473341
0.473347
0.473376
0.473382
0.473399
0.473408
0.47341
0.473424
0.473454
0.473471
0.473466
0.473477
0.473471
0.47349
0.47349
0.473489
0.473498
0.473517
0.473513
0.473547
0.473563
0.473565
0.473586
0.473585
0.473613
0.473599
0.473606
0.473609
0.473613
0.473648
0.473643
0.473648
0.473653
0.473678
0.473675
0.473679
0.473701
0.47372
0.473721
0.473728
0.473732
0.473747
0.473754
0.473757
0.473764
0.473763
0.473776
0.473774
0.473793
0.47381
0.473804
0.473787
0.473786
0.473764
0.473779
0.473788
0.473764
0.473751
0.473765
0.473769
0.473768
0.473776
0.473781
0.47379
0.473788
0.473816
0.473829
0.473851
0.473856
0.473863
0.473867
0.473879
0.473892
0.473934
0.473932
0.473946
0.47397
0.473972
0.473976
0.473983
0.473986
0.473968
0.473963
0.473974
0.473981
0.473979
0.473973
0.47397
0.473969
0.473975
0.473984
0.473985
0.473989
0.474
0.474016
0.474035
0.474061
0.474058
0.474064
0.474101
0.474103
0.474116
0.47414
0.474148
0.474172
0.474182
0.474185
0.474202
0.47421
0.474224
0.474241
0.474259
0.47426
0.474268
0.474283
0.474285
0.474288
0.474291
0.474305
0.474302
0.474311
0.47433
0.474349
0.474338
0.474318
0.474319
0.474316
0.474326
0.474332
0.474357
0.474363
0.47435
0.474379
0.474382
0.474385
0.474412
0.47442
0.474426
0.474436
0.474455
0.474447
0.474457
0.474484
0.474503
0.474512
0.474513
0.474535
0.474518
0.474512
0.474517
0.474535
0.474558
0.474562
0.474576
0.474589
0.474579
0.474596
0.474597
0.474604
0.474609
0.474605
0.474573
0.474564
0.474558
0.474541
0.474512
0.474521
0.474521
0.474504
0.474504
0.47447
0.474458
0.474403
0.474408
0.474391
0.474387
0.474363
0.474367
0.474345
0.474337
0.474297
0.474277
0.474267
0.47424
0.474218
0.474185
0.474193
0.474171
0.47415
0.474134
0.474109
0.474101
0.474078
0.474067
0.474047
0.474045
0.474011
0.473986
0.473982
0.473972
0.473973
0.473983
0.473971
0.473951
0.473936
0.473932
0.473906
0.473911
0.473892
0.473879
0.473849
0.473856
0.473832
0.473845
0.47383
0.473821
0.473818
0.473818
0.473804
0.473783
0.473791
0.473786
0.473785
0.473765
0.473767
0.473772
0.473768
0.47375
0.473751
0.473737
0.473728
0.473726
0.473701
0.473687
0.473673
0.473663
0.47363
0.473634
0.473618
0.473595
0.473573
0.47355
0.473547
0.473547
0.473525
0.473496
0.473496
0.473503
0.473488
0.473472
0.473484
0.473468
0.473442
0.473421
0.47341
0.473398
0.473398
0.473394
0.473384
0.473368
0.473365
0.473348
0.473362
0.473352
0.473335
0.473336
0.47335
0.473355
0.473352
0.473341
0.473325
0.473312
0.473297
0.473274
0.473265
0.473268
0.473252
0.473257
0.47327
0.473264
0.473237
0.473232
0.47322
0.473202
0.473196
0.473174
0.47317
0.473168
0.473174
0.47318
0.473161
0.473147
0.473126
0.473111
0.473101
0.47309
0.473086
0.473093
0.473084
0.473087
0.473059
0.473032
0.473023
0.473011
0.473003
0.473008
0.473013
0.473025
0.473013
0.473019
0.473019
0.473018
0.473007
0.473005
0.473024
0.473004
0.472994
0.472986
0.472977
0.472975
0.472957
0.472958
0.472964
0.472972
0.472965
0.472971
0.472986
0.472992
0.473001
0.473011
0.473022
0.473043
0.473064
0.473071
0.473075
0.473077
0.47309
0.473094
0.473102
0.47311
0.473111
0.473117
0.473132
0.473136
0.473127
0.473121
0.473117
0.473114
0.473115
0.473103
0.473115
0.473133
0.473146
0.473172
0.473176
0.473181
0.473209
0.473232
0.473243
0.473241
0.473243
0.473264
0.473267
0.473279
0.473314
0.473336
0.473336
0.47334
0.473348
0.473348
0.473358
0.473378
0.47337
0.473396
0.473404
0.473414
0.473404
0.473408
0.473423
0.473418
0.473435
0.473441
0.473449
0.473477
0.473502
0.473519
0.473533
0.473541
0.473549
0.473556
0.473573
0.473575
0.473595
0.473602
0.473612
0.473614
0.473629
0.47364
0.473643
0.473647
0.473654
0.473662
0.473644
0.473644
0.473666
0.47367
0.473675
0.473678
0.473681
0.473674
0.473686
0.473694
0.473703
0.473685
0.473709
0.473716
0.473732
0.473739
0.473728
0.473743
0.473762
0.473769
0.473777
0.473788
0.473798
0.473799
0.473808
0.473843
0.473847
0.473863
0.473868
0.473874
0.473893
0.47391
0.47391
0.473918
0.473922
0.473925
0.47393
0.47396
0.473945
0.473959
0.473954
0.473938
0.473944
0.473935
0.473939
0.473959
0.473962
0.473969
0.473965
0.473978
0.473986
0.473996
0.474017
0.474006
0.474014
0.47402
0.474026
0.47404
0.474036
0.474036
0.474041
0.474034
0.474061
0.474096
0.474085
0.474119
0.474115
0.474117
0.474135
0.474137
0.474132
0.474126
0.474116
0.474112
0.474118
0.474125
0.474131
0.474145
0.474159
0.474157
0.474173
0.474178
0.474179
0.474191
0.474214
0.474222
0.474213
0.474213
0.474219
0.474221
0.474221
0.474227
0.47422
0.474217
0.474223
0.47424
0.474252
0.474257
0.474269
0.47426
0.474258
0.474256
0.474258
0.47426
0.474257
0.474268
0.474269
0.474264
0.474263
0.474278
0.474283
0.474284
0.47428
0.474296
0.474303
0.474284
0.474296
0.474306
0.474319
0.474317
0.474344
0.474342
0.474361
0.474388
0.474411
0.474425
0.474417
0.474389
0.474391
0.474401
0.474407
0.474412
0.474445
0.474461
0.47447
0.474487
0.474477
0.474495
0.474508
0.474512
0.474517
0.474521
0.474527
0.474532
0.474528
0.474518
0.474539
0.474552
0.474562
0.474553
0.474554
0.474561
0.474562
0.474588
0.474591
0.474593
0.474577
0.474578
0.474558
0.474536
0.474549
0.474539
0.474526
0.47452
0.474524
0.474541
0.474534
0.474554
0.474546
0.474562
0.474581
0.474595
0.474613
0.474607
0.474616
0.474601
0.474589
0.474581
0.474623
0.474624
0.474626
0.474646
0.474654
0.474643
0.47465
0.474672
0.474694
0.474709
0.474712
0.474725
0.474744
0.47477
0.474805
0.474806
0.4748
0.474815
0.474832
0.474838
0.474861
0.474882
0.474889
0.474891
0.474894
0.474887
0.474875
0.474874
0.474858
0.474868
0.474883
0.474909
0.474923
0.474927
0.474944
0.474969
0.474975
0.474979
0.474986
0.474997
0.475019
0.475039
0.475042
0.475055
0.475066
0.475079
0.475091
0.475081
0.475079
0.475075
0.475083
0.4751
0.475116
0.475129
0.475137
0.47517
0.475171
0.475171
0.475188
0.475194
0.475215
0.475215
0.475216
0.475224
0.475232
0.475244
0.475256
0.475265
0.475277
0.475286
0.475277
0.475287
0.475291
0.475283
0.475297
0.475301
0.475299
0.475284
0.475299
0.475317
0.475328
0.475332
0.475346
0.475346
0.475363
0.475377
0.475394
0.475407
0.475416
0.475437
0.475428
0.475428
0.475436
0.475437
0.47546
0.475479
0.475494
0.475508
0.475507
0.47553
0.475553
0.475581
0.475591
0.475598
0.475595
0.47561
0.475626
0.475639
0.475644
0.475671
0.475668
0.475675
0.47566
0.475644
0.47563
0.475621
0.475615
0.475614
0.475603
0.475595
0.475609
0.475616
0.475632
0.475615
0.475616
0.475605
0.475604
0.47561
0.47562
0.47562
0.475609
0.475609
0.475617
0.475627
0.475642
0.475637
0.475642
0.475647
0.475656
0.475672
0.475672
0.475686
0.475671
0.475668
0.475685
0.475701
0.475713
0.475732
0.475734
0.47575
0.475762
0.475788
0.475805
0.475818
0.475828
0.475811
0.475822
0.475851
0.475851
0.475866
0.475869
0.475894
0.475912
0.475925
0.475943
0.475946
0.475945
0.47595
0.475966
0.475974
0.475981
0.475987
0.475988
0.475982
0.475992
0.475995
0.476015
0.476018
0.476026
0.476043
0.476053
0.476079
0.476085
0.476101
0.476115
0.476144
0.476146
0.476156
0.476173
0.476176
0.476198
0.476188
0.4762
0.476217
0.476236
0.47623
0.476228
0.476237
0.476232
0.476234
0.476221
0.476216
0.476216
0.476226
0.476247
0.476243
0.476252
0.47625
0.476238
0.476243
0.476257
0.476269
0.476299
0.476299
0.476304
0.476289
0.47627
0.476262
0.476274
0.476288
0.476293
0.476288
0.476307
0.476309
0.476313
0.476297
0.476287
0.476272
0.476286
0.476278
0.476275
0.476271
0.476278
0.476268
0.476275
0.476279
0.476293
0.476287
0.476289
0.476301
0.476285
0.476266
0.476272
0.476279
0.476285
0.476295
0.476299
0.476293
0.476303
0.476309
0.476316
0.476356
0.476371
0.476376
0.476389
0.476409
0.476407
0.476423
0.476434
0.476435
0.476448
0.47646
0.476464
0.476461
0.476456
0.47647
0.476482
0.476482
0.476496
0.476505
0.476519
0.476515
0.476508
0.476501
0.47649
0.476478
0.476493
0.476497
0.476501
0.476507
0.476515
0.476519
0.476519
0.476547
0.476551
0.476571
0.476581
0.476598
0.47661
0.476623
0.476648
0.476664
0.476642
0.476658
0.476647
0.476645
0.476649
0.476666
0.476662
0.476675
0.476674
0.476679
0.476683
0.476687
0.476675
0.476691
0.476686
0.476684
0.476675
0.476679
0.476672
0.47668
0.476701
0.476699
0.476702
0.476706
0.476716
0.476717
0.476719
0.476733
0.476731
0.476735
0.476724
0.476723
0.476734
0.476744
0.476738
0.476753
0.476755
0.47676
0.476746
0.476748
0.476765
0.476779
0.476778
0.476794
0.476798
0.476791
0.476812
0.476823
0.47685
0.47686
0.47685
0.476867
0.476859
0.476864
0.476859
0.476875
0.476878
0.476882
0.476905
0.476916
0.476935
0.476925
0.476919
0.47693
0.476918
0.476912
0.476939
0.476935
0.476912
0.476899
0.476907
0.476909
0.476907
0.476908
0.476915
0.476925
0.476915
0.47692
0.476926
0.47693
0.476941
0.476945
0.476948
0.476957
0.476962
0.476955
0.476961
0.476982
0.476977
0.476966
0.476981
0.476985
0.47697
0.476969
0.476967
0.476965
0.476974
0.476971
0.476983
0.476993
0.476998
0.477004
0.477022
0.477021
0.477022
0.477028
0.477033
0.477053
0.477051
0.477047
0.477054
0.477057
0.477064
0.477068
0.477077
0.47709
0.477103
0.477113
0.477116
0.477139
0.477125
0.477137
0.47714
0.477134
0.477122
0.477133
0.477122
0.47713
0.477132
0.477138
0.477144
0.477168
0.477177
0.477176
0.477169
0.477158
0.477161
0.477154
0.477151
0.477154
0.477162
0.477163
0.477158
0.477169
0.477187
0.477183
0.477193
0.477198
0.477194
0.477205
0.47722
0.477233
0.477228
0.477231
0.477245
0.477249
0.477265
0.477252
0.477244
0.477254
0.477258
0.477259
0.477248
0.477254
0.477264
0.477271
0.477259
0.477247
0.477243
0.477248
0.477249
0.477247
0.477244
0.477241
0.477246
0.477253
0.477254
0.477255
0.477253
0.477253
0.477266
0.477271
0.477297
0.477296
0.477302
0.477306
0.47731
0.477317
0.477328
0.477342
0.477347
0.47735
0.477364
0.477379
0.477388
0.477394
0.47739
0.477392
0.477389
0.477396
0.477391
0.477398
0.477397
0.477405
0.477414
0.477425
0.477439
0.477458
0.477461
0.477476
0.477476
0.477488
0.477493
0.477489
0.477494
0.477502
0.477509
0.477509
0.47751
0.477499
0.477499
0.477503
0.47749
0.477475
0.47747
0.477475
0.47747
0.477482
0.477477
0.477472
0.477486
0.477481
0.47748
0.477488
0.477483
0.477483
0.477496
0.4775
0.477515
0.477543
0.477554
0.477566
0.477552
0.477551
0.477556
0.477563
0.477551
0.477555
0.477554
0.477558
0.477553
0.477556
0.477565
0.477582
0.477581
0.477569
0.47756
0.477556
0.477562
0.477554
0.477577
0.477591
0.477598
0.477631
0.477641
0.477643
0.47765
0.477672
0.477695
0.477703
0.477705
0.477715
0.477719
0.47772
0.477715
0.477704
0.477698
0.477702
0.477703
0.477714
0.477719
0.47772
0.477718
0.477718
0.477722
0.477721
0.477717
0.477725
0.477726
0.477726
0.477726
0.477732
0.477743
0.477749
0.477751
0.477753
0.477761
0.477768
0.477763
0.477755
0.477767
0.47778
0.477785
0.477777
0.477782
0.477792
