0.498462
0.517611
0.518887
0.505311
0.488513
0.495436
0.495633
0.49292
0.49235
0.491618
0.502231
0.503969
0.506147
0.508467
0.510612
0.511794
0.512013
0.511387
0.513426
0.515489
0.517657
0.517581
0.516664
0.516835
0.517592
0.519008
0.520353
0.521295
0.520999
0.522199
0.521319
0.521362
0.521321
0.520904
0.520759
0.520346
0.520294
0.520204
0.520883
0.520081
0.520545
0.520137
0.520703
0.52124
0.520849
0.520541
0.520817
0.52089
0.520329
0.521073
0.522416
0.522505
0.522976
0.523185
0.524158
0.525127
0.524304
0.524214
0.524625
0.52564
0.524317
0.524187
0.523624
0.523715
0.523313
0.52323
0.522624
0.522835
0.522557
0.52277
0.523358
0.523562
0.523986
0.524064
0.523478
0.524047
0.523594
0.523281
0.522739
0.522142
0.521806
0.521052
0.520479
0.520935
0.52091
0.521521
0.521655
0.521362
0.521788
0.521278
0.521782
0.521752
0.521869
0.522329
0.522357
0.522687
0.523117
0.523064
0.523019
0.523671
0.524259
0.524617
0.524772
0.524471
0.524184
0.524164
0.523975
0.524282
0.524636
0.524835
0.52494
0.524978
0.525111
0.525144
0.525254
0.52547
0.525409
0.525626
0.525838
0.525271
0.525474
0.525642
0.52586
0.525979
0.526063
0.526613
0.527131
0.52771
0.527908
0.527927
0.528081
0.528264
0.528418
0.528597
0.528811
0.528925
0.528974
0.528758
0.529062
0.528788
0.528894
0.529109
0.529194
0.529219
0.52912
0.529402
0.529184
0.529259
0.529236
0.529109
0.529057
0.529062
0.529075
0.529314
0.529757
0.529832
0.529799
0.529288
0.529362
0.529679
0.529937
0.529684
0.529653
0.529728
0.529914
0.529699
0.529734
0.52973
0.529927
0.529741
0.530061
0.530112
0.530285
0.53041
0.530453
0.530619
0.530706
0.531033
0.53117
0.531363
0.53153
0.531614
0.531778
0.531861
0.531924
0.532078
0.532067
0.531951
0.531947
0.531987
0.531811
0.531876
0.531938
0.532059
0.532163
0.532205
0.532182
0.532028
0.532141
0.532294
0.532421
0.532495
0.532545
0.532215
0.532175
0.532161
0.532199
0.532038
0.531971
0.531822
0.531764
0.531626
0.531755
0.531595
0.531697
0.531431
0.53136
0.53132
0.531446
0.531673
0.531979
0.531935
0.532012
0.53209
0.53218
0.532236
0.532114
0.532087
0.531924
0.532001
0.532091
0.532032
0.531986
0.53194
0.531849
0.531861
0.53191
0.532189
0.532204
0.532305
0.532254
0.532306
0.532286
0.532257
0.532316
0.532175
0.532321
0.532481
0.532453
0.532443
0.532413
0.532431
0.532405
0.532345
0.532337
0.532264
0.532255
0.532192
0.532276
0.532471
0.532485
0.532493
0.532374
0.532465
0.532297
0.532639
0.532655
0.532632
0.532652
0.532904
0.532977
0.532869
0.53297
0.532924
0.532875
0.532717
0.532695
0.532701
0.532703
0.532598
0.532642
0.532726
0.532682
0.532654
0.532516
0.532407
0.532288
0.532479
0.532422
0.532309
0.532291
0.532145
0.532181
0.532017
0.531894
0.53193
0.531867
0.531938
0.531929
0.531828
0.531912
0.531913
0.532119
0.53213
0.532282
0.532298
0.53237
0.532401
0.53254
0.532736
0.532765
0.532733
0.532727
0.532703
0.532677
0.532606
0.532505
0.532466
0.532449
0.532536
0.532421
0.532253
0.532296
0.532272
0.532156
0.532128
0.532131
0.531959
0.531961
0.532089
0.532104
0.532174
0.532034
0.532003
0.532141
0.532207
0.532088
0.532155
0.532012
0.531924
0.53191
0.531961
0.531963
0.531945
0.531879
0.531873
0.531831
0.532012
0.532104
0.532003
0.531963
0.532052
0.532116
0.532119
0.532063
0.532098
0.53202
0.53196
0.532008
0.532075
0.532155
0.532111
0.532056
0.532112
0.532178
0.532192
0.532189
0.532235
0.532279
0.532199
0.532159
0.53211
0.531915
0.531856
0.531928
0.531942
0.53193
0.531771
0.531716
0.531783
0.531907
0.531867
0.531901
0.531902
0.531928
0.531989
0.531946
0.531988
0.532169
0.532171
0.532287
0.532389
0.532474
0.532576
0.532626
0.532574
0.532613
0.532491
0.53246
0.532484
0.53255
0.532562
0.532598
0.532541
0.53262
0.532525
0.532499
0.532411
0.532266
0.53211
0.532071
0.532067
0.532003
0.532096
0.53219
0.532291
0.532263
0.532435
0.532393
0.532393
0.532433
0.532439
0.53234
0.532407
0.532383
0.53242
0.532525
0.532496
0.532529
0.532419
0.532489
0.532386
0.532547
0.532488
0.532463
0.532587
0.532476
0.532388
0.532207
0.532202
0.532126
0.532186
0.532167
0.532094
0.53208
0.532072
0.532094
0.532104
0.532069
0.53204
0.532045
0.531907
0.53191
0.531946
0.531828
0.531814
0.531808
0.531957
0.531911
0.532078
0.532163
0.532259
0.532271
0.532166
0.532193
0.532181
0.532348
0.532429
0.532421
0.532545
0.53252
0.53255
0.532667
0.532607
0.532565
0.532549
0.532514
0.532575
0.532708
0.532701
0.532641
0.532671
0.532673
0.532721
0.532697
0.532737
0.532755
0.532725
0.532758
0.532817
0.532864
0.532777
0.532771
0.532597
0.532537
0.532513
0.532596
0.532687
0.532685
0.532621
0.532657
0.532704
0.532736
0.53277
0.532817
0.532674
0.53265
0.532621
0.532606
0.532562
0.532541
0.532518
0.532507
0.5326
0.532583
0.53255
0.532456
0.532485
0.532367
0.532359
0.532308
0.532382
0.532462
0.532559
0.532588
0.532628
0.532743
0.532806
0.532925
0.533039
0.533099
0.533121
0.533191
0.533165
0.533137
0.533157
0.533214
0.533354
0.533364
0.53331
0.533227
0.533149
0.533092
0.533055
0.533092
0.533085
0.53314
0.533085
0.533027
0.533024
0.533083
0.533039
0.533041
0.533051
0.53299
0.53293
0.532837
0.53283
0.53278
0.532819
0.532834
0.5329
0.532964
0.532998
0.532896
0.532828
0.532837
0.532829
0.532823
0.532798
0.532709
0.53276
0.5328
0.532779
0.532738
0.532666
0.532701
0.532638
0.532597
0.532623
0.532663
0.53261
0.532631
0.532704
0.53269
0.532651
0.532655
0.532615
0.532647
0.532638
0.532612
0.532537
0.532429
0.532337
0.532305
0.532234
0.532199
0.532231
0.532166
0.532189
0.532169
0.532119
0.532204
0.532238
0.532263
0.532342
0.53234
0.532368
0.532363
0.532291
0.532242
0.53214
0.532108
0.532077
0.532051
0.531964
0.531877
0.531888
0.531809
0.531816
0.531825
0.53179
0.531856
0.531929
0.532031
0.532067
0.532141
0.532228
0.532281
0.532296
0.532286
0.532338
0.532301
0.532285
0.532265
0.532303
0.532272
0.53223
0.532239
0.532192
0.53213
0.53216
0.532224
0.532199
0.532276
0.5322
0.532268
0.532315
0.53238
0.532321
0.532282
0.53232
0.532396
0.532429
0.532488
0.532523
0.532592
0.532635
0.532722
0.532769
0.532749
0.532679
0.532614
0.532654
0.532661
0.532607
0.532582
0.532597
0.532624
0.532636
0.532721
0.532742
0.532766
0.5327
0.532656
0.532624
0.532653
0.532631
0.532581
0.532527
0.532484
0.532445
0.53245
0.532524
0.532456
0.532474
0.532511
0.532499
0.532473
0.532468
0.532534
0.532529
0.532525
0.532594
0.532566
0.532605
0.532521
0.53249
0.532515
0.532441
0.532409
0.532441
0.532478
0.532522
0.532496
0.53241
0.532431
0.532409
0.532347
0.532336
0.532304
0.532306
0.532238
0.532273
0.532306
0.532299
0.532303
0.532424
0.532432
0.532461
0.53253
0.532612
0.532567
0.532564
0.532565
0.532555
0.532575
0.532605
0.532628
0.532653
0.532685
0.532694
0.532715
0.532687
0.532675
0.532678
0.532658
0.532772
0.532769
0.532831
0.53288
0.532839
0.532787
0.532676
0.532538
0.532481
0.532424
0.532391
0.532399
0.53233
0.532317
0.532324
0.532284
0.5323
0.532367
0.532364
0.532347
0.532359
0.532377
0.532331
0.532231
0.532241
0.532241
0.532205
0.532184
0.532152
0.532048
0.531979
0.532006
0.532093
0.532071
0.532077
0.532119
0.532119
0.532119
0.532108
0.532001
0.53204
0.532031
0.532033
0.531961
0.531953
0.531965
0.531968
0.531975
0.531942
0.531947
0.531991
0.531997
0.53198
0.532041
0.532074
0.532106
0.532046
0.53205
0.53208
0.532031
0.531992
0.531977
0.531891
0.531928
0.531903
0.531931
0.531913
0.531947
0.532007
0.531962
0.531952
0.531934
0.531931
0.531947
0.531906
0.531921
0.531883
0.531922
0.531917
0.531937
0.531914
0.531926
0.531863
0.531812
0.531816
0.531811
0.531814
0.531784
0.531822
0.531874
0.531964
0.532034
0.532089
0.532091
0.532001
0.531971
0.531924
0.53187
0.531853
0.531746
0.531738
0.531657
0.531603
0.531615
0.531622
0.53168
0.531681
0.531663
0.53168
0.531721
0.531766
0.531752
0.531763
0.531823
0.531809
0.531773
0.531819
0.531797
0.531758
0.531773
0.531777
0.53179
0.531863
0.531849
0.531791
0.531739
0.531719
0.53171
0.531661
0.53166
0.531632
0.531596
0.531598
0.531641
0.531687
0.531637
0.531626
0.531706
0.531673
0.531703
0.531685
0.531691
0.531648
0.531664
0.531613
0.531574
0.531543
0.531587
0.53158
0.531506
0.5315
0.53151
0.531464
0.531424
0.531331
0.531322
0.531293
0.531284
0.531262
0.531295
0.531303
0.531263
0.531275
0.531209
0.531196
0.531274
0.531273
0.531331
0.531342
0.531353
0.531447
0.53146
0.531462
0.531465
0.531479
0.531524
0.531581
0.531642
0.531646
0.531625
0.531592
0.53159
0.531621
0.531614
0.531602
0.531603
0.531543
0.531545
0.53156
0.531572
0.531555
0.531593
0.531614
0.531565
0.531586
0.5316
0.531625
0.531654
0.531628
0.531592
0.531555
0.531529
0.531521
0.531491
0.531488
0.531488
0.531451
0.531388
0.531379
0.531328
0.53131
0.531247
0.5313
0.531347
0.531345
0.531421
0.531507
0.531565
0.531599
0.531656
0.531733
0.531749
0.531782
0.531819
0.531777
0.531736
0.531697
0.531731
0.531725
0.531691
0.531675
0.531664
0.531678
0.53167
0.531723
0.531801
0.531848
0.531833
0.531854
0.531785
0.531803
0.531809
0.531799
0.531746
0.531787
0.531758
0.531725
0.531723
0.531743
0.531725
0.531763
0.531709
0.531648
0.531688
0.531629
0.531627
0.531609
0.531604
0.53158
0.531597
0.531593
0.531555
0.531571
0.531512
0.531546
0.531519
0.531479
0.531485
0.531514
0.531498
0.531479
0.531488
0.531442
0.53142
0.531386
0.531336
0.531338
0.531362
0.531426
0.531418
0.531417
0.531422
0.531393
0.53143
0.531406
0.531409
0.53143
0.531415
0.531327
0.531306
0.531259
0.531237
0.531193
0.531119
0.531075
0.531054
0.530953
0.530897
0.530799
0.530761
0.530737
0.530637
0.530534
0.530547
0.530514
0.530501
0.53048
0.530472
0.53049
0.530511
0.530512
0.530484
0.5305
0.5305
0.530508
0.53046
0.530465
0.530444
0.530428
0.53041
0.530451
0.530493
0.530485
0.530477
0.530493
0.530481
0.530486
0.530467
0.530489
0.530508
0.530525
0.530522
0.530518
0.530446
0.530427
0.530444
0.530454
0.530469
0.5305
0.530537
0.530545
0.530498
0.53049
0.530483
0.530497
0.530559
0.530535
0.530495
0.530467
0.53048
0.530517
0.530557
0.530538
0.530574
0.530557
0.530586
0.530578
0.530578
0.530624
0.530645
0.530607
0.530678
0.530641
0.530643
0.530642
0.530633
0.530616
0.530591
0.530565
0.530519
0.530499
0.530476
0.530426
0.530441
0.530391
0.530418
0.530416
0.53044
0.530462
0.530454
0.530438
0.530445
0.530422
0.530467
0.530465
0.530453
0.53044
0.530439
0.530402
0.530387
0.530411
0.530401
0.530415
0.530455
0.530462
0.530483
0.53046
0.530471
0.530461
0.530515
0.530517
0.530489
0.530496
0.530461
0.530444
0.530452
0.530442
0.53041
0.530365
0.53039
0.53038
0.530391
0.53038
0.530371
0.530348
0.530359
0.530356
0.530394
0.53039
0.530352
0.530332
0.530321
0.53036
0.53036
0.5304
0.53042
0.530416
0.53047
0.530475
0.530519
0.530546
0.53059
0.530614
0.530625
0.530616
0.530627
0.530602
0.530622
0.530641
0.530657
0.530684
0.530712
0.530718
0.530688
0.530689
0.530668
0.530664
0.530667
0.530681
0.530654
0.530642
0.530679
0.530641
0.530659
0.53066
0.530632
0.530637
0.530654
0.530652
0.530653
0.530652
0.530646
0.530627
0.530594
0.530606
0.530631
0.53063
0.530625
0.530645
0.530637
0.530676
0.530668
0.530673
0.530639
0.530624
0.53062
0.530609
0.530588
0.530552
0.53059
0.530623
0.530678
0.53071
0.530688
0.530687
0.530692
0.53071
0.530735
0.530756
0.530764
0.530744
0.53075
0.53078
0.530782
0.530821
0.530831
0.530852
0.530862
0.53089
0.530902
0.530928
0.530971
0.530955
0.530968
0.53095
0.530945
0.530933
0.530927
0.530937
0.530941
0.530913
0.530891
0.530876
0.530875
0.530873
0.530844
0.530842
0.530855
0.530863
0.530898
0.530894
0.530905
0.530916
0.530925
0.530922
0.530956
0.530954
0.530897
0.530861
0.530837
0.530793
0.530766
0.530709
0.530686
0.530635
0.530611
0.530586
0.53057
0.530549
0.530556
0.530513
0.530496
0.530451
0.530483
0.530478
0.53048
0.530443
0.530462
0.530405
0.530426
0.530445
0.530459
0.530477
0.530434
0.530428
0.530456
0.530493
0.530558
0.530578
0.530602
0.530641
0.530662
0.530662
0.530628
0.53066
0.530691
0.530704
0.530719
0.53073
0.53072
0.530741
0.530744
0.530754
0.530744
0.530766
0.530743
0.53072
0.53073
0.530697
0.530694
0.530659
0.530682
0.530708
0.530681
0.530698
0.530676
0.530685
0.530671
0.530659
0.530668
0.530691
0.530706
0.530669
0.530681
0.530695
0.530702
0.530737
0.530763
0.530763
0.530777
0.530755
0.530744
0.530755
0.530781
0.530789
0.530756
0.530749
0.530779
0.530788
0.530786
0.530769
0.530739
0.53075
0.530776
0.530763
0.530755
0.530744
0.530754
0.53073
0.53073
0.530746
0.53077
0.53077
0.530743
0.53072
0.530731
0.530701
0.53069
0.530716
0.53072
0.530717
0.53073
0.530711
0.530714
0.530761
0.530805
0.530821
0.530837
0.53088
0.530901
0.530897
0.53091
0.530896
0.530932
0.530961
0.530956
0.530978
0.530942
0.530935
0.530968
0.530993
0.531046
0.531039
0.531047
0.531059
0.531064
0.531085
0.531081
0.531036
0.531008
0.530975
0.530968
0.530937
0.530942
0.530953
0.530931
0.530899
0.530905
0.530885
0.530869
0.530832
0.530869
0.530884
0.530875
0.530841
0.530838
0.53082
0.530783
0.530796
0.530789
0.53076
0.530737
0.530762
0.530788
0.530815
0.530827
0.53084
0.530831
0.530856
0.530873
0.530912
0.530947
0.53096
0.530961
0.530941
0.530952
0.530926
0.530916
0.530901
0.530861
0.530868
0.530875
0.530876
0.530896
0.530923
0.530932
0.530959
0.530974
0.530978
0.530972
0.530974
0.530964
0.531006
0.530984
0.530977
0.530977
0.530997
0.530995
0.531024
0.531055
0.531044
0.531051
0.531027
0.531045
0.531053
0.531035
0.531012
0.530994
0.530972
0.530937
0.530921
0.530919
0.530942
0.530917
0.530923
0.530903
0.530897
0.530909
0.530918
0.530908
0.530894
0.530903
0.530894
0.530895
0.530907
0.530925
0.530952
0.530958
0.530965
0.530986
0.531015
0.530997
0.531014
0.531016
0.530985
0.53099
0.531001
0.530983
0.530971
0.531008
0.531016
0.53102
0.531014
0.531044
0.531032
0.531028
0.53102
0.531017
0.531041
0.531042
0.531064
0.531072
0.531059
0.53104
0.531054
0.531038
0.531048
0.531039
0.531041
0.531046
0.531035
0.531056
0.531013
0.53102
0.531028
0.531009
0.531057
0.531062
0.53105
0.531045
0.531042
0.531047
0.531074
0.531117
0.53111
0.531115
0.531105
0.5311
0.531122
0.531101
0.531087
0.531072
0.531037
0.531035
0.531017
0.531001
0.531013
0.531038
0.531039
0.531061
0.531076
0.531072
0.531067
0.531029
0.530998
0.531014
0.530977
0.530928
0.530887
0.530835
0.53077
0.530737
0.53069
0.530709
0.530704
0.530671
0.530647
0.530628
0.530605
0.530627
0.530621
0.530623
0.530638
0.530644
0.530655
0.530635
0.530665
0.530656
0.530688
0.530684
0.530699
0.530714
0.530728
0.530735
0.530723
0.530717
0.530711
0.530708
0.530728
0.530729
0.530718
0.530718
0.530729
0.530742
0.530726
0.530722
0.530719
0.530691
0.530682
0.530705
0.530684
0.530706
0.530698
0.530713
0.530736
0.530727
0.530725
0.530705
0.530714
0.530721
0.530758
0.53077
0.530742
0.530763
0.530748
0.530729
0.530747
0.530741
0.530713
0.530741
0.530724
0.530743
0.530721
0.530745
0.530751
0.530734
0.530736
0.530729
0.530733
0.53076
0.53076
0.530735
0.530753
0.530771
0.530806
0.53077
0.530771
0.530772
0.530792
0.530802
0.530813
0.530814
0.53079
0.530788
0.530784
0.530808
0.530805
0.530799
0.53078
0.530793
0.530791
0.530822
0.530792
0.530793
0.530808
0.530797
0.530809
0.530819
0.530817
0.530831
0.530821
0.530861
0.530866
0.530862
0.530884
0.530909
0.5309
0.530879
0.530885
0.530837
0.530843
0.530822
0.530784
0.530764
0.530774
0.530769
0.530721
0.530704
0.530716
0.530736
0.530733
0.530765
0.530772
0.530801
0.530818
0.530845
0.530863
0.530871
0.530875
0.530865
0.530833
0.530819
0.530849
0.530834
0.530828
0.530856
0.530863
0.530875
0.530881
0.530914
0.530963
0.531015
0.531081
0.531129
0.531121
0.531138
0.531161
0.531212
0.531208
0.531234
0.53125
0.531261
0.531242
0.531243
0.53124
0.531203
0.5312
0.531196
0.531188
0.531166
0.531158
0.531163
0.531149
0.531142
0.531127
0.531122
0.531136
0.53112
0.531129
0.531143
0.531161
0.531179
0.531201
0.53119
0.531173
0.531178
0.531182
0.531173
0.531168
0.531163
0.531165
0.531179
0.531165
0.531138
0.531109
0.531107
0.531072
0.531087
0.531093
0.531113
0.531098
0.5311
0.531078
0.531058
0.531056
0.531053
0.531066
0.531096
0.531112
0.531105
0.531085
0.531094
0.531073
0.531044
0.530997
0.531005
0.531018
0.531024
0.531018
0.531021
0.530993
0.530977
0.530949
0.530978
0.530955
0.530954
0.530963
0.530973
0.530967
0.53097
0.530971
0.530956
0.530937
0.530942
0.530976
0.530952
0.530946
0.530937
0.530941
0.530972
0.530982
0.531027
0.531041
0.531043
0.531034
0.531038
0.531065
0.531046
0.531043
0.531059
0.531052
0.531056
0.53105
0.53104
0.531053
0.531082
0.53109
0.531082
0.531086
0.531109
0.531111
0.531104
0.531099
0.531092
0.531123
0.531127
0.53114
0.53116
0.531181
0.531223
0.531244
0.531278
0.531312
0.531307
0.531328
0.531348
0.53135
0.531368
0.531396
0.531398
0.531404
0.531431
0.531432
0.531438
0.531465
0.531458
0.531468
0.531461
0.531455
0.531472
0.531491
0.531481
0.531493
0.531484
0.5315
0.53152
0.531532
0.531531
0.531519
0.531518
0.53154
0.531523
0.531548
0.531549
0.531548
0.531563
0.531565
0.531571
0.531574
0.531576
0.531581
0.531582
0.531577
0.531577
0.531561
0.531527
0.531508
0.531507
0.531509
0.531528
0.531553
0.531562
0.531565
0.531596
0.531608
0.531614
0.531609
0.531595
0.531594
0.531612
0.531606
0.53161
0.531586
0.531587
0.531579
0.531593
0.531578
0.53159
0.531601
0.531626
0.531641
0.531634
0.53163
0.531651
0.531642
0.531661
0.53168
0.531692
0.531688
0.531683
0.531684
0.531712
0.531732
0.531729
0.531722
0.531737
0.531741
0.531732
0.531731
0.531728
0.531735
0.531725
0.53173
0.531729
0.531733
0.531755
0.531774
0.531784
0.531804
0.531825
0.531832
0.53182
0.531824
0.531812
0.531799
0.531801
0.531783
0.531777
0.53179
0.531773
0.531757
0.531742
0.531752
0.531749
0.531745
0.531745
0.531758
0.531772
0.531787
0.531788
0.5318
0.53181
0.531821
0.531824
0.53182
0.531805
0.53181
0.53181
0.53181
0.531793
0.531775
0.531769
0.531753
0.531749
0.531755
0.531768
0.531761
0.531724
0.531746
0.531747
0.531753
0.531754
0.531744
0.531732
0.531729
0.531709
0.531699
0.531686
0.53168
0.531687
0.531682
0.531676
0.531679
0.531677
0.531689
0.531677
0.531707
0.531698
0.531699
0.531697
0.531673
0.531686
0.531687
0.531712
0.531714
0.531709
0.531719
0.531741
0.531748
0.531767
0.53177
0.531774
0.531794
0.531796
0.53182
0.531815
0.531839
0.531852
0.531855
0.53185
0.531865
0.531859
0.531859
0.531841
0.531821
0.531815
0.531839
0.531842
0.53183
0.53185
0.53186
0.531864
0.531858
0.53187
0.531882
0.531896
0.531913
0.531922
0.531921
0.531926
0.531931
0.531941
0.531942
0.531933
0.531927
0.531928
0.531938
0.531951
0.531942
0.531919
0.531895
0.531885
0.531869
0.531878
0.531863
0.53185
0.531841
0.531836
0.531824
0.531814
0.531803
0.531792
0.531781
0.531762
0.531762
0.531758
0.531754
0.531757
0.53175
0.531776
0.5318
0.531827
0.531843
0.531838
0.531835
0.531839
0.531856
0.531873
0.531909
0.531921
0.531918
0.531932
0.531939
0.531947
0.531975
0.531973
0.531966
0.531949
0.531953
0.531971
0.531989
0.531996
0.532014
0.532032
0.532028
0.532016
0.532017
0.532014
0.532006
0.532026
0.532032
0.532037
0.532027
0.532016
0.532024
0.532025
0.532003
0.531996
0.531972
0.531943
0.531936
0.531913
0.531872
0.531875
0.531876
0.531888
0.531908
0.531914
0.531916
0.531897
0.531876
0.531904
0.531914
0.531909
0.531897
0.531935
0.531935
0.531929
0.531912
0.531923
0.531911
0.531912
0.531913
0.531932
0.531918
0.531923
0.531903
0.531896
0.531883
0.531861
0.531838
0.531813
0.531823
0.531834
0.531831
0.531823
0.531839
0.531828
0.531809
0.531797
0.531798
0.531802
0.531796
0.531796
0.531783
0.531807
0.531819
0.531816
0.531794
0.531786
0.53176
0.531773
0.531757
0.531776
0.531789
0.531798
0.531814
0.53183
0.531836
0.531861
0.531871
0.531888
0.531895
0.53188
0.531893
0.531908
0.531909
0.531903
0.53191
0.531888
0.531884
0.531883
0.531882
0.531886
0.531874
0.531861
0.531846
0.531832
0.531827
0.531836
0.531826
0.531814
0.531803
0.531792
0.531795
0.531802
0.531822
0.531837
0.531849
0.531861
0.531838
0.531837
0.531867
0.531874
0.531885
0.531875
0.531861
0.531861
0.531855
0.531867
0.531873
0.531882
0.531887
0.531887
0.531864
0.531863
0.531839
0.531825
0.531799
0.531819
0.531806
0.531825
0.531833
0.5318
0.531807
0.531811
0.531807
0.53181
0.531807
0.531791
0.531809
0.531809
0.531793
0.531781
0.531766
0.531747
0.531753
0.53175
0.531756
0.531746
0.531753
0.531762
0.531765
0.531771
0.531769
0.531782
0.531772
0.531757
0.531759
0.531749
0.531759
0.531778
0.531781
0.531777
0.531794
0.531809
0.531803
0.531809
0.531788
0.53177
0.531776
0.531808
0.531786
0.53178
0.531781
0.531778
0.531781
0.531789
0.531788
0.531785
0.531792
0.531812
0.531829
0.531818
0.53184
0.531842
0.531823
0.531845
0.531852
0.531863
0.531845
0.531837
0.531866
0.531905
0.531911
0.531902
0.5319
0.531927
0.531913
0.531908
0.531921
0.531927
0.531927
0.531933
0.531924
0.531932
0.531901
0.53189
0.531869
0.531843
0.53183
0.531814
0.531783
0.53179
0.531821
0.531835
0.531845
0.531828
0.531859
0.531887
0.53189
0.531905
0.531907
0.531904
0.531887
0.531901
0.531917
0.531912
0.531909
0.531901
0.531879
0.53188
0.531869
0.531869
0.531863
0.53184
0.531858
0.531869
0.531887
0.531884
0.531881
0.531892
0.531897
0.531875
0.531871
0.531857
0.531855
0.531845
0.531829
0.531846
0.531846
0.531855
0.531897
0.531903
0.531914
0.531904
0.531886
0.531872
0.531852
0.531828
0.531817
0.531788
0.531757
0.531754
0.531746
0.531745
0.53175
0.531748
0.531743
0.531737
0.531756
0.531746
0.531749
0.53175
0.531738
0.531731
0.531728
0.531755
0.531738
0.531743
0.531745
0.531721
0.531724
0.531725
0.531707
0.531695
0.531692
0.531672
0.531691
0.531703
0.531722
0.531725
0.531737
0.531732
0.531727
0.53173
0.531731
0.531729
0.531747
0.531734
0.531756
0.531752
0.53176
0.531766
0.53178
0.53178
0.531776
0.531786
0.531786
0.531777
0.531766
0.531757
0.531738
0.531748
0.531751
0.531755
0.531775
0.53176
0.531748
0.531777
0.531786
0.53178
0.53178
0.531792
0.531778
0.531788
0.531789
0.531799
0.531789
0.531781
0.5318
0.531801
0.531793
0.531802
0.531812
0.531801
0.531797
0.531785
0.531762
0.531758
0.531743
0.531748
0.531765
0.531751
0.531751
0.531735
0.531746
0.53175
0.531745
0.531738
0.531773
0.531758
0.531776
0.531782
0.531785
0.531793
0.531798
0.531777
0.531785
0.531775
0.531784
0.531777
0.53179
0.531787
0.531789
0.531774
0.531771
0.531791
0.531795
0.531803
0.531799
0.531811
0.531815
0.531816
0.531808
0.531802
0.531818
0.531828
0.531831
0.531823
0.531814
0.531793
0.531808
0.531803
0.531805
0.531784
0.531775
0.531766
0.531749
0.531746
0.531727
0.531709
0.531703
0.531691
0.531696
0.531701
0.53169
0.531674
0.531697
0.531719
0.531729
0.531702
0.53171
0.531692
0.531692
0.531677
0.531656
0.531648
0.531651
0.531624
0.531618
0.531609
0.531625
0.531617
0.531602
0.531609
0.531614
0.531608
0.531606
0.531609
0.531612
0.531601
0.531582
0.531568
0.531556
0.531565
0.531558
0.531566
0.531586
0.531586
0.531601
0.53159
0.531583
0.531584
0.531593
0.531593
0.531601
0.53159
0.531581
0.531592
0.531607
0.531616
0.531603
0.531583
0.531576
0.531584
0.531578
0.531556
0.531551
0.531558
0.531552
0.531543
0.531544
0.531552
0.531555
0.531552
0.531542
0.531526
0.531492
0.531478
0.531478
0.531457
0.531445
0.531467
0.531462
0.53145
0.531446
0.53143
0.531422
0.531418
0.531425
0.531427
0.53141
0.53142
0.531403
0.531388
0.531386
0.531379
0.5314
0.531403
0.531393
0.531377
0.531357
0.531376
0.531396
0.531411
0.531404
0.531417
0.531443
0.53145
0.531444
0.531457
0.53144
0.531439
0.531428
0.531429
0.531419
0.531413
0.531403
0.531383
0.53138
0.531365
0.531353
0.531337
0.531347
0.531347
0.531349
0.531345
0.531363
0.531353
0.531336
0.531315
0.531311
0.531319
0.531331
0.531344
0.531348
0.531352
0.531354
0.531338
0.531344
0.531348
0.531366
0.531367
0.531367
0.53138
0.531399
0.531389
0.53138
0.531377
0.531359
0.531359
0.531348
0.531344
0.531343
0.531356
0.53135
0.531355
0.531356
0.531351
0.531354
0.531356
0.531373
0.531374
0.531384
0.53139
0.53139
0.531383
0.531406
0.531388
0.531394
0.531409
0.531418
0.531439
0.531434
0.531422
0.531445
0.531442
0.531445
0.531471
0.531472
0.531486
0.531502
0.531504
0.531504
0.5315
0.531493
0.531491
0.53149
0.531487
0.531472
0.531485
0.531459
0.531463
0.531453
0.531462
0.531474
0.531468
0.531487
0.531487
0.531494
0.531494
0.53152
0.531528
0.531512
0.531516
0.531514
0.531507
0.531503
0.531502
0.5315
0.531496
0.531494
0.531486
0.531478
0.531458
0.53147
0.531502
0.5315
0.531485
0.531473
0.531474
0.531488
0.531489
0.531469
0.531483
0.531499
0.531509
0.531517
0.531513
0.531513
0.531502
0.53151
0.531512
0.531508
0.531497
0.53148
0.531479
0.531467
0.531458
0.531461
0.531461
0.531455
0.531458
0.531474
0.531474
0.531454
0.531441
0.531433
0.531419
0.531397
0.531409
0.531396
0.531412
0.531407
0.531408
0.531423
0.531425
0.53142
0.531419
0.531419
0.531414
0.531402
0.5314
0.531405
0.531413
0.531418
0.531408
0.531394
0.531404
0.531392
0.5314
0.5314
0.531393
0.531372
0.531384
0.531373
0.531383
0.531375
0.531379
0.531374
0.531373
0.531379
0.531365
0.531362
0.531365
0.531353
0.531361
0.531395
0.531412
0.531421
0.531419
0.531434
0.531428
0.531433
0.531437
0.531454
0.531454
0.53143
0.53142
0.531433
0.531425
0.531441
0.531435
0.531452
0.531435
0.53143
0.531423
0.53142
0.531415
0.531407
0.531413
0.531413
0.531427
0.531443
0.531449
0.531452
0.53146
0.531467
0.531478
0.531478
0.531492
0.531523
0.531517
0.531515
0.531507
0.5315
0.531502
0.531488
0.531489
0.531469
0.531457
0.53145
0.531453
0.531442
0.53144
0.531429
0.531422
0.531428
0.531429
0.531432
0.531419
0.531415
0.531412
0.531413
0.531385
0.531365
0.531377
0.531376
0.531354
0.531339
0.531339
0.531348
0.531338
0.531325
0.531328
0.531318
0.531326
0.531334
0.531338
0.531339
0.531344
0.53136
0.531357
0.531344
0.531351
0.531334
0.53133
0.531344
0.531339
0.531345
0.531341
0.531322
0.531326
0.531335
0.531321
0.531333
0.531331
0.53133
0.531318
0.531316
0.531323
0.531325
0.531318
0.531322
0.531317
0.531303
0.531299
0.531304
0.531298
0.531308
0.531324
0.531332
0.531337
0.53135
0.53135
0.531334
0.531331
0.531325
0.531343
0.531347
0.531361
0.531353
0.531354
0.531361
0.531378
0.531362
0.53135
0.531356
0.531361
0.531381
0.531367
0.531368
0.531373
0.531392
0.531377
0.531382
0.531362
0.531368
0.531367
0.53137
0.531373
0.531364
0.531361
0.53137
0.531397
0.531391
0.531398
0.531401
0.531405
0.531392
0.531392
0.531386
0.531381
0.531374
0.531378
0.531377
0.53136
0.531369
0.531362
0.531363
0.53135
0.531332
0.531317
0.531322
0.531313
0.531291
0.531285
0.531266
0.531276
0.531272
0.531268
0.531272
0.531269
0.531257
0.531273
0.531273
0.53127
0.531276
0.531289
0.531287
0.531307
0.531299
0.531312
0.531305
0.531316
0.531333
0.531322
0.531302
0.531278
0.53128
0.531256
0.531236
0.531231
0.531203
0.531172
0.53117
0.531154
0.531136
0.531117
0.531112
0.531107
0.531099
0.531103
0.53112
0.53114
0.531139
0.531154
0.53117
0.531178
0.531186
0.531203
0.531206
0.531206
0.531214
0.53121
0.531215
0.531226
0.531231
0.531245
0.531239
0.531243
0.531237
0.531227
0.531202
0.531222
0.531238
0.531257
0.531265
0.531276
0.531276
0.531271
0.531268
0.531263
0.531263
0.53127
0.531274
0.531277
0.531282
0.531264
0.531261
0.53124
0.531232
0.531255
0.531259
0.531263
0.531258
0.531252
0.531257
0.531258
0.531261
0.531268
0.531275
0.53127
0.531279
0.531296
0.531284
0.531263
0.531249
0.531262
0.531266
0.531261
0.53127
0.531253
0.531251
0.531252
0.531238
0.531215
0.531215
0.531202
0.531185
0.531154
0.531144
0.53114
0.531143
0.531134
0.531123
0.531111
0.531113
0.531121
0.531107
0.531114
0.531091
0.531094
0.531095
0.531079
0.531063
0.531058
0.531064
0.531062
0.531056
0.531048
0.531037
0.531031
0.531027
0.531023
0.531006
0.530999
0.530993
0.530989
0.530982
0.530982
0.530993
0.530982
0.530993
0.531017
0.531035
0.531042
0.531039
0.531054
0.531055
0.531055
0.531049
0.531045
0.531056
0.531051
0.531054
0.531062
0.531058
0.531059
0.531053
0.531028
0.531016
0.531014
0.531017
0.531006
0.530999
0.531011
0.531021
0.531026
0.531026
0.531014
0.53101
0.531008
0.531003
0.531007
0.531015
0.531016
0.531016
0.531003
0.531004
0.530995
0.530997
0.531013
0.531015
0.531
0.530987
0.530995
0.531012
0.531038
0.531031
0.531058
0.531065
0.531073
0.531071
0.53108
0.531077
0.531076
0.531073
0.531064
0.531081
0.531098
0.531108
0.531106
0.531103
0.53109
0.531094
0.531096
0.531088
0.531096
0.531097
0.531096
0.531078
0.531072
0.531072
0.531079
0.53108
0.531078
0.53108
0.531078
0.531078
0.531075
0.531065
0.53107
0.531076
0.531073
0.531067
0.531074
0.531086
0.531114
0.531116
0.531109
0.531105
0.531104
0.531121
0.531118
0.531116
0.531102
0.531078
0.531071
0.531075
0.531072
0.531076
0.531071
0.531055
0.531047
0.531048
0.531049
0.531039
0.531027
0.531034
0.531052
0.531048
0.531064
0.53107
0.531071
0.53106
0.531041
0.531044
0.531017
0.531005
0.53099
0.530974
0.530974
0.53095
0.530926
0.530912
0.530895
0.530876
0.53087
0.530839
0.530839
0.530842
0.530835
0.530825
0.530816
0.530817
0.530819
0.5308
0.530782
0.530773
0.530765
0.530751
0.530744
0.53075
0.530748
0.530751
0.530766
0.530777
0.530778
0.530776
0.530773
0.530764
0.530751
0.530752
0.530761
0.530769
0.530779
0.53079
0.530799
0.530797
0.530797
0.530798
0.530791
0.530788
0.530778
0.53077
0.530777
0.530774
0.530759
0.530765
0.530765
0.53076
0.530771
0.530778
0.530786
0.530808
0.530811
0.530812
0.530819
0.530831
0.530835
0.530838
0.530815
0.530828
0.530815
0.530816
0.530816
0.530805
0.5308
0.530784
0.530782
0.530761
0.530753
0.53075
0.530739
0.53074
0.530754
0.530759
0.530766
0.530767
0.530778
0.530771
0.530773
0.530767
0.530765
0.530765
0.530763
0.530767
0.530767
0.530772
0.53078
0.530782
0.530798
0.53078
0.530775
0.530796
0.5308
0.530785
0.530795
0.530798
0.530811
0.530811
0.530818
0.530808
0.530821
0.530828
0.53082
0.530801
0.530785
0.530791
0.530788
0.530779
0.530773
0.530773
0.530776
0.530794
0.530805
0.530797
0.530791
0.530801
0.530813
0.530806
0.530797
0.530803
0.530795
0.53079
0.530782
0.530781
0.530772
0.530767
0.530775
0.530775
0.530774
0.530775
0.530774
0.530762
0.530768
0.530759
0.530764
0.530788
0.530787
0.530782
0.530785
0.530789
0.530813
0.530815
0.530817
0.530834
0.530831
0.530832
0.530825
0.530821
0.53081
0.53081
0.530808
0.530822
0.530845
0.530857
0.530868
0.530869
0.530881
0.530896
0.530908
0.530915
0.530925
0.530952
0.530952
0.530945
0.53095
0.530963
0.530959
0.530958
0.530958
0.530954
0.530939
0.530926
0.53093
0.530928
0.530929
0.530928
0.530917
0.530906
0.530904
0.53091
0.530912
0.530908
0.530908
0.530911
0.530921
0.530927
0.530929
0.530931
0.53094
0.530955
0.53097
0.530981
0.530987
0.530976
0.530975
0.530975
0.530968
0.530984
0.530986
0.530975
0.530977
0.530976
0.530975
0.53097
0.530967
0.530966
0.530976
0.530983
0.530985
0.531001
0.530984
0.530983
0.530973
0.530966
0.530967
0.530959
0.530945
0.530937
0.530943
0.530943
0.530946
0.530951
0.530962
0.53096
0.53096
0.530975
0.530966
0.530955
0.530968
0.530969
0.530972
0.53098
0.530996
0.530998
0.531015
0.531001
0.531007
0.531012
0.531009
0.531005
0.53101
0.530999
0.530992
0.53099
0.530993
0.53098
0.530977
0.530975
0.530983
0.530999
0.530996
0.530998
0.530992
0.531007
0.531019
0.53102
0.531012
0.53103
0.531021
0.531023
0.531031
0.531031
0.531027
0.531014
0.531006
0.531007
0.531009
0.531013
0.53101
0.531007
0.531002
0.530996
0.530984
0.530982
0.530979
0.53097
0.530978
0.530971
0.530967
0.530959
0.530968
0.53096
0.530956
0.530965
0.530967
0.530945
0.530945
0.530956
0.530964
0.530965
0.53096
0.530964
0.53098
0.530987
0.530986
0.530973
0.530966
0.530964
0.530966
0.530968
0.530953
0.530937
0.530936
0.53093
0.530918
0.530897
0.530896
0.53088
0.530884
0.530887
0.53088
0.530893
0.530902
0.530904
0.530891
0.530877
0.530865
0.530849
0.530854
0.530851
0.530861
0.530853
0.530858
0.530858
0.530868
0.530873
0.530876
0.530849
0.530852
0.530865
0.530872
0.530869
0.53087
0.530871
0.530896
0.53089
0.530888
0.530895
0.530905
0.530914
0.530931
0.530934
0.530923
0.530908
0.530916
0.530919
0.530928
0.530931
0.530919
0.530915
0.530902
0.530907
0.530901
0.530891
0.53089
0.530885
0.53089
0.530882
0.530891
0.530907
0.530901
0.53089
0.530881
0.530894
0.530903
0.530905
0.530903
0.530896
0.530909
0.530913
0.530914
0.530909
0.530911
0.53092
0.530935
0.530938
0.530948
0.530945
0.530937
0.530949
0.530943
0.530943
0.530939
0.530917
0.530907
0.530891
0.530885
0.530895
0.530909
0.530916
0.530917
0.530896
0.53088
0.530878
0.530872
0.530865
0.530863
0.530863
0.53086
0.530872
0.530877
0.530884
0.530879
0.530868
0.530871
0.530872
0.530863
0.530878
0.530866
0.530877
0.530873
0.53088
0.530868
0.530865
0.530876
0.530866
0.530854
0.530869
0.53087
0.53087
0.530869
0.530881
0.530873
0.530878
0.530866
0.530869
0.530857
0.53085
0.530856
0.530851
0.530859
0.530868
0.530849
0.530848
0.530864
0.530857
0.530849
0.530838
0.530832
0.530823
0.53082
0.530822
0.530823
0.530828
0.530842
0.530859
0.530865
0.53086
0.530873
0.530879
0.530873
0.53086
0.530847
0.530849
0.53085
0.530855
0.530847
0.530844
0.53085
0.530861
0.530863
0.53085
0.530852
0.530871
0.53087
0.530876
0.530888
0.530884
0.530875
0.530872
0.530866
0.530863
0.530881
0.53089
0.530899
0.530904
0.530892
0.530892
0.530884
0.530876
0.530873
0.530876
0.530854
0.530855
0.530863
0.530876
0.530867
0.530865
0.530865
0.530869
0.530874
0.530874
0.530886
0.530893
0.530889
0.530877
0.530869
0.530876
0.530877
0.530877
0.530879
0.530872
0.530866
0.530855
0.53087
0.530871
0.530871
0.530867
0.530871
0.530872
0.530878
0.530875
0.530871
0.53087
0.530876
0.530872
0.530868
0.530875
0.530871
0.530876
0.530865
0.530868
0.530855
0.530847
0.530834
0.530823
0.530817
0.530808
0.530784
0.53078
0.53078
0.530766
0.530772
0.530764
0.530766
0.530756
0.530745
0.53074
0.530749
0.530748
0.530762
0.530779
0.530801
0.530807
0.530796
0.530802
0.530815
0.53083
0.530823
0.530816
0.530809
0.530813
0.530818
0.530814
0.530818
0.530817
0.530809
0.530812
0.530822
0.530827
0.530828
0.530834
0.530828
0.530835
0.530831
0.530833
0.530847
0.530834
0.53082
0.530806
0.530805
0.530796
0.530794
0.530791
0.530781
0.530784
0.530786
0.530781
0.530777
0.530773
0.530788
0.530807
0.530817
0.530836
0.530849
0.530846
0.530854
0.530848
0.530861
0.530873
0.530872
0.530862
0.530856
0.530852
0.530848
0.530841
0.530841
0.530835
0.530856
0.530858
0.530865
0.530855
0.530865
0.530869
0.530868
0.530869
0.530877
0.530887
0.530874
0.530884
0.530887
0.530887
0.530884
0.530867
0.530854
0.530874
0.530875
0.530857
0.530857
0.530851
0.530845
0.53084
0.530843
0.530841
0.530837
0.530833
0.530841
0.530839
0.530845
0.530852
0.530853
0.530867
0.530861
0.530856
0.530846
0.530848
0.530843
0.530841
0.530847
0.530846
0.530835
0.530835
0.530827
0.530815
0.530833
0.530839
0.530833
0.530824
0.53082
0.530819
0.530799
0.530783
0.530796
0.530794
0.53079
0.530792
0.53079
0.530796
0.530797
0.530799
0.530803
0.530799
0.530797
0.530789
0.530789
0.530793
0.530798
0.530792
0.530806
0.530811
0.530808
0.530812
0.530802
0.530789
0.53079
0.53079
0.530796
0.530784
0.530792
0.530794
0.530799
0.530788
0.530797
0.530808
0.530807
0.530801
0.530781
0.530766
0.530775
0.530782
0.530773
0.53077
0.530767
0.530756
0.530762
0.530756
0.530739
0.530735
0.530728
0.530724
0.530719
0.530718
0.530714
0.530714
0.530694
0.530678
0.530675
0.530674
0.530684
0.530687
0.530684
0.530688
0.530685
0.53069
0.530679
0.530676
0.530673
0.530669
0.530677
0.530667
0.530654
0.530658
0.530652
0.530649
0.530652
0.530656
0.530644
0.530631
0.530629
0.530626
0.530623
0.530636
0.530632
0.530638
0.530649
0.530653
0.530663
0.530667
0.530657
0.530657
0.530641
0.530641
0.530635
0.530627
0.530619
0.530613
0.530604
0.530607
0.530609
0.530613
0.53061
0.530604
0.530599
0.530604
0.530618
0.530607
0.530604
0.530595
0.530596
0.530594
0.530595
0.530583
0.530587
0.530588
0.530589
0.530596
0.530603
0.530598
0.530596
0.530592
0.530583
0.530573
0.530567
0.530558
0.530559
0.530536
0.530528
0.53052
0.530508
0.530507
0.530509
0.530512
0.530505
0.530525
0.530542
0.530533
0.530521
0.530513
0.530513
0.530517
0.530521
0.530535
0.530544
0.530539
0.530541
0.530545
0.530549
0.530553
0.530541
0.530537
0.530545
0.530551
0.530556
0.530539
0.530544
0.530544
0.530544
0.53054
0.530521
0.530525
0.530526
0.530517
0.530512
0.530504
0.530502
0.530504
0.530494
0.530484
0.530475
0.530492
0.530497
0.530507
0.530507
0.5305
0.530492
0.530485
0.530486
0.530473
0.530469
0.53046
0.530453
0.530438
0.530441
0.530437
0.530424
0.530406
0.530398
0.530382
0.530384
0.53037
0.530379
0.530386
0.530392
0.530381
0.530374
0.530374
0.530375
0.530367
0.530372
0.530369
0.530357
0.53035
0.530354
0.530358
0.530354
0.530358
0.530367
0.530379
0.530374
0.530378
0.53037
0.530359
0.53036
0.530355
0.530354
0.530345
0.530337
0.530336
0.530345
0.530346
0.530353
0.530363
0.530362
0.530356
0.530349
0.530351
0.530355
0.530357
0.530357
0.530332
0.530334
0.530338
0.530316
0.530308
0.530311
0.530306
0.530301
0.53031
0.530299
0.530302
0.530309
0.53033
0.530332
0.530333
0.530331
0.53033
0.53034
0.530353
0.530355
0.530369
0.530368
0.530357
0.530369
0.530383
0.530388
0.530379
0.530386
0.530387
0.530392
0.530397
0.530391
0.530391
0.530389
0.530384
0.530384
0.530384
0.53039
0.53041
0.530412
0.530413
0.530424
0.530425
0.530428
0.530426
0.530421
0.530431
0.530432
0.530437
0.530428
0.530433
0.530434
0.530438
0.530445
0.53046
0.530458
0.530465
0.530464
0.530467
0.530469
0.530466
0.530469
0.530468
0.530475
0.530473
0.530482
0.530481
0.530473
0.530467
0.530466
0.530464
0.530464
0.530455
0.530456
0.530454
0.53044
0.530448
0.530457
0.530444
0.53045
0.530456
0.530443
0.530444
0.530442
0.530441
0.530444
0.530456
0.530466
0.530457
0.530467
0.530471
0.530476
0.530467
0.530478
0.530482
0.530478
0.530465
0.530472
0.530475
0.530471
0.530474
0.530472
0.530476
0.53047
0.530464
0.530461
0.53045
0.530451
0.530448
0.530445
0.530445
0.53045
0.530448
0.530458
0.530453
0.530458
0.530468
0.530473
0.53047
0.530473
0.530475
0.530472
0.530469
0.530465
0.530465
0.530465
0.530457
0.530443
0.530447
0.53043
0.530425
0.530424
