0.520661
0.504425
0.482079
0.485751
0.488024
0.487055
0.481583
0.492686
0.491437
0.487963
0.488954
0.491442
0.492281
0.487678
0.488688
0.487701
0.490321
0.492616
0.492764
0.491633
0.493546
0.491894
0.493237
0.493436
0.492618
0.492289
0.49293
0.49349
0.496673
0.496845
0.497685
0.49699
0.499729
0.500264
0.500898
0.501803
0.501996
0.502411
0.502062
0.501227
0.500814
0.500796
0.501605
0.499544
0.500296
0.500771
0.501229
0.502585
0.502166
0.502966
0.502908
0.50285
0.503129
0.503394
0.503543
0.503077
0.503956
0.503169
0.503902
0.503393
0.502973
0.50296
0.503608
0.503856
0.503119
0.503903
0.505262
0.504667
0.503707
0.504409
0.503636
0.502607
0.502531
0.502731
0.502602
0.501776
0.501176
0.50147
0.500863
0.500822
0.50157
0.501386
0.501734
0.501322
0.501613
0.502273
0.50274
0.502432
0.502084
0.501053
0.500708
0.501773
0.50159
0.50148
0.501574
0.501933
0.502193
0.501755
0.50184
0.502095
0.501925
0.502276
0.502107
0.502267
0.502462
0.502792
0.502897
0.502967
0.50355
0.503401
0.502842
0.502349
0.502916
0.503088
0.503602
0.503713
0.503693
0.503886
0.503606
0.503798
0.503694
0.504166
0.504161
0.504342
0.504056
0.503857
0.503274
0.503682
0.503315
0.503492
0.503902
0.503976
0.503991
0.504404
0.504687
0.505067
0.505026
0.504897
0.504773
0.504547
0.504412
0.504037
0.504361
0.504498
0.504353
0.504279
0.504582
0.504701
0.504911
0.504769
0.505031
0.50513
0.505293
0.505529
0.505652
0.50586
0.506286
0.506347
0.506506
0.506415
0.506336
0.506295
0.506089
0.506013
0.505903
0.505925
0.505915
0.505704
0.505714
0.50543
0.50523
0.504821
0.50485
0.505027
0.505125
0.505195
0.504766
0.505008
0.505068
0.504882
0.504944
0.504861
0.505369
0.505577
0.505759
0.506103
0.506261
0.506557
0.506752
0.50684
0.506874
0.506984
0.506861
0.507049
0.507073
0.507014
0.50728
0.507349
0.507418
0.507529
0.50737
0.507085
0.507178
0.506905
0.506986
0.5069
0.50676
0.506938
0.507118
0.507095
0.507211
0.507252
0.507051
0.507146
0.507164
0.507514
0.50776
0.507964
0.50805
0.507839
0.507577
0.507328
0.507613
0.507714
0.507808
0.507736
0.507821
0.50782
0.507768
0.507824
0.507634
0.507557
0.507878
0.507951
0.507913
0.507881
0.507913
0.507936
0.507968
0.508029
0.508059
0.508042
0.508023
0.508125
0.507978
0.507616
0.507641
0.507537
0.507352
0.507442
0.507263
0.506767
0.50671
0.506611
0.506643
0.506669
0.506779
0.506948
0.506861
0.50685
0.506877
0.506902
0.50689
0.506898
0.507006
0.507155
0.507111
0.507141
0.507011
0.506979
0.506821
0.507048
0.50693
0.507001
0.506948
0.50695
0.506818
0.506822
0.506839
0.506812
0.506865
0.506846
0.506592
0.506408
0.506502
0.506484
0.506408
0.506346
0.506348
0.506473
0.506586
0.506642
0.506591
0.506514
0.506463
0.506466
0.506549
0.506638
0.50672
0.506685
0.506596
0.5066
0.506721
0.50666
0.506676
0.506799
0.506852
0.507147
0.506889
0.506956
0.507119
0.50717
0.507357
0.507352
0.507426
0.507376
0.507358
0.507608
0.507729
0.50785
0.507874
0.507755
0.507869
0.507807
0.507951
0.508068
0.508038
0.507987
0.508015
0.507998
0.507786
0.507439
0.507171
0.507137
0.507184
0.507121
0.507146
0.506997
0.507062
0.507068
0.507241
0.507345
0.507341
0.507455
0.507518
0.507482
0.507443
0.507482
0.507488
0.507333
0.507211
0.507084
0.50697
0.507009
0.506765
0.506782
0.506813
0.506642
0.506538
0.506583
0.506651
0.506745
0.506812
0.506905
0.506956
0.507092
0.507163
0.507086
0.507144
0.507067
0.506937
0.506965
0.507061
0.50685
0.506887
0.507016
0.506978
0.507093
0.507071
0.507068
0.506872
0.506884
0.50691
0.506937
0.507031
0.507134
0.5071
0.507007
0.507096
0.507157
0.507371
0.507397
0.50734
0.507193
0.507272
0.507315
0.507602
0.507641
0.507565
0.507637
0.50766
0.507635
0.507663
0.507703
0.507622
0.507603
0.507685
0.507553
0.507507
0.507447
0.507391
0.507381
0.507429
0.507438
0.50743
0.507501
0.507334
0.507389
0.507375
0.50738
0.507321
0.507156
0.507014
0.506992
0.506893
0.50693
0.506969
0.507034
0.507112
0.506997
0.506842
0.506854
0.506833
0.50678
0.506809
0.506851
0.50691
0.506912
0.50694
0.50691
0.506965
0.50701
0.506862
0.506822
0.506712
0.506698
0.506586
0.506594
0.506699
0.506563
0.506615
0.506615
0.506586
0.506568
0.506578
0.506631
0.506603
0.506609
0.506598
0.50663
0.506494
0.506421
0.506404
0.506412
0.506442
0.50647
0.506601
0.506654
0.506834
0.506848
0.506857
0.506785
0.506718
0.506728
0.506662
0.506652
0.50678
0.506795
0.506838
0.5069
0.50692
0.506824
0.506769
0.506735
0.506751
0.506731
0.506598
0.506612
0.506763
0.506745
0.506755
0.5068
0.506827
0.506684
0.506732
0.506725
0.506796
0.506813
0.506813
0.506827
0.50694
0.506956
0.507006
0.507025
0.507021
0.507071
0.506978
0.507044
0.50703
0.506937
0.506988
0.506979
0.506987
0.507007
0.507075
0.507105
0.507085
0.50703
0.507069
0.507093
0.507249
0.50727
0.507346
0.507354
0.507397
0.507316
0.507365
0.507343
0.507325
0.507394
0.507499
0.507492
0.507454
0.507382
0.507363
0.507435
0.507385
0.507342
0.507326
0.507288
0.507366
0.507299
0.5073
0.507325
0.507396
0.50745
0.507462
0.507449
0.50732
0.507334
0.50732
0.507378
0.507386
0.507275
0.507172
0.507293
0.507356
0.507372
0.507476
0.507538
0.507491
0.507601
0.507515
0.507575
0.507537
0.507457
0.507438
0.507442
0.507365
0.507452
0.507476
0.507553
0.507589
0.507551
0.507437
0.507444
0.507456
0.507536
0.507545
0.507464
0.507508
0.507629
0.507743
0.507829
0.507782
0.507888
0.507985
0.508143
0.50805
0.508068
0.508102
0.508129
0.508221
0.508236
0.50833
0.508336
0.508345
0.508357
0.508307
0.508261
0.508196
0.50826
0.508173
0.508236
0.508303
0.508211
0.508227
0.508184
0.508206
0.508198
0.508251
0.508275
0.508428
0.508422
0.508414
0.508388
0.508381
0.508333
0.508492
0.508475
0.508416
0.508461
0.508439
0.508515
0.50853
0.508487
0.508425
0.508374
0.508297
0.508362
0.508287
0.508269
0.508304
0.50827
0.508311
0.508388
0.508292
0.508372
0.508327
0.508365
0.508379
0.508321
0.508374
0.508378
0.508332
0.50828
0.508356
0.508433
0.508508
0.508565
0.508588
0.508631
0.5087
0.50869
0.508789
0.508793
0.508751
0.508706
0.508655
0.50862
0.508575
0.508544
0.508519
0.508458
0.508322
0.508333
0.508339
0.50826
0.508213
0.508274
0.508269
0.508281
0.508307
0.508271
0.508336
0.508333
0.50835
0.508436
0.508454
0.508459
0.508586
0.508579
0.50865
0.508665
0.508647
0.508613
0.508548
0.508414
0.508384
0.508432
0.508375
0.508424
0.508408
0.508486
0.508505
0.508526
0.508578
0.508561
0.508628
0.508574
0.508591
0.508598
0.508523
0.508467
0.508442
0.508485
0.508494
0.508448
0.508452
0.508448
0.50842
0.508403
0.508425
0.508447
0.508461
0.508411
0.508386
0.508327
0.508401
0.508394
0.508383
0.508355
0.50834
0.508322
0.50841
0.50843
0.508473
0.508472
0.5085
0.508551
0.508539
0.508503
0.508506
0.508511
0.508474
0.508568
0.508629
0.508636
0.50862
0.508629
0.508617
0.508631
0.508625
0.508621
0.50865
0.508719
0.50875
0.50877
0.508683
0.508679
0.508729
0.508678
0.508618
0.508486
0.508415
0.508423
0.508422
0.508412
0.508429
0.50845
0.508452
0.508438
0.508432
0.508403
0.508364
0.508397
0.508442
0.508393
0.508439
0.508463
0.50846
0.508458
0.508445
0.508437
0.508483
0.508487
0.508545
0.508561
0.508546
0.508476
0.50847
0.508479
0.508511
0.508555
0.508532
0.508499
0.508445
0.50844
0.508489
0.508458
0.508484
0.508478
0.508489
0.508456
0.508488
0.508417
0.508479
0.508481
0.50847
0.508525
0.508543
0.508583
0.508609
0.508658
0.508718
0.508763
0.508781
0.508796
0.508815
0.508785
0.508804
0.508746
0.508789
0.508846
0.508872
0.508915
0.508954
0.509042
0.509001
0.508985
0.508984
0.508956
0.508916
0.50891
0.508976
0.508981
0.508935
0.50894
0.508983
0.50902
0.509056
0.50895
0.508928
0.508945
0.509021
0.509018
0.508999
0.509097
0.509061
0.509117
0.509064
0.5091
0.509096
0.509015
0.509025
0.508975
0.508917
0.508879
0.508869
0.508828
0.508762
0.508758
0.508788
0.50885
0.508924
0.508856
0.508915
0.508973
0.508958
0.508954
0.508966
0.508991
0.509047
0.509017
0.50906
0.509069
0.509073
0.509113
0.509109
0.509075
0.509083
0.509107
0.509085
0.509155
0.509253
0.509288
0.509303
0.509281
0.509262
0.509306
0.509333
0.5093
0.50925
0.509268
0.509309
0.509323
0.509308
0.509307
0.50937
0.509373
0.509386
0.509412
0.50941
0.509408
0.509405
0.509429
0.509464
0.509478
0.509553
0.509579
0.509595
0.509627
0.50961
0.509619
0.509631
0.509566
0.509557
0.509631
0.509593
0.509635
0.509711
0.509718
0.509674
0.509675
0.509708
0.509645
0.509663
0.509651
0.509688
0.509695
0.509687
0.5097
0.509696
0.509699
0.509682
0.509702
0.509651
0.50973
0.50975
0.509809
0.509827
0.509736
0.509704
0.509683
0.509632
0.509613
0.509636
0.509682
0.509769
0.509748
0.509794
0.509756
0.509762
0.509868
0.509898
0.509936
0.509924
0.509914
0.509881
0.509871
0.509847
0.509839
0.509852
0.509836
0.509805
0.50973
0.509746
0.509777
0.509779
0.509787
0.509766
0.509735
0.509736
0.509752
0.5098
0.509857
0.509831
0.509786
0.50982
0.509824
0.50984
0.50984
0.509878
0.509891
0.509851
0.509812
0.509861
0.509897
0.509878
0.509854
0.509902
0.509919
0.509838
0.5098
0.509849
0.509812
0.509755
0.509707
0.509701
0.509666
0.509681
0.509628
0.50969
0.509735
0.509728
0.509757
0.509721
0.509751
0.509751
0.509765
0.50974
0.509762
0.50973
0.509718
0.509747
0.509756
0.509779
0.509764
0.50978
0.509772
0.509778
0.509766
0.509763
0.509716
0.509713
0.509694
0.509701
0.509673
0.509626
0.509611
0.509668
0.509691
0.509725
0.509716
0.509716
0.509717
0.509735
0.509733
0.509739
0.509684
0.509675
0.509665
0.509679
0.50976
0.509762
0.509762
0.509792
0.509811
0.509886
0.509931
0.509982
0.509941
0.509951
0.509937
0.509917
0.509918
0.509933
0.50991
0.509907
0.509898
0.509955
0.509979
0.509955
0.509921
0.50987
0.509884
0.509896
0.509888
0.509848
0.50986
0.509822
0.50985
0.509871
0.50988
0.509927
0.509948
0.509987
0.510039
0.510113
0.510128
0.510095
0.510117
0.510099
0.510162
0.510156
0.510169
0.510158
0.510135
0.510122
0.510177
0.510188
0.510156
0.51022
0.510242
0.510205
0.510231
0.510231
0.510257
0.510193
0.510227
0.510233
0.510185
0.510174
0.510193
0.510228
0.510187
0.510158
0.51015
0.510174
0.510121
0.51008
0.510105
0.510151
0.510185
0.510235
0.510286
0.510307
0.510356
0.510378
0.510424
0.510425
0.51043
0.51042
0.510451
0.510461
0.510491
0.510437
0.510418
0.510427
0.510417
0.510396
0.510426
0.510464
0.510506
0.510575
0.510618
0.510623
0.510667
0.510698
0.510743
0.510734
0.510759
0.510769
0.510771
0.510762
0.510784
0.510849
0.510904
0.510925
0.510963
0.510997
0.510981
0.511001
0.511037
0.511052
0.511029
0.511022
0.51098
0.510972
0.510993
0.51102
0.510995
0.511002
0.511021
0.510969
0.510937
0.510923
0.510937
0.510933
0.510953
0.510942
0.510997
0.511026
0.511026
0.511002
0.511015
0.510996
0.510939
0.510961
0.510955
0.510949
0.510919
0.510918
0.510886
0.510931
0.510962
0.510926
0.510925
0.510911
0.510871
0.510848
0.510895
0.510904
0.510938
0.510935
0.5109
0.510914
0.51088
0.510867
0.510878
0.510856
0.510844
0.510838
0.51084
0.510833
0.510786
0.510777
0.510775
0.510753
0.510745
0.510732
0.510752
0.510733
0.510734
0.510707
0.510729
0.510751
0.510808
0.51084
0.510827
0.510804
0.510773
0.510753
0.510753
0.510739
0.510752
0.510763
0.510779
0.510763
0.510799
0.510747
0.510683
0.510669
0.510644
0.510622
0.51058
0.510566
0.510593
0.510547
0.510551
0.51055
0.510604
0.510649
0.510648
0.510676
0.510644
0.51068
0.510697
0.510674
0.510673
0.510696
0.510699
0.510726
0.510747
0.510769
0.510758
0.510794
0.510812
0.510832
0.510821
0.510789
0.510746
0.510768
0.510793
0.510795
0.5108
0.510822
0.510865
0.51086
0.510887
0.510891
0.510856
0.510845
0.510807
0.510793
0.510765
0.510746
0.510743
0.510705
0.510702
0.510686
0.510708
0.510724
0.510701
0.510679
0.510631
0.510634
0.510681
0.510663
0.510649
0.51066
0.510712
0.510696
0.510678
0.510716
0.510731
0.5107
0.510744
0.51073
0.510713
0.510741
0.510739
0.510713
0.510702
0.510723
0.510697
0.510677
0.510653
0.510619
0.510587
0.510582
0.510546
0.510481
0.510461
0.510453
0.510489
0.510445
0.510442
0.510455
0.51049
0.510512
0.510527
0.510493
0.510511
0.510541
0.510555
0.510571
0.51051
0.510524
0.510511
0.510458
0.510424
0.51045
0.510434
0.510426
0.510437
0.510391
0.51038
0.510389
0.510353
0.510338
0.510381
0.510433
0.510451
0.510462
0.510469
0.510469
0.510479
0.510525
0.510568
0.510566
0.510584
0.510563
0.510564
0.510601
0.510578
0.510593
0.510588
0.510564
0.510558
0.510582
0.510588
0.510603
0.510575
0.510555
0.510587
0.510617
0.510631
0.510631
0.510629
0.510628
0.51061
0.510588
0.510574
0.510544
0.510552
0.510565
0.510567
0.510549
0.510517
0.510455
0.510434
0.510426
0.510395
0.510399
0.510396
0.510396
0.510364
0.510354
0.510363
0.510305
0.510296
0.510307
0.510328
0.510319
0.510291
0.510296
0.510299
0.510308
0.510273
0.510233
0.510189
0.510244
0.510247
0.510228
0.51023
0.51028
0.510244
0.510237
0.510205
0.510206
0.510178
0.510214
0.510172
0.510181
0.510141
0.510132
0.510128
0.510112
0.51009
0.510066
0.510066
0.510083
0.51007
0.510096
0.510141
0.510176
0.510174
0.510153
0.510172
0.510194
0.510211
0.5102
0.510141
0.510166
0.510178
0.510195
0.510227
0.510216
0.51021
0.510225
0.510231
0.510263
0.51028
0.510248
0.510253
0.510257
0.510246
0.510234
0.510238
0.510264
0.510283
0.510293
0.510313
0.510315
0.510313
0.510289
0.510277
0.510247
0.510249
0.510279
0.510312
0.51032
0.510339
0.510298
0.510271
0.510265
0.510245
0.510235
0.510252
0.510211
0.51022
0.510185
0.510149
0.510179
0.510163
0.510124
0.510165
0.510164
0.510155
0.510152
0.510199
0.510242
0.510225
0.510239
0.51022
0.510214
0.510222
0.510245
0.510245
0.510247
0.510268
0.510275
0.510307
0.510294
0.51029
0.510303
0.510326
0.510348
0.510336
0.510366
0.51035
0.510346
0.510306
0.510305
0.51031
0.510309
0.510294
0.51031
0.510261
0.510231
0.510211
0.510179
0.510186
0.510214
0.510196
0.510202
0.510199
0.510216
0.51023
0.510235
0.510228
0.510273
0.510276
0.510305
0.510279
0.510255
0.510281
0.510276
0.510274
0.510268
0.510269
0.510261
0.510267
0.510284
0.510315
0.51027
0.510302
0.510305
0.5103
0.510305
0.51027
0.510281
0.510258
0.510225
0.510204
0.510212
0.510216
0.510224
0.51024
0.510255
0.510283
0.510303
0.510313
0.510293
0.510275
0.51027
0.510247
0.510232
0.510212
0.510224
0.510202
0.510206
0.510178
0.510162
0.510132
0.510096
0.510042
0.510017
0.51001
0.510011
0.509953
0.509928
0.509922
0.509938
0.51001
0.509992
0.509968
0.50998
0.509959
0.509948
0.509931
0.509894
0.509892
0.509861
0.509868
0.509887
0.509858
0.509859
0.50987
0.509879
0.509872
0.509874
0.509836
0.509829
0.509816
0.50984
0.509851
0.509853
0.509834
0.509836
0.509863
0.509859
0.509864
0.50985
0.509834
0.509818
0.509837
0.509861
0.50986
0.509879
0.509877
0.509827
0.509817
0.509813
0.509827
0.509838
0.509833
0.509838
0.509809
0.509844
0.509861
0.50985
0.509813
0.509754
0.509764
0.509746
0.509736
0.509743
0.509757
0.509747
0.509744
0.50975
0.509779
0.509814
0.509838
0.509842
0.509872
0.509872
0.50984
0.509839
0.509823
0.509847
0.50987
0.509851
0.509852
0.509833
0.509823
0.509824
0.50981
0.509802
0.509826
0.509819
0.509815
0.509836
0.509875
0.509872
0.509858
0.509838
0.509844
0.509851
0.509887
0.509942
0.50995
0.509936
0.509954
0.509969
0.509983
0.509963
0.509954
0.509965
0.509981
0.509979
0.509956
0.509959
0.50997
0.509945
0.50996
0.509916
0.509916
0.509893
0.509893
0.50988
0.509867
0.509886
0.509856
0.509838
0.509862
0.509873
0.509881
0.509883
0.509896
0.509922
0.509944
0.510001
0.510038
0.510069
0.510058
0.510053
0.510057
0.510079
0.510071
0.510081
0.510067
0.510067
0.510091
0.510075
0.51008
0.510087
0.510096
0.510136
0.510162
0.510152
0.510139
0.510139
0.510113
0.51012
0.510113
0.510095
0.510066
0.510057
0.510032
0.510016
0.510007
0.510011
0.509998
0.510018
0.510029
0.510037
0.510027
0.510016
0.510023
0.510026
0.510021
0.510002
0.509985
0.51
0.509987
0.509975
0.509964
0.509965
0.510019
0.509986
0.509993
0.510028
0.510014
0.510025
0.510012
0.509992
0.510023
0.510012
0.510017
0.510017
0.510057
0.510064
0.510079
0.510089
0.510079
0.510067
0.510025
0.510001
0.510009
0.510046
0.510036
0.510011
0.510036
0.510025
0.51002
0.510006
0.509992
0.50997
0.50996
0.509946
0.509947
0.509968
0.509952
0.509937
0.509949
0.509929
0.509901
0.509901
0.509894
0.509886
0.509879
0.509889
0.509896
0.509876
0.509899
0.509914
0.509912
0.509893
0.509894
0.509911
0.509916
0.509915
0.509918
0.50991
0.509924
0.509928
0.509924
0.509923
0.509944
0.509924
0.509911
0.509895
0.509896
0.50988
0.509875
0.509905
0.509909
0.509915
0.509926
0.50994
0.509971
0.509963
0.509962
0.509983
0.509981
0.510004
0.51
0.509999
0.510013
0.510023
0.510026
0.510029
0.510025
0.510021
0.51001
0.510008
0.510022
0.51002
0.510069
0.510103
0.510122
0.510137
0.510104
0.510066
0.510034
0.509984
0.509973
0.509971
0.510004
0.509995
0.509987
0.509948
0.50997
0.509953
0.509943
0.509923
0.509912
0.509928
0.509897
0.509868
0.509877
0.509853
0.509842
0.509812
0.509808
0.509813
0.509785
0.509764
0.509769
0.509769
0.509765
0.509782
0.509792
0.509806
0.509792
0.509799
0.50976
0.509708
0.509729
0.50974
0.509701
0.509673
0.509681
0.509722
0.509729
0.509732
0.509751
0.509798
0.509781
0.509778
0.509779
0.509796
0.50979
0.509782
0.509806
0.509804
0.50982
0.509862
0.509831
0.5098
0.509781
0.509797
0.509797
0.509803
0.509828
0.509843
0.509843
0.509843
0.509853
0.509871
0.509879
0.509851
0.509863
0.509906
0.50994
0.509945
0.509981
0.509966
0.509963
0.509959
0.509955
0.509969
0.50999
0.509977
0.509984
0.509965
0.509966
0.509994
0.510018
0.510044
0.51005
0.510083
0.510081
0.510102
0.510111
0.510095
0.510101
0.510135
0.510122
0.510128
0.510145
0.510159
0.510169
0.510187
0.510186
0.510192
0.510173
0.510176
0.51018
0.510176
0.510171
0.510157
0.510154
0.510159
0.510154
0.510162
0.510125
0.510126
0.510146
0.510167
0.510158
0.510166
0.510142
0.510115
0.510112
0.510082
0.510067
0.510076
0.510085
0.510086
0.510089
0.510067
0.510072
0.510062
0.51004
0.510056
0.510041
0.510043
0.510027
0.510045
0.51003
0.510055
0.510064
0.510067
0.510081
0.510104
0.510088
0.510103
0.510108
0.51014
0.510128
0.510098
0.51008
0.510073
0.510082
0.510073
0.510086
0.510082
0.510053
0.510064
0.510051
0.51006
0.510065
0.510033
0.510013
0.510022
0.510026
0.510019
0.510003
0.509972
0.509949
0.509943
0.509954
0.509971
0.509953
0.509952
0.509962
0.509952
0.509963
0.509971
0.50995
0.509944
0.509988
0.509987
0.50999
0.509991
0.509999
0.509996
0.509992
0.509992
0.509974
0.509953
0.509953
0.509931
0.509928
0.509914
0.509908
0.509874
0.509855
0.509818
0.5098
0.509814
0.509769
0.509768
0.509757
0.50976
0.509743
0.509761
0.509735
0.509741
0.509754
0.50976
0.509747
0.50975
0.509751
0.509735
0.509756
0.509732
0.509689
0.509666
0.509667
0.509685
0.509693
0.509692
0.509671
0.509662
0.509668
0.509657
0.509662
0.509668
0.509676
0.5097
0.509691
0.509645
0.509637
0.509605
0.50959
0.509573
0.509553
0.509557
0.509546
0.509569
0.509571
0.509575
0.509573
0.509591
0.509603
0.509635
0.509621
0.509634
0.509656
0.509669
0.509676
0.509657
0.509641
0.509633
0.509639
0.509617
0.509606
0.509601
0.509586
0.509536
0.509539
0.509513
0.509505
0.509486
0.509506
0.509522
0.509523
0.509539
0.509541
0.509511
0.509543
0.509549
0.509566
0.509555
0.509551
0.509552
0.509544
0.509562
0.509562
0.509571
0.50956
0.509582
0.509601
0.509612
0.50962
0.509628
0.509613
0.509608
0.509621
0.509616
0.509601
0.509607
0.50961
0.509616
0.509601
0.509642
0.509639
0.509655
0.509647
0.509655
0.509657
0.509619
0.509619
0.509615
0.509604
0.509612
0.509572
0.509551
0.509533
0.509549
0.509566
0.509564
0.509561
0.509566
0.509575
0.509586
0.509623
0.509617
0.50961
0.509608
0.509602
0.509626
0.509625
0.509624
0.509619
0.50963
0.509651
0.509636
0.509642
0.50964
0.509636
0.509649
0.50965
0.509643
0.509655
0.509676
0.509689
0.509686
0.509695
0.509703
0.509684
0.509688
0.509708
0.50968
0.509688
0.509722
0.509721
0.509737
0.509728
0.509738
0.509748
0.509725
0.509721
0.509713
0.509713
0.509743
0.509724
0.50973
0.509742
0.509732
0.509733
0.509723
0.509748
0.509745
0.509749
0.509748
0.509738
0.509726
0.509731
0.509722
0.509753
0.509777
0.509789
0.509783
0.509783
0.509798
0.50978
0.509805
0.509822
0.509791
0.509785
0.509786
0.509795
0.5098
0.509789
0.509784
0.509784
0.509796
0.509816
0.509817
0.509829
0.509827
0.509799
0.509808
0.509807
0.509809
0.509814
0.509829
0.509826
0.509814
0.509835
0.509864
0.509857
0.509869
0.509904
0.509908
0.509905
0.509899
0.509902
0.509898
0.509902
0.509886
0.509916
0.509932
0.509899
0.509927
0.509928
0.509922
0.509922
0.509944
0.509946
0.509952
0.509952
0.509957
0.509956
0.509968
0.509949
0.509934
0.509905
0.50988
0.509919
0.509927
0.509926
0.509943
0.509928
0.509922
0.509913
0.509916
0.509912
0.5099
0.509899
0.509881
0.509859
0.509851
0.509844
0.509861
0.509864
0.509872
0.509866
0.509852
0.509842
0.509827
0.50984
0.509848
0.50986
0.509864
0.509876
0.509882
0.509892
0.509882
0.509853
0.509862
0.509857
0.509857
0.509871
0.509876
0.509899
0.509884
0.509909
0.509902
0.50989
0.509906
0.509912
0.509923
0.509934
0.509923
0.509912
0.509928
0.509932
0.509914
0.509899
0.509907
0.509902
0.509918
0.509912
0.509913
0.509907
0.50991
0.509928
0.509935
0.509951
0.509968
0.509957
0.509951
0.509955
0.50997
0.50997
0.509977
0.509983
0.509972
0.509969
0.509953
0.509955
0.509946
0.509935
0.50993
0.50988
0.509894
0.509909
0.509895
0.50988
0.509871
0.509871
0.509863
0.50988
0.509865
0.509869
0.509862
0.509845
0.509849
0.509847
0.509844
0.509845
0.509855
0.509854
0.509853
0.509837
0.509852
0.50985
0.509843
0.50986
0.509869
0.509866
0.509873
0.509864
0.509859
0.509847
0.509838
0.509862
0.509878
0.509868
0.509879
0.509857
0.509852
0.509855
0.50984
0.509845
0.509844
0.509845
0.509858
0.509855
0.509884
0.50991
0.509912
0.509884
0.509884
0.509894
0.509886
0.509884
0.509885
0.509885
0.50991
0.509897
0.509876
0.509871
0.509858
0.509876
0.509888
0.509887
0.509881
0.509886
0.509884
0.509855
0.509848
0.50985
0.509855
0.509853
0.50983
0.509837
0.509838
0.509819
0.509819
0.509794
0.509781
0.509787
0.509794
0.509791
0.509788
0.509794
0.50978
0.509773
0.509777
0.50979
0.509767
0.509783
0.509797
0.509794
0.509765
0.509755
0.509765
0.509767
0.509779
0.509798
0.509784
0.50979
0.509785
0.509787
0.509795
0.509803
0.509829
0.509847
0.509865
0.50988
0.509883
0.509871
0.50986
0.509866
0.509849
0.509853
0.509875
0.509872
0.509872
0.509869
0.509878
0.509885
0.509885
0.509851
0.509864
0.509849
0.509861
0.50985
0.509837
0.509823
0.509823
0.509809
0.509844
0.509848
0.509827
0.509822
0.50982
0.509823
0.509831
0.509846
0.509832
0.509844
0.509859
0.509857
0.509851
0.509838
0.509825
0.509801
0.509781
0.509747
0.509722
0.509724
0.509711
0.509702
0.509696
0.509711
0.509713
0.509715
0.509709
0.509726
0.50975
0.509756
0.509737
0.509727
0.509709
0.509691
0.509692
0.509694
0.509695
0.509701
0.509706
0.509696
0.509692
0.509685
0.509669
0.509668
0.50967
0.509673
0.509672
0.50969
0.509688
0.509697
0.509708
0.509703
0.509721
0.509728
0.509726
0.509719
0.509691
0.509688
0.509675
0.509669
0.509676
0.509689
0.509689
0.509693
0.509686
0.50966
0.509654
0.509646
0.509659
0.509662
0.509678
0.509701
0.509692
0.509702
0.509681
0.509671
0.509685
0.509683
0.509665
0.509658
0.509664
0.509669
0.509661
0.509666
0.509675
0.50968
0.509692
0.509696
0.509693
0.509695
0.509692
0.509681
0.509686
0.509674
0.509686
0.509676
0.509676
0.509656
0.509622
0.509603
0.509612
0.509605
0.509613
0.50962
0.509632
0.509632
0.50964
0.509643
0.509638
0.509648
0.509648
0.509657
0.509681
0.509671
0.509651
0.50963
0.509628
0.509631
0.509623
0.509631
0.50962
0.509614
0.509594
0.5096
0.509586
0.509591
0.509592
0.509583
0.509596
0.509596
0.509596
0.509593
0.509605
0.509628
0.509644
0.509631
0.509628
0.509631
0.50963
0.509619
0.509634
0.509627
0.509612
0.509628
0.509628
0.50964
0.509636
0.509629
0.509631
0.509628
0.509641
0.509656
0.509673
0.50968
0.509686
0.509684
0.509706
0.50971
0.509707
0.509713
0.509705
0.509704
0.50969
0.509681
0.509682
0.509678
0.509687
0.509683
0.509701
0.509692
0.509683
0.509674
0.509696
0.509697
0.509706
0.509699
0.509709
0.509718
0.509721
0.509719
0.509735
0.509741
0.509752
0.509745
0.509719
0.509711
0.509719
0.509744
0.509743
0.50975
0.509747
0.50975
0.509781
0.509784
0.509801
0.509813
0.50981
0.509815
0.509832
0.50983
0.509852
0.509881
0.509876
0.509868
0.509862
0.50987
0.509886
0.509882
0.509883
0.509881
0.509873
0.50988
0.509874
0.509872
0.50987
0.509841
0.509831
0.509814
0.50978
0.509775
0.509769
0.509755
0.509763
0.509759
0.509756
0.50978
0.509766
0.509756
0.509774
0.509784
0.509802
0.509815
0.509819
0.509797
0.509777
0.50977
0.509758
0.509755
0.50975
0.50975
0.509726
0.509712
0.509729
0.509735
0.509743
0.50974
0.509739
0.50975
0.509758
0.509757
0.509764
0.50976
0.509767
0.509767
0.509747
0.509729
0.509735
0.509743
0.509738
0.509747
0.50975
0.509744
0.509786
0.50981
0.509817
0.509823
0.509806
0.5098
0.509784
0.509783
0.509757
0.509769
0.509764
0.509774
0.50977
0.509781
0.509782
0.509801
0.509791
0.509805
0.50978
0.509784
0.509781
0.509781
0.509779
0.509771
0.509778
0.509789
0.509812
0.509813
0.509814
0.50983
0.509815
0.509804
0.509786
0.509793
0.509762
0.509756
0.509756
0.50976
0.509744
0.509728
0.509717
0.509702
0.509685
0.509685
0.509688
0.50968
0.509693
0.509695
0.509708
0.509726
0.509731
0.509713
0.50971
0.509706
0.509698
0.509682
0.509693
0.509678
0.509667
0.509682
0.509683
0.509683
0.50967
0.509649
0.509671
0.509676
0.509682
0.509688
0.509686
0.509701
0.509711
0.509725
0.509723
0.509704
0.509703
0.509704
0.5097
0.509695
0.509693
0.509687
0.509685
0.509689
0.509679
0.50967
0.509678
0.509674
0.509685
0.50969
0.509718
0.509721
0.509738
0.509751
0.509743
0.509747
0.509758
0.509741
0.509746
0.509758
0.509745
0.50974
0.509739
0.509734
0.509755
0.509761
0.509773
0.509767
0.509779
0.509767
0.509761
0.509762
0.509763
0.509779
0.50979
0.509786
0.509795
0.509811
0.509819
0.509809
0.509817
0.509823
0.509829
0.50983
0.509809
0.509807
0.509806
0.509807
0.509795
0.509787
0.509779
0.509786
0.509772
0.509758
0.509758
0.509762
0.509768
0.509762
0.509765
0.509747
0.509738
0.509754
0.509747
0.509744
0.509738
0.509734
0.509719
0.509706
0.509721
0.50972
0.509707
0.509704
0.509733
0.509724
0.509726
0.509714
0.509726
0.50972
0.509698
0.509707
0.509706
0.509704
0.509714
0.509708
0.509728
0.509728
0.50973
0.50973
0.509722
0.50972
0.509717
0.509709
0.50971
0.509709
0.509707
0.509713
0.5097
0.509708
0.509712
0.509733
0.509746
0.509744
0.509747
0.509745
0.509743
0.509735
0.509735
0.509735
0.509733
0.50971
0.509712
0.509707
0.509699
0.509715
0.509733
0.509729
0.50973
0.509718
0.509728
0.509724
0.509712
0.509711
0.509723
0.509724
0.509727
0.509714
0.509705
0.50971
0.509708
0.509704
0.509691
0.509692
0.509698
0.509701
0.50968
0.509677
0.509654
0.509655
0.50966
0.509642
0.509622
0.509609
0.509616
0.50963
0.509614
0.509608
0.509588
0.509568
0.509576
0.509599
0.509604
0.509609
0.509632
0.509629
0.509626
0.509634
0.509625
0.509624
0.509616
0.509623
0.509619
0.509612
0.509615
0.509604
0.509581
0.509579
0.509585
0.509595
0.509596
0.509598
0.509595
0.509573
0.509555
0.509544
0.509529
0.509525
0.509504
0.509504
0.509494
0.509472
0.509434
0.509446
0.509458
0.509454
0.509481
0.509474
0.509468
0.509464
0.509461
0.509458
0.509456
0.509454
0.509456
0.50944
0.509455
0.509453
0.509444
0.509451
0.509448
0.509455
0.509468
0.509469
0.509483
0.509483
0.509469
0.509471
0.509459
0.509465
0.509482
0.509463
0.509462
0.509462
0.509467
0.509457
0.509446
0.509444
0.509417
0.509389
0.509397
0.509409
0.509414
0.509416
0.509425
0.509423
0.509417
0.509443
0.509451
0.509443
0.509448
0.509448
0.509482
0.509514
0.509516
0.509527
0.509529
0.509532
0.509555
0.509558
0.509573
0.509585
0.509594
0.509594
0.509582
0.509585
0.509592
0.50958
0.509566
0.509562
0.509567
0.509579
0.509572
0.50956
0.509556
0.509551
0.509541
0.50953
0.509533
0.509539
0.509522
0.509509
0.509509
0.509499
0.509499
0.509511
0.509522
0.509524
0.509522
0.509532
0.50955
0.50956
0.509557
0.509557
0.509544
0.509534
0.509537
0.509543
0.509548
0.509547
0.50955
0.509568
0.509573
0.509564
0.509557
0.509576
0.509572
0.509563
0.509563
0.509558
0.509553
0.509559
0.509548
0.509541
0.50956
0.509557
0.509554
0.509552
0.509534
0.509521
0.509513
0.509514
0.50952
0.509525
0.509519
0.509539
0.509537
0.50954
0.509551
0.509523
0.509518
0.509518
0.509512
0.509509
0.50951
0.509512
0.509504
0.509511
0.509502
0.509501
0.509495
0.509498
0.509484
0.509471
0.509458
0.509461
0.509461
0.509459
0.509464
0.509447
0.509459
0.509451
0.509453
0.50944
0.509438
0.509429
0.509436
0.509427
0.509418
0.509414
0.509406
0.50941
0.5094
0.509404
0.509403
0.50942
0.509415
0.509431
0.509432
0.509425
0.509432
0.509428
0.509428
0.509421
0.509423
0.509424
0.509435
0.509433
0.50944
0.509425
0.509418
0.509427
0.509411
0.509415
0.509415
0.509425
0.50942
0.509413
0.509407
0.50941
0.509399
0.509387
0.509374
0.509379
0.509371
0.50938
0.509356
0.509352
0.509363
0.509363
0.509366
0.509367
0.509385
0.509389
0.509391
0.509378
0.509378
0.509383
0.509378
0.509372
0.509365
0.509366
0.509366
0.509354
0.509349
0.509334
0.509345
0.509352
0.509356
0.509357
0.509361
0.509363
0.50936
0.509351
0.509328
0.509339
0.509337
0.509327
0.509327
0.509317
0.509319
0.509321
0.509344
0.509357
0.509363
0.509337
0.509352
0.509342
0.509321
0.509326
0.509325
0.509332
0.509338
0.509359
0.509358
0.509339
0.509337
0.50934
0.509343
0.509332
0.509319
0.509326
0.509323
0.509326
0.509332
0.509356
0.509351
0.509348
0.50934
0.509335
0.509318
0.509328
0.509319
0.509333
0.509343
0.509353
0.509363
0.509372
0.509373
0.509357
0.509333
0.509311
0.509316
0.509303
0.509304
0.509293
0.509295
0.509309
0.509306
0.509311
0.509322
0.509328
0.509318
0.509322
0.509316
0.509328
0.509332
0.509319
0.509308
0.509306
0.509324
0.509328
0.509324
0.509313
0.50933
0.509325
0.509335
0.509301
0.509292
0.509293
0.509293
0.509304
0.509282
0.509291
0.509321
0.509326
0.509312
0.509328
0.509334
0.509319
0.509336
0.509335
0.509334
0.509338
0.509349
0.509344
0.50935
0.50935
0.509371
0.509378
0.509388
0.509384
0.509372
0.509373
0.509374
0.509374
0.509385
0.509387
0.509397
0.509408
0.509425
0.509418
0.50942
0.509432
0.509427
0.509427
0.509437
0.509439
0.50944
0.509443
0.509438
0.509442
0.509425
0.509422
0.509424
0.509426
0.509423
0.509418
0.509393
0.509401
0.509397
0.509403
0.509408
0.509417
0.509392
0.509391
0.509389
0.50938
0.509375
0.509372
0.509364
0.509365
