0.519685
0.4944
0.497551
0.502841
0.492462
0.497723
0.499034
0.495602
0.495102
0.494779
0.491262
0.493909
0.49401
0.49531
0.495809
0.499182
0.505229
0.505429
0.508145
0.507598
0.506356
0.507354
0.508042
0.509261
0.507958
0.509149
0.511158
0.51107
0.512197
0.51192
0.511506
0.511314
0.51139
0.511135
0.51054
0.511236
0.512066
0.511446
0.511515
0.511851
0.510526
0.510899
0.511927
0.511574
0.513338
0.513148
0.513683
0.513894
0.51377
0.513247
0.513768
0.513133
0.513785
0.514128
0.514448
0.515305
0.515624
0.51635
0.516603
0.517858
0.518495
0.518846
0.519028
0.519485
0.519202
0.51945
0.520045
0.519735
0.519348
0.519327
0.5201
0.519806
0.520019
0.519319
0.518733
0.51785
0.517955
0.517479
0.517265
0.517424
0.517475
0.517348
0.517434
0.516779
0.517021
0.517714
0.517824
0.517931
0.517682
0.517852
0.517726
0.518513
0.518656
0.519152
0.519374
0.51956
0.519731
0.520158
0.520212
0.520267
0.520285
0.520609
0.52104
0.521432
0.521403
0.521473
0.521591
0.52205
0.521655
0.521473
0.521532
0.521538
0.521053
0.521126
0.521861
0.522249
0.522136
0.522372
0.522301
0.522651
0.522846
0.522837
0.522657
0.522786
0.52312
0.523342
0.523072
0.523319
0.523304
0.523383
0.52388
0.524127
0.524409
0.524758
0.524776
0.524833
0.524931
0.524729
0.524423
0.524237
0.524521
0.524404
0.524393
0.523932
0.523759
0.523264
0.523308
0.523634
0.523945
0.523936
0.524296
0.524417
0.52452
0.524418
0.524354
0.524508
0.524646
0.524834
0.525037
0.525012
0.525078
0.525449
0.525597
0.525874
0.526116
0.526255
0.526167
0.526218
0.526146
0.526091
0.525875
0.525722
0.52573
0.525673
0.525521
0.525351
0.525317
0.525351
0.525475
0.525407
0.525727
0.525867
0.525823
0.526042
0.526023
0.526094
0.525982
0.526082
0.526211
0.526311
0.526422
0.526569
0.526519
0.526681
0.52669
0.526849
0.52681
0.526778
0.526662
0.526372
0.52619
0.526016
0.525977
0.525766
0.52545
0.525625
0.525671
0.525633
0.525759
0.525832
0.525943
0.525952
0.525996
0.525987
0.52623
0.526182
0.526102
0.526038
0.526008
0.525983
0.526025
0.525866
0.526078
0.526017
0.52618
0.525945
0.525859
0.525573
0.525436
0.525282
0.525063
0.524914
0.524756
0.524812
0.524747
0.524515
0.524705
0.524799
0.524656
0.524885
0.525005
0.524896
0.525041
0.525066
0.525142
0.524973
0.525112
0.524958
0.524928
0.524884
0.524895
0.52499
0.524773
0.524651
0.524525
0.524415
0.524574
0.524543
0.524561
0.524616
0.524748
0.52488
0.524963
0.524907
0.524953
0.525085
0.525042
0.52503
0.524973
0.52478
0.524905
0.525012
0.525026
0.525182
0.52529
0.525295
0.525318
0.525069
0.52509
0.525115
0.524921
0.524862
0.524711
0.5247
0.524714
0.52461
0.524752
0.524788
0.524792
0.524832
0.52482
0.524789
0.524925
0.524854
0.524797
0.524944
0.525017
0.524943
0.525254
0.525317
0.525453
0.525447
0.525644
0.52571
0.525822
0.525949
0.525973
0.525887
0.525851
0.525892
0.525781
0.52566
0.525672
0.525569
0.525432
0.525426
0.525334
0.525335
0.525316
0.525326
0.525454
0.525567
0.525588
0.525754
0.525735
0.525903
0.525889
0.525876
0.525971
0.525936
0.525937
0.525917
0.525778
0.525711
0.525748
0.525775
0.525798
0.525834
0.525888
0.525979
0.52605
0.525989
0.526052
0.526019
0.52588
0.525895
0.525834
0.525871
0.525917
0.525796
0.525657
0.525678
0.525765
0.525836
0.52592
0.525991
0.52602
0.5261
0.526049
0.526012
0.526032
0.525994
0.526064
0.52612
0.526181
0.526292
0.52635
0.526249
0.526296
0.526217
0.526217
0.526237
0.526172
0.52631
0.526307
0.526426
0.526443
0.526418
0.52638
0.526334
0.526313
0.526258
0.526203
0.526223
0.526289
0.526218
0.526311
0.526414
0.526429
0.526511
0.526523
0.526571
0.526628
0.526705
0.526763
0.526746
0.526892
0.526903
0.527071
0.527073
0.527081
0.527127
0.527242
0.527267
0.527322
0.527333
0.527283
0.527244
0.527134
0.527102
0.527066
0.526971
0.526922
0.526926
0.526939
0.526807
0.52675
0.526699
0.526619
0.526474
0.526387
0.526311
0.526293
0.526247
0.526187
0.526193
0.526253
0.526161
0.526145
0.526231
0.526253
0.526302
0.526313
0.526337
0.526394
0.526473
0.526461
0.526342
0.526398
0.526334
0.526325
0.526283
0.526245
0.526262
0.526237
0.526139
0.526019
0.525925
0.525905
0.525862
0.525794
0.525793
0.52577
0.525877
0.526031
0.526027
0.525971
0.526007
0.526017
0.526004
0.525955
0.526002
0.52596
0.525969
0.526021
0.526068
0.526133
0.526163
0.526157
0.526199
0.526197
0.526205
0.526123
0.526067
0.526058
0.526046
0.525985
0.525936
0.525956
0.52605
0.526079
0.526011
0.525915
0.525977
0.526039
0.525973
0.525961
0.5259
0.525811
0.525812
0.525771
0.525749
0.525755
0.525825
0.525826
0.52584
0.525849
0.525819
0.525873
0.525867
0.525858
0.525755
0.525817
0.525805
0.525876
0.525938
0.525965
0.52585
0.525766
0.525736
0.525736
0.525687
0.525613
0.525558
0.525611
0.525627
0.525666
0.525731
0.525729
0.525755
0.525769
0.525702
0.525653
0.525657
0.525638
0.525674
0.525742
0.525734
0.52569
0.52575
0.525644
0.525657
0.525687
0.525756
0.525774
0.525814
0.525772
0.525725
0.525795
0.525841
0.525894
0.525819
0.525843
0.525933
0.526024
0.526031
0.526092
0.526126
0.526172
0.52611
0.526151
0.526173
0.526179
0.526183
0.526274
0.526299
0.52633
0.526366
0.526388
0.526311
0.526295
0.526269
0.526299
0.52631
0.526359
0.526383
0.526258
0.526114
0.526062
0.526093
0.526073
0.52606
0.526066
0.525944
0.525912
0.525866
0.52594
0.525956
0.525967
0.525937
0.525933
0.525991
0.525998
0.52599
0.526008
0.526031
0.526096
0.526144
0.526199
0.526193
0.526208
0.526187
0.526127
0.526108
0.526075
0.525997
0.526003
0.525998
0.525973
0.525921
0.525871
0.525896
0.525937
0.525982
0.526003
0.525964
0.525895
0.525823
0.525897
0.525949
0.526023
0.526068
0.526083
0.526061
0.526056
0.526073
0.526014
0.525996
0.525965
0.526035
0.526134
0.526146
0.526217
0.526234
0.52627
0.526266
0.526164
0.526114
0.526075
0.526093
0.526054
0.526019
0.526058
0.526097
0.526108
0.526128
0.526058
0.526098
0.526148
0.526147
0.52612
0.52612
0.526142
0.526166
0.526193
0.526177
0.526254
0.526173
0.526228
0.526235
0.526296
0.526258
0.526283
0.526269
0.526261
0.526246
0.526251
0.526239
0.526268
0.526221
0.526135
0.526117
0.526057
0.52602
0.526033
0.526008
0.52603
0.52606
0.526072
0.526139
0.52613
0.526109
0.526109
0.526173
0.526166
0.526183
0.526185
0.526158
0.526181
0.526224
0.526184
0.526167
0.526252
0.526215
0.526218
0.526183
0.526106
0.526089
0.526019
0.525951
0.52592
0.525934
0.525835
0.525851
0.525898
0.525938
0.525936
0.525981
0.526077
0.526075
0.526139
0.526115
0.526178
0.526245
0.526278
0.526252
0.526195
0.526172
0.526125
0.526068
0.526057
0.526033
0.526024
0.526017
0.525979
0.52599
0.526
0.525995
0.526055
0.525984
0.525988
0.526004
0.526078
0.526029
0.526047
0.526068
0.526057
0.526169
0.526224
0.526205
0.526268
0.526279
0.52629
0.5263
0.526323
0.5264
0.526433
0.526459
0.526464
0.526462
0.526464
0.526455
0.526455
0.526437
0.52647
0.526581
0.526566
0.526549
0.526502
0.526483
0.526488
0.526562
0.526542
0.52647
0.526444
0.52645
0.526499
0.526478
0.526592
0.526605
0.526606
0.526638
0.526621
0.526619
0.526553
0.526473
0.526527
0.526563
0.526585
0.526567
0.526559
0.526534
0.526494
0.526468
0.526517
0.526533
0.526593
0.526633
0.526638
0.52664
0.526684
0.526679
0.526671
0.526693
0.526669
0.526621
0.526606
0.526588
0.526586
0.526557
0.526552
0.52656
0.526579
0.526553
0.526504
0.526446
0.526424
0.526431
0.526455
0.526496
0.526609
0.526658
0.526679
0.526684
0.526702
0.526713
0.526682
0.526696
0.526729
0.526728
0.526697
0.526716
0.526731
0.526708
0.526745
0.526794
0.526831
0.526812
0.526814
0.526847
0.526886
0.526869
0.526843
0.526856
0.526933
0.526975
0.526997
0.527019
0.527043
0.527073
0.527111
0.52707
0.527077
0.52708
0.527127
0.527088
0.527116
0.527115
0.527094
0.527138
0.527081
0.527068
0.527077
0.527118
0.527155
0.527158
0.527157
0.527159
0.52715
0.527122
0.527158
0.527205
0.527231
0.527263
0.527239
0.527255
0.52723
0.52724
0.527251
0.527243
0.527229
0.52724
0.527222
0.527216
0.527212
0.52725
0.527232
0.527212
0.527214
0.52718
0.527254
0.52727
0.527269
0.52725
0.527299
0.527273
0.527325
0.527317
0.527319
0.527335
0.527307
0.527347
0.527404
0.527419
0.527401
0.527412
0.527427
0.527454
0.527469
0.527484
0.527436
0.527475
0.527478
0.527461
0.527477
0.527535
0.527538
0.527571
0.527599
0.527564
0.527527
0.527537
0.527579
0.527631
0.527626
0.527574
0.527604
0.527569
0.52754
0.527498
0.527498
0.527454
0.52751
0.527501
0.52751
0.527516
0.527513
0.527551
0.527527
0.527533
0.527556
0.527579
0.527568
0.527551
0.527519
0.527563
0.527572
0.52759
0.527629
0.527611
0.527565
0.527539
0.527571
0.527635
0.527588
0.527632
0.527678
0.527714
0.527791
0.527782
0.527825
0.527849
0.52787
0.527921
0.527964
0.527976
0.527989
0.52797
0.527979
0.528027
0.527976
0.527995
0.528021
0.528046
0.528044
0.52803
0.528027
0.528069
0.528043
0.527966
0.527973
0.52797
0.527947
0.527921
0.5279
0.527941
0.527934
0.527896
0.527912
0.527929
0.527973
0.527979
0.527974
0.527964
0.527961
0.52793
0.527906
0.527904
0.52791
0.527863
0.527865
0.527828
0.527833
0.527819
0.527777
0.527749
0.527731
0.52771
0.527705
0.527662
0.527624
0.527601
0.527666
0.52768
0.527716
0.527692
0.527676
0.52768
0.527681
0.527684
0.527676
0.527732
0.527737
0.527729
0.527729
0.527763
0.527762
0.527757
0.527749
0.527727
0.527732
0.527704
0.527725
0.527705
0.527747
0.52774
0.52769
0.527681
0.527692
0.527661
0.527675
0.527657
0.527664
0.527643
0.527602
0.527575
0.527628
0.527682
0.527713
0.527708
0.527759
0.52779
0.527807
0.527785
0.527818
0.527836
0.527818
0.527807
0.527816
0.527843
0.527851
0.527864
0.527911
0.52795
0.527947
0.527919
0.527887
0.527856
0.527822
0.52778
0.527773
0.527779
0.527755
0.527718
0.527656
0.527629
0.527633
0.527618
0.527645
0.527631
0.527613
0.5276
0.527602
0.527583
0.527612
0.52766
0.52772
0.527714
0.527751
0.527781
0.52779
0.527792
0.527772
0.527812
0.527826
0.527827
0.527821
0.52785
0.527842
0.52782
0.527798
0.527778
0.527791
0.527789
0.52775
0.527753
0.527774
0.527781
0.52773
0.527741
0.527746
0.527722
0.527716
0.527679
0.527648
0.527604
0.527599
0.527642
0.527686
0.527748
0.52776
0.52776
0.527793
0.52783
0.52782
0.527824
0.527857
0.527816
0.527764
0.527737
0.527728
0.527748
0.527759
0.527737
0.527735
0.52773
0.527679
0.527663
0.527618
0.527564
0.52755
0.527567
0.527551
0.52757
0.527592
0.52761
0.527614
0.527654
0.52766
0.527654
0.527677
0.527666
0.527678
0.527693
0.527683
0.52765
0.527648
0.527673
0.527712
0.52774
0.52774
0.527724
0.527753
0.527754
0.527749
0.527751
0.527714
0.527715
0.527667
0.527663
0.527638
0.527623
0.527597
0.527557
0.527565
0.527567
0.527566
0.52756
0.52756
0.527504
0.527502
0.527523
0.527498
0.527492
0.527502
0.527488
0.52752
0.527482
0.527487
0.527482
0.527456
0.527436
0.527406
0.527428
0.527446
0.527425
0.527411
0.527405
0.527426
0.527433
0.527457
0.527466
0.527486
0.527524
0.527517
0.527474
0.527471
0.527501
0.527485
0.527458
0.527446
0.527475
0.52745
0.527477
0.527489
0.527479
0.527482
0.527483
0.527495
0.527481
0.527453
0.527426
0.527456
0.527481
0.527486
0.527502
0.527526
0.52754
0.527569
0.527573
0.527586
0.527575
0.527572
0.527556
0.527534
0.527549
0.527551
0.527573
0.527553
0.527533
0.527532
0.527505
0.527479
0.527449
0.52746
0.527462
0.527472
0.527486
0.527466
0.527471
0.527485
0.527444
0.527452
0.52746
0.527489
0.527506
0.527527
0.527554
0.527568
0.527586
0.527579
0.527566
0.527536
0.527531
0.527548
0.527543
0.527531
0.527536
0.527528
0.527488
0.527485
0.527526
0.527538
0.527556
0.527542
0.527523
0.527492
0.527489
0.527477
0.527495
0.527508
0.527484
0.527484
0.527485
0.527473
0.527508
0.52752
0.527537
0.527531
0.527563
0.527553
0.527549
0.527558
0.527563
0.527552
0.527547
0.52755
0.527543
0.527519
0.527533
0.527537
0.527582
0.527572
0.52755
0.527568
0.527572
0.527573
0.527571
0.527517
0.52751
0.527481
0.527473
0.527436
0.527405
0.527399
0.527383
0.527373
0.52737
0.527382
0.527365
0.527372
0.527354
0.527347
0.527361
0.527392
0.527391
0.527392
0.527398
0.52744
0.527459
0.527498
0.5275
0.527487
0.527472
0.527485
0.527496
0.527502
0.527505
0.527496
0.527497
0.527476
0.527447
0.527493
0.527486
0.527483
0.527474
0.527504
0.527507
0.527516
0.52757
0.527626
0.527623
0.527647
0.527652
0.527631
0.527672
0.527681
0.527707
0.527724
0.52772
0.527731
0.527746
0.527744
0.527747
0.527769
0.527807
0.527792
0.527799
0.527805
0.527775
0.527769
0.527759
0.527807
0.527794
0.527803
0.527814
0.527827
0.527851
0.527823
0.527843
0.527843
0.527845
0.527818
0.527771
0.527743
0.527733
0.527746
0.527761
0.527777
0.527752
0.527778
0.527822
0.527831
0.527833
0.527807
0.527802
0.527806
0.527825
0.527858
0.527852
0.527843
0.527854
0.527862
0.527876
0.527853
0.527828
0.527841
0.527835
0.527814
0.527808
0.527793
0.527801
0.527808
0.527854
0.527852
0.527873
0.527877
0.527833
0.52779
0.5278
0.527782
0.527756
0.527725
0.527695
0.5277
0.527699
0.527706
0.527725
0.527702
0.527718
0.527733
0.527726
0.527713
0.527717
0.527711
0.527751
0.527768
0.527781
0.527822
0.527818
0.527805
0.527788
0.527753
0.527719
0.527761
0.527753
0.527778
0.527784
0.527764
0.527785
0.527784
0.527774
0.527748
0.527717
0.527703
0.527661
0.527664
0.527643
0.527622
0.527614
0.527632
0.527632
0.527638
0.527608
0.527595
0.527575
0.527562
0.527545
0.527519
0.527495
0.527454
0.527433
0.527445
0.527452
0.52745
0.527422
0.527406
0.527379
0.527395
0.527402
0.527398
0.527414
0.527406
0.527394
0.527417
0.527414
0.527412
0.527401
0.527419
0.527416
0.527416
0.527426
0.527439
0.527438
0.527461
0.527474
0.527493
0.527491
0.527488
0.52748
0.52749
0.527504
0.527532
0.527517
0.527511
0.52751
0.527509
0.527498
0.527503
0.527497
0.527486
0.527489
0.527489
0.527465
0.527444
0.527444
0.527461
0.527479
0.527481
0.527469
0.527493
0.527482
0.52744
0.527427
0.527409
0.527391
0.527415
0.527431
0.527444
0.527446
0.52745
0.527457
0.527454
0.527473
0.527459
0.52743
0.527418
0.527432
0.52742
0.527452
0.527448
0.527444
0.527435
0.52743
0.527432
0.527424
0.52741
0.527423
0.527395
0.527406
0.527396
0.527385
0.527355
0.52735
0.527364
0.527358
0.527378
0.527384
0.527394
0.527382
0.527387
0.527401
0.527417
0.52744
0.527448
0.527474
0.527462
0.527451
0.527434
0.527403
0.52739
0.52738
0.527346
0.52734
0.527326
0.527325
0.527299
0.527304
0.52731
0.527308
0.527319
0.52733
0.527326
0.527339
0.527366
0.527408
0.527401
0.527429
0.527422
0.527415
0.527438
0.527457
0.527449
0.527467
0.52748
0.527479
0.527506
0.527499
0.527514
0.527524
0.527509
0.527483
0.527484
0.527468
0.527479
0.527478
0.527487
0.52751
0.527544
0.52754
0.527542
0.527549
0.527558
0.527545
0.527546
0.527549
0.527561
0.527561
0.52758
0.527604
0.527641
0.52763
0.527624
0.527614
0.527613
0.527648
0.527634
0.527655
0.527632
0.527613
0.527618
0.527641
0.527652
0.527628
0.527604
0.52762
0.527624
0.527642
0.527641
0.527653
0.52765
0.527655
0.527655
0.527666
0.527693
0.527697
0.527709
0.527738
0.527767
0.52777
0.527773
0.527761
0.527752
0.527723
0.527729
0.527732
0.52772
0.527714
0.527688
0.527678
0.527701
0.527758
0.527786
0.527803
0.527827
0.527838
0.527832
0.527827
0.527816
0.527823
0.52784
0.527838
0.527816
0.527791
0.527806
0.527821
0.527826
0.527829
0.52784
0.527861
0.527864
0.52789
0.527881
0.52787
0.527855
0.527873
0.527838
0.527823
0.527826
0.527809
0.527822
0.527813
0.527829
0.527825
0.527808
0.527791
0.527771
0.527758
0.527735
0.527742
0.527763
0.527761
0.527761
0.527772
0.527781
0.5278
0.527816
0.527814
0.52781
0.527822
0.527836
0.52783
0.527851
0.527865
0.527884
0.527908
0.527908
0.527925
0.527929
0.527938
0.527896
0.527899
0.52786
0.52785
0.527856
0.527856
0.52783
0.527833
0.52785
0.527826
0.527811
0.527809
0.527802
0.527789
0.527771
0.527767
0.527752
0.527789
0.52779
0.527783
0.527775
0.527791
0.52779
0.52779
0.527799
0.527803
0.527799
0.52781
0.52781
0.527832
0.527858
0.527866
0.527872
0.527895
0.527906
0.527901
0.527917
0.527922
0.527934
0.527918
0.527945
0.527941
0.527916
0.527911
0.527922
0.527939
0.527958
0.527974
0.527966
0.527947
0.527933
0.527931
0.527934
0.527958
0.527919
0.527909
0.52791
0.527904
0.527906
0.527912
0.527913
0.527906
0.527909
0.527915
0.527926
0.527927
0.527927
0.52791
0.527916
0.527906
0.527933
0.527934
0.527914
0.527926
0.527945
0.527936
0.527922
0.527906
0.527907
0.527911
0.527895
0.52789
0.52791
0.527923
0.527906
0.527892
0.527873
0.52788
0.527916
0.527926
0.527908
0.527907
0.527888
0.527896
0.527883
0.527865
0.527883
0.52789
0.527902
0.527901
0.527894
0.527888
0.527908
0.527942
0.527949
0.527982
0.527979
0.528015
0.52799
0.527967
0.527963
0.527961
0.527951
0.527978
0.527962
0.527968
0.527951
0.527964
0.527965
0.527973
0.527969
0.527984
0.527986
0.527991
0.527999
0.528018
0.527999
0.52798
0.527961
0.527911
0.527874
0.5279
0.527895
0.527879
0.527864
0.527868
0.527868
0.527894
0.527884
0.527877
0.527858
0.527848
0.527854
0.527847
0.527848
0.527842
0.527863
0.527862
0.527856
0.527852
0.527858
0.52786
0.527872
0.527895
0.527912
0.527929
0.527948
0.527937
0.527939
0.527944
0.527941
0.527951
0.52797
0.52796
0.527946
0.527951
0.527957
0.527975
0.527987
0.527984
0.528
0.527995
0.52798
0.52799
0.527997
0.528011
0.528017
0.528008
0.528016
0.528021
0.528028
0.527998
0.527998
0.528012
0.528013
0.528012
0.528012
0.528035
0.528015
0.528009
0.527998
0.52802
0.528036
0.528019
0.528011
0.528039
0.528038
0.528049
0.528075
0.52806
0.528072
0.528056
0.528068
0.528065
0.528054
0.528065
0.528067
0.528078
0.528081
0.528087
0.528081
0.528105
0.528139
0.52815
0.528163
0.528191
0.528186
0.528165
0.528146
0.528129
0.528123
0.528113
0.528088
0.528081
0.528073
0.528078
0.528083
0.528084
0.52807
0.528046
0.52802
0.527996
0.527976
0.527967
0.527969
0.527959
0.527954
0.527944
0.527928
0.527932
0.527949
0.527942
0.527909
0.527914
0.527907
0.527902
0.527895
0.527907
0.527894
0.527868
0.527863
0.527835
0.527832
0.527839
0.527842
0.527829
0.527807
0.527791
0.527781
0.527774
0.527765
0.527773
0.527761
0.527761
0.527775
0.527779
0.527794
0.527807
0.527819
0.527806
0.5278
0.5278
0.527796
0.527795
0.527807
0.527806
0.527771
0.527792
0.52779
0.527788
0.527783
0.527798
0.527792
0.527789
0.527789
0.527804
0.527796
0.527808
0.527823
0.52784
0.527844
0.527849
0.527836
0.527828
0.527824
0.527824
0.527806
0.527796
0.527795
0.527801
0.527802
0.527785
0.527775
0.527785
0.527769
0.527779
0.527802
0.527813
0.52781
0.527823
0.527808
0.527783
0.527786
0.527779
0.527782
0.527777
0.527758
0.527743
0.527744
0.52775
0.527746
0.527739
0.527744
0.527747
0.527745
0.527758
0.527756
0.527745
0.527735
0.527757
0.527764
0.527758
0.527724
0.52773
0.52774
0.527717
0.527723
0.527709
0.527697
0.527701
0.527705
0.527687
0.527686
0.527697
0.527705
0.527729
0.527729
0.527731
0.527724
0.527719
0.52772
0.527706
0.527734
0.527718
0.527719
0.527718
0.527708
0.527709
0.52769
0.527686
0.527666
0.527645
0.527648
0.527659
0.52767
0.527679
0.527699
0.527725
0.52773
0.527752
0.527751
0.527756
0.527771
0.527758
0.527771
0.527775
0.527782
0.527777
0.527774
0.527755
0.527711
0.527703
0.527689
0.52767
0.527668
0.527651
0.52764
0.527659
0.527635
0.527634
0.527633
0.527619
0.527637
0.527624
0.527617
0.527633
0.52766
0.52769
0.527706
0.527745
0.527748
0.527747
0.527736
0.527742
0.527739
0.527729
0.527748
0.527765
0.527763
0.527771
0.527756
0.527741
0.527739
0.52774
0.527759
0.527738
0.527743
0.52774
0.527773
0.527794
0.527827
0.527837
0.527843
0.527859
0.527862
0.527872
0.527845
0.527847
0.527837
0.527837
0.527811
0.527795
0.52776
0.527754
0.527769
0.527766
0.527765
0.527793
0.527829
0.527827
0.52785
0.527868
0.527871
0.527873
0.527872
0.52788
0.527864
0.527874
0.527864
0.527867
0.52787
0.527877
0.527878
0.527884
0.527901
0.527899
0.527888
0.527899
0.527895
0.527904
0.527919
0.5279
0.527894
0.527889
0.52787
0.527855
0.527846
0.527848
0.527837
0.527826
0.52783
0.527848
0.527854
0.527839
0.527816
0.527814
0.527808
0.527799
0.527802
0.52779
0.527781
0.527783
0.527803
0.527829
0.527825
0.527813
0.527824
0.527846
0.527821
0.527829
0.527822
0.527801
0.527796
0.527804
0.52782
0.527824
0.527837
0.527828
0.527826
0.527836
0.527843
0.527827
0.527832
0.527824
0.527815
0.527821
0.527834
0.527832
0.527835
0.527851
0.527864
0.527867
0.527851
0.527859
0.527875
0.527888
0.527907
0.527885
0.527876
0.52787
0.527864
0.52787
0.527877
0.527895
0.527898
0.527902
0.527915
0.527925
0.52793
0.527929
0.52792
0.527915
0.527929
0.527917
0.52793
0.527928
0.527931
0.527953
0.527938
0.527922
0.527925
0.527925
0.52791
0.527913
0.527918
0.527912
0.527917
0.52792
0.527936
0.527911
0.527929
0.527947
0.527942
0.527933
0.527937
0.527931
0.52793
0.527928
0.52793
0.527941
0.527929
0.52792
0.527907
0.527895
0.527914
0.527892
0.527888
0.527893
0.527898
0.527896
0.527893
0.527905
0.527902
0.527896
0.527902
0.527902
0.52788
0.527902
0.52789
0.527882
0.527893
0.527893
0.527895
0.52786
0.527876
0.527867
0.527883
0.527862
0.527847
0.52787
0.527891
0.527916
0.527942
0.527942
0.527971
0.527967
0.527971
0.527961
0.527962
0.527966
0.52795
0.527949
0.527965
0.527979
0.527994
0.52799
0.527986
0.527977
0.527974
0.527978
0.527951
0.52793
0.527927
0.527921
0.527934
0.527962
0.527963
0.527969
0.527962
0.527935
0.527931
0.527933
0.527922
0.527916
0.527899
0.527898
0.527923
0.527915
0.527919
0.527922
0.527916
0.527917
0.527931
0.527949
0.527934
0.527922
0.527915
0.527913
0.527913
0.527917
0.527915
0.527924
0.527911
0.527914
0.527928
0.527926
0.527918
0.527917
0.527915
0.527905
0.5279
0.527905
0.527909
0.527899
0.527894
0.527866
0.527873
0.527869
0.527897
0.5279
0.527882
0.527877
0.527873
0.52786
0.527879
0.527885
0.527883
0.52789
0.527915
0.527903
0.527902
0.527887
0.5279
0.527907
0.527915
0.527918
0.527945
0.527962
0.527944
0.527938
0.527945
0.527952
0.527951
0.527978
0.527985
0.527982
0.527981
0.527973
0.527956
0.527972
0.527978
0.527975
0.527962
0.527947
0.52794
0.527954
0.527944
0.527929
0.527938
0.527931
0.527951
0.527949
0.527948
0.527958
0.527969
0.527991
0.527993
0.527992
0.527976
0.527991
0.527995
0.527999
0.528009
0.528019
0.528012
0.52802
0.528034
0.528038
0.528036
0.528036
0.52803
0.52802
0.52802
0.528001
0.528012
0.528015
0.52802
0.528015
0.528006
0.528014
0.528007
0.528025
0.528049
0.528051
0.528063
0.528074
0.528087
0.528085
0.528078
0.528076
0.528088
0.528087
0.528086
0.528065
0.528035
0.52803
0.528033
0.528032
0.528051
0.528056
0.528061
0.528053
0.528038
0.528014
0.528009
0.52799
0.527991
0.527989
0.527995
0.527983
0.527996
0.527989
0.527989
0.52799
0.52797
0.527962
0.527978
0.527984
0.528008
0.528013
0.528019
0.528031
0.52805
0.528051
0.528048
0.528041
0.528038
0.528039
0.528039
0.528035
0.528036
0.528043
0.528067
0.528074
0.528093
0.528119
0.528127
0.528129
0.528134
0.528112
0.528127
0.528141
0.528134
0.52814
0.528128
0.528118
0.528109
0.528102
0.528109
0.528112
0.528108
0.528132
0.52811
0.528115
0.528114
0.52811
0.528122
0.528125
0.52813
0.528137
0.528125
0.528129
0.528131
0.528121
0.528091
0.528062
0.528051
0.528048
0.528039
0.528035
0.528019
0.528011
0.528014
0.528012
0.528016
0.527999
0.527997
0.528002
0.528002
0.528008
0.528003
0.528006
0.527997
0.528007
0.527999
0.528002
0.528005
0.528011
0.52802
0.528004
0.528003
0.528008
0.528044
0.528055
0.528065
0.528066
0.528056
0.52806
0.528065
0.528088
0.528106
0.528116
0.528118
0.528121
0.528104
0.528101
0.528094
0.528086
0.528085
0.528084
0.52809
0.528096
0.528089
0.528102
0.528098
0.528115
0.528126
0.528142
0.52815
0.528154
0.528157
0.528173
0.528184
0.528171
0.528161
0.528164
0.528156
0.52813
0.528116
0.528107
0.528089
0.528087
0.528078
0.528076
0.528055
0.52805
0.528039
0.528037
0.52803
0.528026
0.528019
0.528016
0.528031
0.528038
0.528028
0.528031
0.528032
0.528039
0.528021
0.528003
0.527995
0.527994
0.52801
0.52801
0.528008
0.528009
0.528002
0.528006
0.528018
0.528034
0.528045
0.528053
0.528067
0.52808
0.528077
0.528084
0.528075
0.528067
0.528041
0.528024
0.528024
0.528012
0.527992
0.527987
0.527981
0.527981
0.527988
0.527995
0.527991
0.527969
0.527958
0.527951
0.527942
0.527951
0.527954
0.527953
0.527943
0.527946
0.527938
0.527937
0.527942
0.527949
0.527956
0.527957
0.527953
0.52796
0.527973
0.528004
0.528012
0.528005
0.528017
0.528021
0.528021
0.528013
0.528026
0.528028
0.528028
0.528013
0.528015
0.527995
0.527998
0.528003
0.527995
0.527974
0.527975
0.527976
0.527988
0.52797
0.527967
0.527964
0.527959
0.527968
0.527974
0.527991
0.527984
0.527991
0.528008
0.528002
0.527997
0.527988
0.527991
0.527995
0.528003
0.527999
0.527988
0.527995
0.528024
0.528043
0.528067
0.528078
0.528085
0.528108
0.528106
0.5281
0.528094
0.52809
0.528098
0.528103
0.528096
0.528096
0.528105
0.528109
0.528114
0.528108
0.528096
0.528097
0.528105
0.528102
0.528095
0.528085
0.528094
0.528104
0.528099
0.528101
0.528107
0.528097
0.528108
0.528122
0.528111
0.528119
0.528126
0.528156
0.528167
0.52817
0.528184
0.528196
0.528193
0.528174
0.528172
0.528169
0.528145
0.52815
0.528145
0.528141
0.528137
0.528132
0.528136
0.528131
0.528117
0.528113
0.528103
0.52809
0.528082
0.528075
0.528062
0.528054
0.528061
0.528051
0.528062
0.528057
0.52806
0.528071
0.528074
0.528062
0.528067
0.528075
0.52807
0.528059
0.528065
0.528054
0.528055
0.528052
0.528043
0.528058
0.528057
0.528056
0.528069
0.528067
0.528069
0.52807
0.528078
0.528088
0.528076
0.52807
0.528071
0.528076
0.52807
0.528065
0.528066
0.528068
0.528074
0.52809
0.528091
0.528083
0.528077
0.528087
0.528101
0.528111
0.528127
0.528126
0.528128
0.528143
0.528141
0.52813
0.528134
0.528126
0.528141
0.528133
0.528128
0.528122
0.528109
0.528126
0.528134
0.528125
0.528109
0.528104
0.528111
0.528118
0.528121
0.52812
0.528123
0.528125
0.528151
0.528171
0.528164
0.528165
0.528158
0.528141
0.528135
0.528135
0.528132
0.528143
0.528143
0.528143
0.528125
0.528127
0.528119
0.52812
0.52812
0.528124
0.528135
0.528135
0.528149
0.528151
0.528152
0.528163
0.528167
0.52817
0.528175
0.528173
0.52817
0.528148
0.528131
0.528121
0.528098
0.528082
0.528091
0.528093
0.528076
0.52807
0.528079
0.528078
0.528075
0.528069
0.52807
0.528073
0.528078
0.528069
0.528084
0.528094
0.528099
0.528101
0.528088
0.528094
0.528104
0.528095
0.52809
0.528087
0.528096
0.528099
0.528105
0.528112
0.528116
0.528126
0.528138
0.528144
0.528142
0.528147
0.528148
0.528155
0.52815
0.528148
0.528143
0.528138
0.528129
0.528123
0.528139
0.528151
0.528163
0.528157
0.528164
0.528166
0.528183
0.528172
0.528195
0.528205
0.528205
0.528202
0.528211
0.528209
0.528197
0.528195
0.528195
0.528182
0.528173
0.528164
0.528159
0.528142
0.528129
0.528116
0.528094
0.528083
0.528074
0.528072
0.528076
0.528073
0.528057
0.528048
0.528048
0.528052
0.528058
0.528058
0.528055
0.528047
0.528039
0.528028
0.528027
0.528037
0.528041
0.52804
0.528024
0.528024
0.528019
0.528026
0.528018
0.528013
0.528
0.527996
0.527993
0.527993
0.528009
0.527983
0.527975
0.527967
0.527957
0.527955
0.527955
0.527944
0.527941
0.527943
0.52797
0.527968
0.52796
0.527978
0.527979
0.527985
0.527998
0.527984
0.527993
0.52799
0.527987
0.527983
0.527994
0.527999
0.527985
0.527972
0.527952
0.527938
0.527946
0.527946
0.527953
0.527954
0.527944
0.527931
0.527919
0.527922
0.527934
0.52794
0.527929
0.527919
0.527912
0.527914
0.52793
0.527925
0.527921
0.527909
0.527904
0.52791
0.527907
0.527909
0.527922
0.52792
0.527928
0.527944
0.52794
0.527943
0.527938
0.527935
0.527935
0.527943
0.527938
0.527953
0.527954
0.527949
0.52796
0.527965
0.527955
0.527953
0.527948
0.527945
0.52793
0.527918
0.527935
0.527934
0.527925
0.527923
0.527916
0.527921
0.527932
0.527947
0.527959
0.527949
0.527949
0.527958
0.527971
0.527988
0.527981
0.527986
0.527984
0.527985
0.527993
0.528005
0.528014
0.528018
0.528025
0.528029
0.528037
0.528051
0.528046
0.528059
0.528059
0.528058
0.528048
0.528037
0.528025
0.528012
0.527996
0.528002
0.528003
0.528
0.528005
0.527992
0.527987
0.527989
0.527988
0.52798
0.52797
0.527983
0.527992
0.527999
0.527984
0.527989
0.527987
0.527995
0.528015
0.528025
0.528023
0.52802
0.528022
0.52802
0.528027
0.528022
0.528002
0.528005
0.528011
0.528001
0.528012
0.528014
0.528023
0.528015
0.528024
0.528025
0.528036
0.528025
0.528023
0.528016
0.528018
0.528026
0.528025
0.528025
0.528004
0.527996
0.527996
0.527994
0.527988
0.527994
0.527985
0.527974
0.527958
0.527953
0.527964
0.527958
0.527957
0.527951
0.527959
0.527952
0.527954
0.527952
0.527962
0.52795
0.527939
0.527935
0.527946
0.527934
0.527918
0.52792
0.527935
0.527944
0.527943
0.527944
0.527943
0.527936
0.527935
0.527936
0.527944
0.527934
0.527941
0.527946
0.527944
0.527937
0.527928
0.527928
0.527932
0.527926
0.52793
0.527915
0.527917
0.527928
0.527937
0.527946
0.527949
0.527957
0.527963
0.527968
0.527966
0.527966
0.527986
0.527996
0.527984
0.52798
0.527988
0.528001
0.528006
0.527998
0.527991
0.528012
0.528012
0.528013
0.528021
0.528015
0.528017
0.52801
0.528007
0.528011
0.527994
0.528001
0.527998
0.527995
0.527987
0.52798
0.527975
0.527966
0.527969
0.527962
0.527967
0.527963
0.527966
0.527969
0.527976
0.527982
0.527971
0.527973
0.52798
0.527979
0.527983
0.52801
0.528019
0.528005
0.527991
0.527992
0.527993
0.527995
0.527992
0.527989
0.527992
0.527998
0.52801
0.528011
0.528017
0.528021
0.528026
0.528025
0.528021
0.528017
0.528029
0.528027
0.528046
0.528045
0.528057
0.52806
0.528061
0.528076
0.528082
0.528094
0.528104
0.528092
0.528084
0.528076
0.528068
0.528085
0.528094
0.528102
0.528098
0.528093
0.528077
0.528085
0.528092
0.528096
0.528099
0.528098
0.528084
0.528083
0.528091
0.528111
0.528112
0.528114
0.528119
0.528117
0.528117
0.528121
0.528134
0.528146
0.528151
0.528153
0.528143
0.528148
0.528142
0.528127
0.528118
0.52811
0.5281
0.5281
0.528094
0.528083
0.528072
0.52807
0.528065
0.528061
0.528066
0.528066
0.528057
0.528072
0.528078
0.528072
0.528055
0.528061
0.528057
0.528063
0.528061
0.528066
0.528062
0.528048
0.528048
0.528045
0.528036
0.528042
0.528056
0.528046
0.52805
0.528058
0.528063
0.528057
0.528082
0.528095
0.528101
0.528102
0.528115
0.528116
0.528122
0.528111
0.528123
0.528122
0.528128
0.528123
0.528142
0.528149
0.528162
0.528161
0.528159
0.528156
0.52816
0.52817
0.528172
0.528177
0.528187
0.528191
0.528194
0.528211
0.528219
0.528225
0.528232
0.528234
0.528239
0.52825
0.528262
0.52826
0.528261
0.528259
0.528247
0.528244
0.52824
0.528243
0.528255
0.528258
0.528255
0.528264
0.528263
0.52828
0.528281
0.528286
0.528285
0.528289
0.528277
0.528284
0.528262
0.528268
0.528259
0.528251
0.528233
0.528221
