0.609929
0.559441
0.535469
0.505226
0.495132
0.482057
0.462398
0.461062
0.450196
0.436223
0.429517
0.428035
0.424852
0.419122
0.41944
0.421687
0.420345
0.41701
0.415103
0.415617
0.413668
0.410346
0.413871
0.411701
0.412483
0.412875
0.411513
0.41126
0.410399
0.409624
0.409702
0.410147
0.410136
0.410506
0.4101
0.409667
0.406977
0.407206
0.407898
0.408451
0.408642
0.407524
0.40588
0.406546
0.403531
0.402875
0.401251
0.402062
0.400622
0.399886
0.401873
0.402471
0.402028
0.401175
0.40014
0.400585
0.399797
0.399634
0.398198
0.400064
0.4013
0.400344
0.400986
0.400547
0.400419
0.400738
0.40035
0.399569
0.400142
0.400951
0.401768
0.402479
0.401666
0.401351
0.400705
0.400826
0.40023
0.400025
0.400075
0.400172
0.399124
0.398464
0.3986
0.398921
0.398169
0.397688
0.396745
0.395515
0.394298
0.393491
0.392675
0.391537
0.391766
0.391647
0.389841
0.389478
0.389166
0.388648
0.387702
0.387757
0.387303
0.386655
0.386333
0.385239
0.38442
0.383257
0.38259
0.383604
0.382884
0.382869
0.382712
0.382062
0.381217
0.380844
0.380293
0.380384
0.379331
0.378935
0.37893
0.378268
0.378881
0.378758
0.378151
0.378235
0.378169
0.377569
0.377504
0.377326
0.377431
0.376571
0.376054
0.375613
0.375337
0.375269
0.375194
0.375385
0.375336
0.375271
0.374731
0.374296
0.374354
0.374297
0.373769
0.373016
0.3737
0.373487
0.3736
0.373828
0.374095
0.374201
0.373602
0.37361
0.373063
0.373279
0.373097
0.372613
0.372198
0.371762
0.371418
0.371729
0.371018
0.370531
0.370731
0.371032
0.370958
0.370375
0.37025
0.370083
0.369917
0.369716
0.369728
0.369151
0.368886
0.368874
0.368569
0.368746
0.36846
0.367971
0.367787
0.367705
0.367674
0.367844
0.368268
0.368556
0.36839
0.368586
0.368594
0.368227
0.367799
0.367696
0.367894
0.367477
0.367578
0.367724
0.367516
0.367339
0.367457
0.36763
0.367169
0.366504
0.366347
0.366297
0.36648
0.36629
0.366447
0.3666
0.366533
0.366476
0.366086
0.365758
0.365903
0.365909
0.365818
0.36561
0.365479
0.365682
0.365693
0.365432
0.365554
0.365515
0.365307
0.365236
0.364983
0.364732
0.364524
0.364427
0.36402
0.364099
0.36427
0.364371
0.364439
0.364436
0.364232
0.364473
0.364407
0.364139
0.364315
0.364506
0.36474
0.364744
0.364685
0.364693
0.364995
0.36485
0.364729
0.364908
0.365118
0.365079
0.365117
0.365345
0.365653
0.365853
0.365844
0.365764
0.365601
0.365877
0.366161
0.366795
0.366981
0.36721
0.367477
0.367832
0.367986
0.368228
0.368594
0.368931
0.369157
0.369563
0.369696
0.369937
0.370301
0.370412
0.370538
0.370759
0.370899
0.371009
0.371166
0.371631
0.37169
0.371936
0.371897
0.371648
0.371971
0.37211
0.372115
0.372081
0.37204
0.372204
0.372442
0.372498
0.372597
0.372657
0.372864
0.372719
0.372828
0.373273
0.373044
0.373029
0.37337
0.373448
0.373676
0.373789
0.373902
0.373905
0.373921
0.374161
0.37442
0.374558
0.3747
0.374573
0.374734
0.374747
0.374854
0.374976
0.375024
0.375085
0.375329
0.37558
0.375658
0.375529
0.375464
0.375391
0.375303
0.375365
0.375611
0.376034
0.376121
0.376153
0.376111
0.376312
0.37615
0.376224
0.376453
0.37661
0.376631
0.376832
0.37669
0.376997
0.377061
0.377158
0.377383
0.377414
0.377485
0.377695
0.377982
0.378043
0.378116
0.378352
0.378599
0.378468
0.378803
0.37899
0.379137
0.379201
0.379241
0.379322
0.379541
0.379693
0.37977
0.379801
0.379823
0.379786
0.379907
0.379872
0.379887
0.379968
0.380161
0.38032
0.380398
0.38054
0.380377
0.380367
0.380154
0.380202
0.380223
0.380607
0.380751
0.381054
0.381175
0.381021
0.381299
0.381297
0.381412
0.381603
0.381504
0.38166
0.381614
0.38181
0.381888
0.382019
0.382015
0.382098
0.382049
0.382245
0.38233
0.382526
0.382697
0.382846
0.383141
0.383099
0.383303
0.383247
0.383465
0.38373
0.383777
0.383816
0.383722
0.383814
0.383757
0.383851
0.384059
0.384145
0.384216
0.38434
0.384401
0.384663
0.384638
0.384788
0.384976
0.384949
0.385114
0.385282
0.385357
0.38558
0.385887
0.385858
0.385671
0.385911
0.385858
0.385947
0.386139
0.386334
0.386283
0.386553
0.386768
0.386764
0.386845
0.387107
0.387051
0.386985
0.386883
0.38698
0.386912
0.386891
0.387103
0.387044
0.38689
0.386863
0.386904
0.386892
0.386772
0.386821
0.38717
0.387272
0.387241
0.387485
0.387725
0.387964
0.388002
0.388126
0.387985
0.38809
0.388221
0.388303
0.388331
0.388334
0.388381
0.38866
0.388782
0.388766
0.388925
0.388819
0.388879
0.388822
0.388839
0.388935
0.389129
0.389236
0.389162
0.389289
0.389246
0.38949
0.389466
0.389724
0.389705
0.389796
0.389804
0.389905
0.390065
0.39042
0.390551
0.390598
0.39056
0.390603
0.3908
0.39073
0.390953
0.391049
0.390987
0.391078
0.391098
0.391251
0.391151
0.390967
0.391067
0.390966
0.390893
0.390903
0.391004
0.391084
0.391233
0.391319
0.391342
0.39133
0.391354
0.391629
0.39162
0.391481
0.391514
0.391389
0.39147
0.391618
0.391462
0.391569
0.391525
0.391595
0.39164
0.391655
0.391697
0.391779
0.392041
0.391994
0.392255
0.39231
0.39256
0.392593
0.39271
0.392701
0.392811
0.392937
0.392927
0.393087
0.393072
0.393131
0.393136
0.393205
0.39334
0.393481
0.393652
0.393776
0.393859
0.393788
0.393751
0.394014
0.394234
0.394292
0.394458
0.394357
0.394495
0.39457
0.394532
0.394549
0.394559
0.394656
0.394607
0.394544
0.394609
0.394605
0.394551
0.394577
0.394676
0.394786
0.394937
0.394967
0.394991
0.395074
0.395098
0.395014
0.395088
0.395269
0.395248
0.395305
0.395439
0.395328
0.395338
0.395338
0.395469
0.395515
0.395683
0.395811
0.395863
0.395925
0.396016
0.395933
0.396133
0.396126
0.396132
0.396324
0.396402
0.396426
0.39651
0.396467
0.396432
0.396366
0.396426
0.39631
0.396283
0.39614
0.3962
0.396212
0.396152
0.396179
0.396219
0.396285
0.396132
0.395924
0.395874
0.395821
0.395857
0.3959
0.395705
0.395623
0.395502
0.395499
0.395382
0.395335
0.395401
0.395375
0.395385
0.395372
0.395457
0.395486
0.395578
0.395438
0.395422
0.395252
0.395041
0.39506
0.395068
0.39512
0.395106
0.394974
0.394937
0.394926
0.394885
0.394915
0.394864
0.394951
0.395054
0.395037
0.394849
0.394975
0.394945
0.39501
0.395056
0.395046
0.395191
0.395165
0.395247
0.39533
0.39535
0.395494
0.395557
0.395613
0.395666
0.395716
0.395682
0.395713
0.39583
0.395941
0.396171
0.396249
0.396236
0.396227
0.396367
0.396402
0.396399
0.396468
0.39635
0.396309
0.396329
0.396284
0.396314
0.396404
0.396428
0.396415
0.396451
0.39651
0.396514
0.396561
0.396554
0.396565
0.396567
0.396558
0.396633
0.396564
0.396616
0.396593
0.396666
0.396729
0.39681
0.396926
0.396997
0.397124
0.397215
0.397211
0.397206
0.397227
0.397208
0.39714
0.397266
0.397347
0.39738
0.397424
0.397382
0.397331
0.397498
0.397555
0.397553
0.397465
0.397392
0.397401
0.397348
0.397419
0.39761
0.397596
0.397704
0.397752
0.397849
0.397826
0.397995
0.398077
0.398231
0.3983
0.398311
0.398419
0.398538
0.398604
0.398595
0.398564
0.398657
0.39862
0.3987
0.39857
0.398638
0.398615
0.398697
0.398753
0.398835
0.398896
0.398794
0.398891
0.398803
0.39888
0.398871
0.398815
0.398752
0.398694
0.398863
0.398903
0.398899
0.398989
0.398993
0.399011
0.399036
0.398987
0.399031
0.399019
0.399076
0.399045
0.399049
0.399026
0.399014
0.398994
0.399019
0.399037
0.398956
0.398947
0.398925
0.39905
0.399132
0.399162
0.3992
0.399345
0.399396
0.399488
0.399462
0.399526
0.399547
0.399613
0.399553
0.399611
0.399661
0.399705
0.399757
0.399812
0.399915
0.399938
0.400044
0.400056
0.400049
0.400033
0.400179
0.400227
0.400321
0.400372
0.40028
0.400198
0.400099
0.400084
0.400159
0.400159
0.400109
0.399995
0.399864
0.399728
0.399781
0.399756
0.399787
0.399772
0.39983
0.399878
0.399768
0.399781
0.399846
0.399938
0.399928
0.399938
0.399913
0.399827
0.399753
0.399691
0.399721
0.399741
0.39968
0.39972
0.39972
0.399767
0.399809
0.39991
0.400073
0.400161
0.400197
0.400236
0.400131
0.400158
0.400165
0.40016
0.400123
0.400167
0.400181
0.400202
0.400207
0.400274
0.400346
0.400374
0.400414
0.400412
0.400392
0.400423
0.400487
0.400527
0.4006
0.400594
0.400584
0.40065
0.400626
0.400646
0.400615
0.400619
0.400606
0.400624
0.400579
0.400592
0.400697
0.400835
0.400869
0.400861
0.400897
0.400887
0.400954
0.400906
0.40097
0.401062
0.401125
0.40105
0.401061
0.401088
0.401082
0.401127
0.401139
0.401221
0.401164
0.40109
0.401068
0.401057
0.401116
0.401096
0.40107
0.401092
0.401147
0.401262
0.401147
0.401144
0.401192
0.401214
0.401197
0.401243
0.401126
0.401154
0.401218
0.401352
0.40125
0.401199
0.401274
0.401367
0.401331
0.401417
0.401385
0.401274
0.401281
0.401247
0.401199
0.401251
0.401289
0.401244
0.401158
0.401194
0.401178
0.401225
0.401222
0.401394
0.401397
0.401303
0.401326
0.401485
0.401527
0.401616
0.40164
0.401682
0.401615
0.401622
0.40173
0.401689
0.401818
0.401773
0.401764
0.401817
0.401852
0.401835
0.40192
0.401997
0.401982
0.401979
0.401933
0.401886
0.401832
0.401858
0.401764
0.401702
0.401651
0.40168
0.401736
0.401762
0.401792
0.401896
0.401924
0.402022
0.402026
0.402079
0.402108
0.402134
0.402108
0.402129
0.40215
0.402125
0.402163
0.402182
0.402186
0.402131
0.402173
0.40219
0.402146
0.402183
0.402189
0.402161
0.402386
0.402448
0.402448
0.402578
0.402644
0.402642
0.402712
0.402643
0.402595
0.402657
0.40267
0.4027
0.402772
0.402779
0.402868
0.40288
0.402951
0.402913
0.402969
0.403006
0.402906
0.402877
0.402907
0.402965
0.403009
0.403134
0.403135
0.403131
0.403166
0.40321
0.403343
0.403315
0.403398
0.403414
0.403485
0.40353
0.403704
0.403793
0.403823
0.403826
0.403878
0.403942
0.404028
0.404059
0.404115
0.40409
0.40408
0.404038
0.404083
0.40401
0.404014
0.403894
0.403914
0.403866
0.403785
0.403785
0.403774
0.403818
0.40381
0.403797
0.403744
0.403729
0.403656
0.403602
0.403508
0.403441
0.403469
0.403502
0.403524
0.403503
0.403533
0.403463
0.403473
0.403327
0.403316
0.403344
0.403302
0.403198
0.403085
0.4031
0.403118
0.40309
0.403099
0.403074
0.403079
0.403024
0.402944
0.402877
0.402945
0.40294
0.402896
0.402878
0.402875
0.402804
0.402816
0.402835
0.402811
0.40278
0.402819
0.402793
0.40274
0.402728
0.40273
0.402736
0.402756
0.402731
0.402687
0.402677
0.402686
0.402683
0.402659
0.402595
0.402606
0.402618
0.402539
0.402462
0.402516
0.402543
0.402474
0.402488
0.402414
0.402243
0.402245
0.402163
0.402215
0.402196
0.402174
0.40212
0.40205
0.402035
0.402019
0.402004
0.402024
0.401947
0.401888
0.401771
0.401727
0.401717
0.401693
0.401682
0.401571
0.401522
0.401514
0.401494
0.40153
0.401563
0.401509
0.401529
0.401584
0.401487
0.401427
0.401424
0.401372
0.401374
0.401317
0.401248
0.40114
0.401116
0.401047
0.40111
0.401079
0.400997
0.40097
0.400965
0.40093
0.400926
0.400874
0.400807
0.400835
0.400809
0.400826
0.400845
0.400806
0.400863
0.400808
0.40072
0.400684
0.400639
0.400559
0.400551
0.400562
0.400533
0.400457
0.400395
0.400338
0.40039
0.40035
0.400386
0.400372
0.400377
0.400377
0.400394
0.400531
0.400538
0.400532
0.400501
0.400467
0.400514
0.400513
0.400534
0.400578
0.400633
0.400667
0.400729
0.400734
0.400756
0.400696
0.400766
0.400759
0.400782
0.400847
0.40086
0.400975
0.401038
0.401143
0.401177
0.401256
0.401299
0.401321
0.401342
0.401335
0.401355
0.401347
0.401373
0.401346
0.401374
0.401471
0.401497
0.40155
0.401557
0.401612
0.401614
0.401628
0.401628
0.401719
0.401643
0.401666
0.401671
0.40165
0.401643
0.401664
0.40175
0.401782
0.401842
0.401836
0.401869
0.401823
0.401811
0.401818
0.401899
0.401935
0.401944
0.401918
0.402009
0.402044
0.402034
0.402137
0.402182
0.402273
0.402312
0.402291
0.402266
0.402284
0.402361
0.402382
0.402489
0.402584
0.402571
0.402652
0.402755
0.402778
0.402772
0.402754
0.402737
0.40272
0.402652
0.402671
0.402624
0.402712
0.40278
0.402767
0.40285
0.402914
0.402972
0.40298
0.402976
0.403056
0.403101
0.403146
0.403115
0.403127
0.40307
0.403035
0.402982
0.40296
0.402924
0.402895
0.402857
0.402824
0.402818
0.402777
0.402737
0.40273
0.402697
0.402594
0.402567
0.402558
0.402505
0.402483
0.40238
0.402358
0.40232
0.402307
0.402308
0.4023
0.40224
0.402221
0.402154
0.402114
0.402084
0.402076
0.402052
0.402039
0.40203
0.402012
0.402017
0.401984
0.401972
0.401956
0.401963
0.401933
0.401922
0.401891
0.401816
0.401812
0.401873
0.401792
0.401728
0.401772
0.401751
0.401748
0.401734
0.401722
0.401716
0.401684
0.401592
0.401589
0.40154
0.401541
0.40153
0.401521
0.401477
0.40141
0.401412
0.401391
0.401387
0.401361
0.401332
0.40127
0.401295
0.401181
0.401174
0.401159
0.401108
0.401159
0.401128
0.401112
0.401093
0.401086
0.400956
0.400934
0.40082
0.400721
0.40074
0.400718
0.400722
0.400705
0.400723
0.400695
0.40067
0.400682
0.400699
0.400622
0.400575
0.400593
0.400511
0.400485
0.400441
0.400459
0.400429
0.400386
0.400389
0.400357
0.400347
0.400342
0.400325
0.400373
0.400346
0.400366
0.400372
0.400294
0.400361
0.400328
0.40031
0.400377
0.400421
0.40052
0.400559
0.400596
0.400588
0.400626
0.400651
0.400664
0.40065
0.40061
0.400586
0.400628
0.400626
0.400631
0.400699
0.400714
0.400733
0.400789
0.400786
0.40082
0.400864
0.400885
0.400889
0.400887
0.400892
0.400919
0.400898
0.400937
0.400919
0.400856
0.400839
0.40084
0.400893
0.400912
0.400932
0.400937
0.400977
0.400946
0.400913
0.400933
0.400987
0.40102
0.40102
0.40103
0.401051
0.401097
0.401119
0.401225
0.401221
0.401279
0.401277
0.401241
0.401269
0.401263
0.401226
0.401228
0.401258
0.401252
0.401258
0.401233
0.401283
0.401325
0.401353
0.401346
0.401318
0.401358
0.401401
0.401457
0.401481
0.401531
0.40155
0.401653
0.401637
0.401637
0.401688
0.401726
0.401757
0.401777
0.401758
0.401768
0.401786
0.401793
0.401766
0.401748
0.401709
0.401737
0.401807
0.401811
0.401814
0.401825
0.401848
0.401805
0.401765
0.401768
0.401779
0.401765
0.40181
0.401835
0.401871
0.401881
0.401891
0.401925
0.401932
0.401925
0.401952
0.401912
0.401969
0.401992
0.40201
0.401963
0.401977
0.401934
0.401918
0.401974
0.401959
0.40195
0.401931
0.402037
0.402091
0.402065
0.402082
0.402116
0.402102
0.402108
0.402129
0.402176
0.402189
0.402223
0.402196
0.402247
0.40227
0.402283
0.402259
0.402273
0.402343
0.40237
0.402338
0.402362
0.40238
0.402374
0.402396
0.40238
0.402392
0.402452
0.402505
0.402536
0.40255
0.402546
0.402611
0.402689
0.402662
0.402668
0.402689
0.402674
0.402637
0.402604
0.402613
0.402636
0.402674
0.402697
0.402692
0.402718
0.402759
0.402762
0.402793
0.402838
0.402888
0.402911
0.402905
0.402895
0.40291
0.40294
0.402961
0.402971
0.403004
0.402959
0.402921
0.402926
0.402895
0.402823
0.402869
0.40284
0.402891
0.402867
0.402844
0.402863
0.402902
0.402857
0.402804
0.402802
0.402786
0.40272
0.402706
0.402717
0.402678
0.402682
0.402702
0.402695
0.402727
0.40267
0.402642
0.402586
0.402555
0.402486
0.40247
0.402432
0.402407
0.402394
0.402421
0.402452
0.40243
0.40239
0.402426
0.402393
0.402435
0.402399
0.402375
0.402399
0.402427
0.402441
0.402425
0.402376
0.402306
0.402269
0.402274
0.402289
0.402275
0.402303
0.402331
0.402314
0.402319
0.402275
0.402253
0.40223
0.402203
0.402247
0.402247
0.402177
0.402119
0.402101
0.40208
0.402068
0.402094
0.402075
0.402035
0.402019
0.401979
0.401874
0.401867
0.401825
0.401841
0.401835
0.401795
0.401764
0.401724
0.401749
0.401708
0.401658
0.401635
0.401606
0.401588
0.401549
0.401538
0.401578
0.40162
0.401588
0.401561
0.401545
0.401528
0.401545
0.401484
0.401471
0.401472
0.401459
0.401435
0.401421
0.4014
0.401412
0.401461
0.401388
0.401367
0.401329
0.401323
0.401279
0.401211
0.401147
0.401166
0.401131
0.401121
0.401112
0.40111
0.401087
0.401147
0.401183
0.401201
0.401141
0.401089
0.401023
0.400968
0.400956
0.400979
0.400944
0.40094
0.400919
0.40087
0.400838
0.400849
0.400831
0.400861
0.400852
0.400871
0.400889
0.400874
0.400817
0.400834
0.40083
0.40088
0.40091
0.400924
0.400914
0.400994
0.401025
0.400996
0.401043
0.401051
0.401045
0.401039
0.401095
0.401094
0.40114
0.40119
0.401189
0.40123
0.401257
0.401252
0.401222
0.401266
0.401274
0.401319
0.401351
0.401357
0.401438
0.401454
0.401475
0.401462
0.401486
0.401482
0.401489
0.401537
0.401593
0.401597
0.401627
0.401647
0.401672
0.401715
0.401738
0.401747
0.401724
0.401675
0.401671
0.401633
0.401659
0.401666
0.401687
0.401697
0.401684
0.401695
0.401726
0.401715
0.401748
0.401777
0.401803
0.401805
0.401784
0.401835
0.401856
0.401841
0.401811
0.401805
0.401805
0.401766
0.401739
0.401737
0.401775
0.401805
0.401801
0.401805
0.401827
0.401832
0.401819
0.401769
0.401727
0.401733
0.401695
0.40167
0.401632
0.401629
0.40162
0.401575
0.401575
0.401562
0.401531
0.401493
0.401527
0.40148
0.401482
0.401431
0.401447
0.4014
0.401433
0.40146
0.401438
0.401467
0.40146
0.401447
0.401439
0.401388
0.401392
0.401311
0.401327
0.40128
0.401252
0.401267
0.401266
0.401235
0.401195
0.401183
0.401174
0.401171
0.401184
0.401127
0.401093
0.401149
0.401109
0.401098
0.401159
0.40121
0.401221
0.401204
0.40113
0.40112
0.401123
0.401154
0.401167
0.401208
0.40118
0.401201
0.401139
0.401109
0.4011
0.401125
0.40111
0.401117
0.401102
0.401099
0.401054
0.401035
0.401005
0.400995
0.400949
0.400943
0.400937
0.400917
0.400928
0.400895
0.400883
0.400877
0.400826
0.400788
0.40078
0.400756
0.400772
0.400783
0.400776
0.400814
0.400785
0.400802
0.400754
0.400772
0.400732
0.400743
0.400756
0.400786
0.400736
0.400694
0.400701
0.400676
0.400618
0.400632
0.400639
0.400631
0.400627
0.400579
0.400527
0.400539
0.400532
0.400529
0.400515
0.400427
0.400403
0.400406
0.400387
0.400428
0.400428
0.400393
0.400366
0.4003
0.400282
0.400263
0.40026
0.400206
0.40018
0.400147
0.400146
0.400176
0.400165
0.400144
0.400096
0.400052
0.4
0.399967
0.399944
0.39994
0.399916
0.399906
0.399858
0.399807
0.39982
0.399791
0.399793
0.399797
0.399757
0.399769
0.39974
0.399717
0.399734
0.39973
0.399741
0.399734
0.399724
0.399667
0.399642
0.399631
0.399668
0.399615
0.399622
0.399618
0.399608
0.399605
0.39962
0.399623
0.399591
0.399576
0.399574
0.399548
0.399538
0.399516
0.399492
0.399459
0.399492
0.399456
0.39944
0.399432
0.399417
0.399416
0.399398
0.399385
0.399316
0.399345
0.399349
0.399317
0.399292
0.399267
0.399255
0.399259
0.399287
0.399255
0.39928
0.399259
0.399264
0.399237
0.399251
0.399215
0.39922
0.399201
0.399168
0.399146
0.39914
0.399176
0.399161
0.399166
0.399142
0.399074
0.399061
0.399067
0.399061
0.399015
0.399016
0.39899
0.39897
0.398961
0.398955
0.398939
0.398874
0.398877
0.398854
0.398844
0.398821
0.398852
0.398889
0.398875
0.398855
0.398852
0.398859
0.398826
0.398798
0.398771
0.398776
0.398748
0.398698
0.39868
0.398652
0.398668
0.398668
0.398668
0.398656
0.398623
0.398591
0.39862
0.398609
0.398582
0.398559
0.398543
0.398541
0.398566
0.398552
0.398545
0.398514
0.398521
0.398509
0.398491
0.398442
0.398451
0.398419
0.3984
0.39842
0.398397
0.398434
0.398449
0.39844
0.398427
0.398403
0.398398
0.398436
0.398416
0.398375
0.398371
0.398397
0.39842
0.39842
0.398386
0.398428
0.398447
0.398435
0.39841
0.398405
0.398417
0.398419
0.398435
0.398465
0.398494
0.398443
0.398441
0.398503
0.398549
0.398555
0.398539
0.398549
0.398585
0.398604
0.39863
0.398641
0.398622
0.398659
0.398677
0.398687
0.398677
0.398726
0.398756
0.398754
0.398755
0.398763
0.398809
0.398808
0.398826
0.398825
0.398821
0.398888
0.398891
0.3989
0.398954
0.39898
0.398975
0.398994
0.399012
0.399043
0.399028
0.399014
0.399006
0.399013
0.399063
0.399084
0.399099
0.399112
0.399119
0.399149
0.399174
0.399208
0.399227
0.399278
0.399287
0.399323
0.399346
0.399403
0.399409
0.399377
0.399405
0.399392
0.399444
0.399465
0.399522
0.399524
0.399527
0.399554
0.399557
0.399564
0.399569
0.399599
0.399638
0.399685
0.399758
0.39975
0.399815
0.399874
0.399907
0.39992
0.399931
0.39998
0.399997
0.399975
0.400008
0.400031
0.400022
0.400032
0.400041
0.400062
0.400059
0.400076
0.400099
0.400085
0.400113
0.400111
0.400124
0.400108
0.400135
0.400127
0.400172
0.400197
0.400238
0.400275
0.400302
0.40031
0.400363
0.400333
0.400355
0.400349
0.400379
0.400428
0.400414
0.400447
0.400426
0.400438
0.400444
0.400454
0.400473
0.400508
0.40051
0.400528
0.400502
0.400511
0.400489
0.400484
0.400493
0.400521
0.400559
0.40065
0.400672
0.400689
0.400705
0.400732
0.400757
0.400807
0.400833
0.400868
0.40088
0.40089
0.400889
0.400961
0.400941
0.400976
0.400967
0.400975
0.400975
0.400969
0.400979
0.400981
0.401051
0.401016
0.401051
0.401086
0.401089
0.401118
0.401143
0.401166
0.401201
0.401201
0.401179
0.401188
0.401195
0.401216
0.401214
0.401252
0.40129
0.401307
0.401293
0.401294
0.401315
0.401328
0.401339
0.40135
0.40133
0.401333
0.401364
0.401371
0.401425
0.401505
0.401542
0.401531
0.401557
0.401554
0.401563
0.401562
0.401593
0.401617
0.40161
0.401605
0.401625
0.40165
0.401669
0.401707
0.401712
0.401747
0.401775
0.401796
0.401838
0.40181
0.401789
0.401786
0.401824
0.40181
0.40183
0.401839
0.401837
0.401852
0.401879
0.401892
0.401888
0.401941
0.401937
0.401995
0.402014
0.402055
0.402081
0.402075
0.402055
0.402076
0.402107
0.402139
0.402159
0.40219
0.402154
0.402179
0.402163
0.402149
0.402138
0.402157
0.402158
0.402147
0.40215
0.402122
0.402154
0.402189
0.402219
0.402227
0.402219
0.402212
0.402237
0.402297
0.402307
0.402336
0.402332
0.402376
0.402353
0.402401
0.402452
0.402464
0.402517
0.402543
0.402564
0.40257
0.402578
0.40261
0.402601
0.40265
0.402708
0.4027
0.40276
0.40275
0.402797
0.402803
0.402856
0.402842
0.402896
0.402917
0.402984
0.403001
0.403039
0.403048
0.403038
0.403047
0.403067
0.40304
0.403059
0.403064
0.403076
0.403087
0.403117
0.403085
0.403064
0.40308
0.40306
0.403086
0.403063
0.403031
0.403039
0.403046
0.403071
0.403086
0.403102
0.403145
0.403116
0.403122
0.403153
0.403224
0.403199
0.403224
0.403224
0.403235
0.403253
0.403216
0.403197
0.403201
0.403216
0.403262
0.40323
0.403315
0.403282
0.403293
0.403303
0.403314
0.403347
0.403386
0.403421
0.403456
0.403503
0.403535
0.403593
0.403623
0.403659
0.40368
0.403729
0.403716
0.403727
0.403778
0.403822
0.403822
0.403819
0.403829
0.403848
0.403878
0.403919
0.403937
0.403955
0.403951
0.403941
0.403935
0.403948
0.403958
0.403977
0.403996
0.404012
0.404011
0.403998
0.403996
0.403996
0.403977
0.403988
0.403998
0.403984
0.404016
0.404025
0.404055
0.40407
0.404075
0.404063
0.404068
0.404102
0.404114
0.404149
0.404177
0.404186
0.404216
0.404209
0.404259
0.40424
0.404284
0.404339
0.404399
0.404395
0.404417
0.404448
0.404452
0.404466
0.404513
0.404507
0.404478
0.40446
0.404486
0.404534
0.404556
0.404538
0.404571
0.404589
0.404602
0.404551
0.404577
0.404627
0.404634
0.40464
0.404652
0.404653
0.404692
0.404708
0.404776
0.404789
0.404821
0.404866
0.404898
0.404906
0.404885
0.404858
0.404882
0.404935
0.404945
0.404953
0.404976
0.404997
0.404975
0.404982
0.40501
0.404989
0.404979
0.404991
0.40506
0.405062
0.405104
0.405132
0.405157
0.405167
0.405201
0.405199
0.405196
0.405201
0.405201
0.405221
0.40523
0.405214
0.405173
0.405187
0.405194
0.405171
0.405237
0.40525
0.405251
0.405302
0.405318
0.405321
0.405306
0.405308
0.405349
0.405376
0.405421
0.405382
0.405401
0.405422
0.405412
0.405419
0.405457
0.40548
0.405526
0.405546
0.405568
0.405593
0.405597
0.405614
0.405622
0.405678
0.405656
0.405633
0.405655
0.405659
0.405637
0.405616
0.405607
0.405585
0.405617
0.405619
0.405626
0.4056
0.405641
0.405638
0.405672
0.405648
0.405649
0.405637
0.40566
0.405658
0.405674
0.405675
0.405667
0.405653
0.405649
0.405633
0.405621
0.405673
0.405706
0.405736
0.405763
0.405763
0.405762
0.405793
0.405771
0.405756
0.405759
0.405768
0.405765
0.405762
0.405772
0.405785
0.40582
0.405838
0.405876
0.40589
0.405918
0.405917
0.405906
0.405947
0.405967
0.405949
0.405959
0.405977
0.405977
0.405998
0.40602
0.406022
0.406044
0.406086
0.406125
0.406147
0.406144
0.406158
0.406174
0.406182
0.406185
0.406215
0.406257
0.406245
0.406265
0.40629
0.40634
0.406345
0.406397
0.406409
0.406434
0.406441
0.406437
0.406468
0.406474
0.406483
0.406498
0.406467
0.406478
0.406488
0.406476
0.40651
0.406518
0.406497
0.406544
0.406561
0.406558
0.406579
0.406594
0.406608
0.406648
0.40668
0.406699
0.406708
0.406717
0.406694
0.406711
0.406661
0.406706
0.406725
0.406736
0.406761
0.406755
0.406808
0.406804
0.406809
0.406854
0.40683
0.406823
0.406842
0.406822
0.406821
0.406822
0.406844
0.406882
0.406921
0.40695
0.407016
0.406996
0.407015
0.407026
0.407083
0.407099
0.407098
0.407123
0.407125
0.407134
0.407127
0.407148
0.407142
0.407162
0.407175
0.407174
0.407195
0.407224
0.407272
0.407252
0.407272
0.407274
0.407251
0.407271
0.407297
0.40734
0.407347
0.407358
0.407354
0.407322
0.407344
0.407348
0.407375
0.407421
0.407459
0.40749
0.40749
0.40753
0.407578
0.407614
0.407653
0.407699
0.407706
0.407711
0.407723
0.407718
0.407753
0.407775
0.407806
0.407855
0.407852
0.407868
0.40789
0.407915
0.40794
0.407939
0.407935
0.407905
0.407933
0.407939
0.407973
0.408002
0.40801
0.408043
0.408051
0.408061
0.408057
0.40803
0.408073
0.40808
0.408073
0.40808
0.408122
0.408147
0.408132
0.408132
0.408139
0.408132
0.408145
0.408172
0.408183
0.408177
0.408203
0.408204
0.408231
0.408228
0.408221
0.408236
0.408221
0.408243
0.408221
0.408212
0.408192
0.408182
0.408174
0.408165
0.40819
0.408204
0.40821
0.408254
0.408255
0.408274
0.408262
0.40829
0.408307
0.408295
0.408303
0.408302
0.408304
0.40831
0.408305
0.408317
0.408295
0.408308
0.40835
0.408352
0.408355
0.408403
0.408418
0.408415
0.408412
0.408416
0.408396
0.408394
0.408411
0.408411
0.408425
0.408453
0.408463
0.408446
0.408441
0.408461
0.408471
0.408485
0.408505
0.408496
0.408488
0.408525
0.408552
0.40857
0.408608
0.408583
0.408594
0.408614
0.408643
0.408651
0.408696
0.408714
0.408719
0.408748
0.408785
0.408791
0.408784
0.40878
0.408755
0.408726
0.408738
0.408731
0.408714
0.408714
0.408739
0.408698
0.408698
0.408675
0.408686
0.408681
0.408658
0.408667
0.408663
0.408663
0.408656
0.408661
0.408681
0.408663
0.408643
0.408625
0.408608
0.408594
0.408595
0.408592
0.40858
0.408585
0.408607
0.408602
0.408607
0.408614
0.40862
0.408579
0.408594
0.408603
0.408604
0.408609
0.408622
0.408631
0.40863
0.408653
0.40867
0.408676
0.408649
0.408628
0.408618
0.40864
0.408651
0.408656
0.408688
0.408723
0.408693
0.40871
0.408707
0.408783
0.408795
0.4088
0.408806
0.408798
0.408826
0.40888
0.408899
0.408943
0.408959
0.408984
0.408994
0.409017
0.40902
0.409001
0.409
0.408997
0.40901
0.409045
0.40907
0.409089
0.409085
0.409074
0.409073
0.409099
0.409124
0.409111
0.409161
0.409172
0.40919
0.409203
0.409188
0.409187
0.409238
0.409252
0.409245
0.40924
0.409245
0.409253
0.409259
0.409264
0.409298
0.409285
0.409307
0.409295
0.409296
0.409341
0.409321
0.40934
0.409337
0.409338
0.409348
0.409356
0.40937
0.409396
0.409416
0.409435
0.40945
0.409448
0.409447
0.409436
0.409418
0.40942
0.40943
0.409428
0.409437
0.409461
0.409503
0.409522
0.409525
0.409515
0.409514
0.409509
0.409506
0.409495
0.409506
0.409502
0.409479
0.409459
0.409451
0.409427
0.409409
0.409396
0.40941
0.409412
0.409405
0.409393
0.409393
0.409381
0.409356
0.409354
0.409349
0.40934
0.409332
0.40933
0.40935
0.409353
0.409356
0.409335
0.409336
0.409353
0.409367
0.409372
0.409394
0.409414
0.409465
0.409474
0.409489
0.409501
0.4095
0.409506
0.409517
0.409549
0.409562
0.40957
0.409585
0.409617
0.409605
0.40963
0.409623
0.409589
0.409594
0.409602
0.409582
0.409577
0.40956
0.409548
0.40954
0.409547
0.409526
0.40953
0.409524
0.409536
0.409554
0.409559
0.409585
0.409586
0.409586
0.409567
0.40959
0.409599
0.409624
0.409626
0.409648
0.409652
0.409656
0.409673
0.409695
0.409722
0.409742
0.409747
0.409742
0.409725
0.409767
0.409775
0.409785
0.409796
0.409773
0.409773
0.409764
0.409777
0.409784
0.409805
0.409807
0.409816
0.409818
0.409843
0.409845
0.409855
0.40987
0.409903
0.409911
0.409925
0.409931
0.409929
0.409939
0.409944
0.409943
0.409969
0.410019
0.410016
0.410031
0.410023
0.41005
0.410066
0.410084
0.410074
0.410088
0.410086
0.410087
0.410104
0.410097
0.410148
0.410176
0.410165
0.410202
0.410227
0.410239
0.410234
0.410236
0.410239
0.410228
0.410208
0.410225
0.410236
0.410232
0.410238
0.410247
0.410231
0.410233
0.410254
0.410262
0.410225
0.410252
0.410259
0.41028
0.410274
0.410276
0.410299
0.410337
0.410344
0.410347
0.410311
0.410344
0.410383
0.410378
0.410366
0.410361
0.41038
0.410362
0.410352
0.410352
0.410354
0.410351
0.410372
0.410383
0.410412
0.410456
0.410478
0.41051
0.410534
0.410541
0.410564
0.410559
0.410551
0.410563
0.410553
0.410546
0.410558
0.410555
0.410581
0.410597
0.410625
0.410612
0.410604
0.410614
0.410617
0.41064
0.41063
0.410666
0.410661
0.410672
0.410699
0.410691
0.41072
0.410729
0.41075
0.410738
0.410743
0.410774
0.410754
0.410724
0.410736
0.410728
0.410741
0.410758
0.410741
0.410767
0.410769
0.410806
0.410823
0.410843
0.410842
0.41083
0.410833
0.410803
0.410808
0.410817
0.410851
0.410863
0.410869
0.41087
0.410888
0.410901
0.410919
0.410912
0.410932
0.410954
0.410953
0.410977
0.411013
0.411028
0.411073
0.411063
0.411045
0.411018
0.411012
0.411008
0.411012
0.411005
0.411008
0.411012
0.411031
0.411
0.410992
0.410998
0.411025
0.411025
0.411005
0.411006
0.410992
0.410975
0.410965
0.410962
0.410961
0.410964
0.410966
0.410975
0.410942
0.410921
0.410911
0.410913
0.410881
0.410854
0.410855
0.410881
0.410872
0.410865
0.410825
0.410804
0.410801
0.410791
0.410765
0.410778
0.410787
0.410778
0.410762
0.410744
0.410734
0.410704
0.410678
0.410695
0.410666
0.410669
0.410657
0.410641
0.410641
0.41063
0.410619
0.410602
0.41059
0.410581
0.410572
0.410571
0.410601
0.410594
0.410585
0.410581
0.410553
0.410565
0.410547
0.410549
0.410543
0.410507
0.410483
0.410493
0.410482
0.410446
0.410424
0.410398
0.410378
0.410352
0.410341
0.410321
0.410321
0.410354
0.410327
0.410334
0.410341
0.410318
0.410299
0.410259
0.410265
0.410267
0.410275
0.410254
0.410243
0.410217
0.410197
0.410198
0.410187
0.410179
0.410184
0.410167
0.410162
0.410161
0.410151
0.410135
0.410106
0.410124
0.410121
0.410124
0.410111
0.410101
0.4101
0.410074
0.410034
0.410039
0.41003
0.409995
0.409998
0.409974
0.409963
0.409971
0.409958
0.409934
0.409926
0.409931
0.409909
0.40991
0.409903
0.409892
0.40989
0.40988
0.40985
0.409848
0.409832
0.409808
0.409794
0.409773
0.409757
0.409735
0.409743
0.40974
0.40972
0.40972
0.409708
0.409721
0.409694
0.409694
0.409705
0.409703
0.409691
0.409688
0.409675
0.409663
0.409642
0.409628
0.409628
0.409632
0.409632
0.409632
0.40961
0.409609
0.409614
0.409598
0.409592
0.40959
0.409592
0.409605
0.409607
0.409639
0.409659
0.409657
0.409676
0.409688
0.409698
0.409681
0.409684
0.409681
0.409656
0.409656
0.409673
0.409684
0.4097
0.409732
0.40973
0.409739
0.409746
0.409734
0.409738
0.409754
0.409744
0.409751
0.409752
0.409734
0.409742
0.409746
0.409752
0.409739
0.409759
0.40974
0.409741
0.40975
0.409743
0.409755
0.409752
0.409763
0.40977
0.409801
0.40983
0.409852
0.40987
0.40989
0.409909
0.409929
0.409935
0.409926
0.409932
0.409944
0.409945
0.409937
0.409944
0.409934
0.409923
0.409936
0.40995
0.409971
0.409994
0.410025
0.410034
0.410056
0.410077
0.410073
0.410075
0.410068
0.410056
0.41006
0.410086
0.410097
0.410129
0.41014
0.410142
0.410154
0.410153
0.410168
0.410179
0.410182
0.4102
0.410207
0.4102
0.410209
0.410238
0.410223
0.410224
0.410246
0.410235
0.410222
0.410247
0.410237
0.410226
0.410233
0.410234
0.410255
0.410244
0.410236
0.410242
0.410231
0.410252
0.410268
0.410277
0.410287
0.410317
0.410335
0.410335
0.410333
0.410345
0.41037
0.410377
0.410391
0.410401
0.410392
0.410363
0.41036
0.410363
0.410358
0.410354
0.410356
0.410328
0.410332
0.410285
0.410294
0.410307
0.410295
0.410295
0.410294
0.410287
0.410274
0.410279
0.410314
0.410347
0.410352
0.410371
0.410383
0.410394
0.410399
0.410414
0.410439
0.410457
0.410485
0.41049
0.410485
0.410489
0.410504
0.410502
0.410478
0.410473
0.410465
0.410515
0.410516
0.410524
0.410526
0.410563
0.410555
0.410563
0.4106
0.410628
0.410604
0.410598
0.410596
0.410622
0.410614
0.410615
0.410624
0.410633
0.410629
0.410639
0.410629
0.410623
0.410614
0.410615
0.410611
0.410616
0.410603
0.410596
0.410588
0.41058
0.410593
0.410595
0.410607
0.410603
0.410622
0.410645
0.410629
0.410642
0.410634
0.410625
0.410637
0.410648
0.41066
0.410703
0.410706
0.410719
0.41074
0.410745
0.410765
0.410776
0.410762
0.410771
0.410796
0.410796
0.410778
0.41077
0.410771
0.410761
0.410778
0.410784
0.41077
0.41076
0.410785
0.410807
0.410825
0.41082
0.410796
0.410813
0.410823
0.410866
0.410902
0.410914
0.410899
0.410913
0.410925
0.410917
0.410911
0.410925
0.410952
0.410939
0.41092
0.410921
0.410935
0.410971
0.410977
0.41098
0.410976
0.410971
0.410945
0.410925
0.410938
0.410924
0.410921
0.410937
0.41097
0.410982
0.410964
0.410971
0.410978
0.410976
0.411009
0.410988
0.411008
0.411011
0.411013
0.411016
0.411019
0.41103
0.411016
0.411012
0.411019
0.411017
0.41103
0.41104
0.411024
0.411007
0.411004
0.410969
0.410971
0.410955
0.410976
0.41098
0.410972
0.410969
0.410966
0.410986
0.411
0.411015
0.411055
0.411066
0.411059
0.411085
0.411109
0.411088
0.411099
0.411106
0.411116
0.41112
0.411138
0.411127
0.411113
0.411109
0.411135
0.41114
0.411135
0.411148
0.411172
0.411203
0.411206
0.411203
0.411207
0.411192
0.411197
0.411232
0.411224
0.41123
0.411233
0.41123
0.411246
0.411232
0.411238
0.411246
0.411256
0.411259
0.411294
0.411312
0.411323
0.411335
0.411318
0.411315
0.411342
0.411344
0.411363
0.411355
0.411366
0.411356
0.411373
0.411368
0.411368
0.411361
0.41139
0.411385
0.411381
0.4114
0.411401
0.411416
0.411446
0.411466
0.411441
0.411429
0.411433
0.411458
0.411466
0.4115
0.41151
0.411511
0.41154
0.411549
0.41157
0.411593
0.411571
0.41161
0.411632
0.411643
0.41165
0.411666
0.411681
0.411675
0.411724
0.411728
0.411756
0.411769
0.411796
0.411798
0.411818
0.411852
0.411866
0.411863
0.411874
0.411893
0.411876
0.411858
0.411849
0.411827
0.411834
0.411864
0.411838
0.411863
0.411855
0.411886
0.411871
0.411884
0.411901
0.411919
0.411916
0.411928
0.411939
0.411957
0.411955
0.41196
0.411971
0.411987
0.412019
0.412024
0.412045
0.412046
0.412067
0.412083
0.412104
0.412096
0.412096
0.412127
0.412146
0.412178
0.412204
0.41221
0.412244
0.412251
0.41224
0.412229
0.412217
0.412258
0.412254
0.412262
0.412269
0.412284
0.412288
0.412297
0.41232
0.412318
0.412301
0.412312
0.412324
0.412328
0.412339
0.412343
0.412358
0.412377
0.412377
0.412406
0.412401
0.412394
0.41241
0.412422
0.412425
0.412425
0.412448
0.412462
0.412484
0.412458
0.412459
0.412493
0.412512
0.412535
0.412562
0.412579
0.412568
0.412576
0.412574
0.412593
0.412593
0.412624
0.41263
0.412645
0.41265
0.412661
0.412663
0.412686
0.412684
0.41268
0.412684
0.412695
0.412686
0.4127
0.4127
0.412689
0.412693
0.412713
0.412725
0.412728
0.412745
0.412749
0.412769
0.412743
0.41272
0.412727
0.41274
0.412753
0.412768
0.412747
0.412751
0.412747
0.412764
0.412758
0.412765
0.412792
0.412802
0.412796
0.412801
0.412801
0.412815
0.412842
0.412831
0.412827
0.41282
0.412839
0.412844
0.412831
0.412851
0.412851
0.412877
0.412875
0.412859
0.412852
0.412854
0.412863
0.412863
0.412856
0.41284
0.412846
0.412846
0.41283
0.412841
0.412845
0.412851
0.412846
0.412872
0.412884
0.4129
0.412911
0.41293
0.412946
0.412953
0.412976
0.412997
0.413019
0.41303
0.413052
0.413075
0.41307
0.413058
0.413045
0.413046
0.413047
0.413092
0.413103
0.413126
0.413134
0.413138
0.413139
0.413137
0.413118
0.413126
0.413147
0.413136
0.413128
0.413136
0.413155
0.413188
0.413196
0.413172
0.413146
0.413163
0.413185
0.413192
0.41321
0.413212
0.41322
0.413228
0.413223
0.413212
0.413221
0.413213
0.413227
0.413228
0.413223
0.413233
0.413257
0.413232
0.413262
0.41325
0.413255
0.413271
0.413295
0.413297
0.413297
0.413292
0.4133
0.413295
0.413297
0.413305
0.41332
0.413334
0.413343
0.413355
0.413355
0.413354
0.41334
0.413337
0.41332
0.413332
0.413326
0.413331
0.413337
0.41334
0.413345
0.413349
0.413371
0.413379
0.413389
0.413373
0.413385
0.413399
0.413396
0.413389
0.413413
0.413432
0.413466
0.413478
0.413483
0.413508
0.413523
0.41353
0.413537
0.413541
0.413533
0.413524
0.413549
0.413538
0.413529
0.413509
0.413516
0.413519
0.413523
0.413547
0.413554
0.413561
0.413569
0.413581
0.413592
0.413605
0.413601
0.413606
0.413609
0.413652
0.413644
0.413654
0.413658
0.413671
0.413662
0.413671
0.413658
0.413669
0.413691
0.413668
0.413686
0.413684
0.413678
0.413694
0.413699
0.41372
0.413746
0.413767
0.413764
0.413772
0.413774
0.413787
0.413764
0.413772
0.413769
0.413772
0.413802
0.413824
0.413844
0.413834
0.41386
0.413896
0.413883
0.413909
0.413922
0.413913
0.413912
0.413925
0.413923
0.413931
0.413928
0.413919
0.413929
0.41393
0.413934
0.41395
0.413951
0.41397
0.413965
0.413973
0.41398
0.414002
0.413981
0.413968
0.413982
0.413992
0.414009
0.414025
0.414037
0.41407
0.414071
0.414101
0.414126
0.414131
0.414121
0.414133
0.414127
0.414136
0.414153
0.414157
0.414172
0.414184
0.414184
0.414194
0.414207
0.41419
0.414181
0.414186
0.414188
0.4142
0.414218
0.414229
0.414203
0.414214
0.414226
0.414231
0.414236
0.414226
0.414234
0.414251
0.414253
0.414246
0.414232
0.414244
0.414272
0.414281
0.414292
0.414294
0.414298
0.414303
0.414313
0.414315
0.414323
0.414327
0.41435
0.414349
0.414347
0.414334
0.414362
0.414369
0.414374
0.414363
0.414364
0.414369
0.414358
0.414357
0.414341
0.414338
0.414329
0.414324
0.414353
0.414372
0.414365
0.414364
0.414384
0.414379
0.414373
0.414379
0.414392
0.414373
0.414345
0.414309
0.414315
0.414323
0.41432
0.414328
0.414331
0.414353
0.414328
0.414321
0.414321
0.414348
0.414333
0.414339
0.414355
0.414357
0.414353
0.414356
0.414373
0.414376
0.414377
0.414378
0.41439
0.414383
0.414396
0.414395
0.414394
0.414401
0.414393
0.4144
0.414417
0.414422
0.414421
0.414422
0.414431
0.414439
0.41446
0.414468
0.414488
0.414481
0.414475
0.414466
0.41447
0.414481
0.41448
0.414493
0.414498
0.41448
0.414481
0.414478
0.414478
0.414477
0.414487
0.414506
0.414518
0.414527
0.414542
0.414549
0.414559
0.414562
0.414555
0.414569
0.414567
0.414559
0.414581
0.41458
0.414579
0.414571
0.414544
0.414553
0.414544
0.414539
0.414533
0.41453
0.414556
0.414563
0.414555
0.414603
0.414613
0.41462
0.414618
0.414624
0.414647
0.414674
0.414692
0.414688
0.414667
0.414673
0.414683
0.414682
0.414683
