0.833085
0.753869
0.615157
0.528253
0.463881
0.425105
0.391889
0.367115
0.344238
0.329517
0.320827
0.314069
0.310093
0.305803
0.301324
0.298967
0.295137
0.291554
0.288431
0.286624
0.284304
0.283019
0.279455
0.276874
0.275515
0.273911
0.273139
0.271604
0.270623
0.269953
0.269168
0.267156
0.266615
0.265828
0.26513
0.263242
0.262691
0.262644
0.261049
0.259598
0.258442
0.257462
0.256321
0.255147
0.2538
0.253063
0.252375
0.251379
0.251926
0.251485
0.25092
0.251054
0.250904
0.250084
0.249076
0.248388
0.247586
0.247267
0.246536
0.245902
0.246457
0.246236
0.245567
0.244464
0.244348
0.244564
0.243846
0.243661
0.242809
0.242172
0.241741
0.241117
0.240587
0.24065
0.239897
0.239739
0.238987
0.238679
0.238363
0.238356
0.238155
0.23809
0.238156
0.237737
0.236586
0.236552
0.236306
0.236091
0.236099
0.235969
0.235468
0.235886
0.234801
0.234275
0.233872
0.234023
0.233973
0.233751
0.232986
0.232726
0.232639
0.232202
0.232058
0.231967
0.231636
0.231501
0.230998
0.231037
0.231026
0.230931
0.230169
0.229831
0.229482
0.229159
0.228813
0.228545
0.228363
0.228168
0.228102
0.227943
0.227505
0.227507
0.22722
0.226995
0.22716
0.226987
0.227013
0.227086
0.226924
0.226843
0.226933
0.226616
0.226435
0.225801
0.225573
0.225705
0.225619
0.225446
0.225224
0.225113
0.225166
0.224983
0.224805
0.224301
0.223923
0.223565
0.223421
0.223119
0.223109
0.222917
0.222702
0.222582
0.222433
0.22226
0.222205
0.222183
0.222052
0.221783
0.221703
0.221692
0.221572
0.22168
0.221709
0.221742
0.221565
0.221541
0.221539
0.221689
0.221773
0.221885
0.221935
0.221971
0.221885
0.221731
0.221892
0.221445
0.22164
0.221765
0.22192
0.221885
0.221681
0.22156
0.22152
0.22166
0.221513
0.221387
0.22111
0.221143
0.220955
0.220805
0.220752
0.220578
0.220611
0.220516
0.220405
0.220206
0.21998
0.220023
0.220039
0.219918
0.219593
0.219643
0.219554
0.219264
0.218929
0.218854
0.21884
0.218869
0.219008
0.219161
0.219386
0.219315
0.219109
0.218925
0.21877
0.218778
0.218721
0.218687
0.218817
0.218713
0.218667
0.218653
0.218506
0.218536
0.218554
0.218438
0.218541
0.218554
0.218586
0.218506
0.218587
0.218697
0.218717
0.218627
0.218464
0.218645
0.218654
0.218867
0.218849
0.218902
0.218808
0.218696
0.218825
0.218867
0.218795
0.218739
0.218456
0.218493
0.218601
0.21866
0.218588
0.218573
0.218484
0.218489
0.21847
0.218469
0.218379
0.218536
0.218581
0.2184
0.218379
0.218231
0.218027
0.218058
0.218071
0.218124
0.218039
0.217998
0.218143
0.218206
0.218341
0.218444
0.218488
0.218239
0.218258
0.218276
0.218225
0.218286
0.218441
0.218281
0.218285
0.218432
0.218448
0.218576
0.218636
0.218632
0.218564
0.218575
0.218716
0.218687
0.218808
0.218722
0.218728
0.218761
0.218665
0.218612
0.218577
0.21853
0.218372
0.218347
0.218282
0.218314
0.218131
0.2181
0.218074
0.217991
0.217943
0.218089
0.21793
0.217893
0.218003
0.217986
0.217912
0.217944
0.217758
0.217786
0.217669
0.217616
0.217664
0.217752
0.217728
0.217719
0.217622
0.217614
0.217517
0.217589
0.217566
0.217584
0.217563
0.217497
0.217531
0.217461
0.217484
0.217478
0.217509
0.217348
0.217064
0.216941
0.216999
0.216958
0.216848
0.216677
0.216674
0.216769
0.216747
0.216789
0.21677
0.21676
0.216778
0.216689
0.216755
0.21683
0.216683
0.21681
0.21678
0.216926
0.216874
0.216929
0.216894
0.216775
0.216757
0.216802
0.216894
0.216933
0.217013
0.216973
0.216904
0.216924
0.216872
0.216791
0.216813
0.216734
0.216672
0.216648
0.216789
0.216766
0.21663
0.216598
0.216593
0.216599
0.216624
0.216715
0.216682
0.216696
0.216694
0.216744
0.216743
0.216751
0.216778
0.21672
0.216841
0.216928
0.216786
0.21676
0.216697
0.216748
0.216777
0.216797
0.216708
0.216673
0.216626
0.216731
0.216645
0.216531
0.216614
0.216619
0.216494
0.216559
0.216613
0.21664
0.216764
0.216993
0.216945
0.21691
0.216852
0.216855
0.21679
0.216727
0.216687
0.216727
0.216761
0.216722
0.216606
0.216619
0.216802
0.21691
0.216945
0.217034
0.217009
0.21699
0.217011
0.216914
0.216812
0.216742
0.216739
0.216722
0.216684
0.216793
0.21678
0.216745
0.216799
0.21677
0.216705
0.216617
0.216623
0.216665
0.216732
0.216765
0.216744
0.216624
0.216736
0.216786
0.216732
0.216748
0.216676
0.2167
0.216708
0.216748
0.216659
0.216559
0.216639
0.216566
0.216684
0.21656
0.216569
0.216649
0.216625
0.216708
0.216736
0.216695
0.216633
0.21668
0.216646
0.216618
0.21656
0.21656
0.216472
0.216514
0.216538
0.216518
0.216534
0.216569
0.21657
0.216616
0.216613
0.216657
0.216631
0.216601
0.216609
0.216417
0.216477
0.216393
0.216347
0.21634
0.216335
0.216406
0.216476
0.216474
0.216517
0.21659
0.216577
0.216551
0.21663
0.216625
0.216617
0.216639
0.21666
0.216773
0.216755
0.216833
0.216719
0.216674
0.216747
0.216748
0.216817
0.216825
0.216794
0.216728
0.21669
0.21671
0.216633
0.21658
0.216635
0.216565
0.216499
0.216543
0.216504
0.216523
0.216441
0.216404
0.21633
0.216272
0.216261
0.21632
0.216261
0.21632
0.21628
0.216329
0.216227
0.216258
0.216227
0.216166
0.21618
0.21613
0.216141
0.216151
0.216116
0.216164
0.216093
0.2161
0.216117
0.216151
0.216075
0.21605
0.215958
0.215903
0.215873
0.215869
0.21593
0.21593
0.215889
0.215853
0.215852
0.215837
0.215795
0.215772
0.215772
0.215735
0.215823
0.215763
0.215802
0.215823
0.215953
0.215898
0.215926
0.215942
0.215988
0.215849
0.215857
0.215814
0.215789
0.215802
0.21579
0.215676
0.215711
0.215715
0.21574
0.215693
0.215679
0.215653
0.215651
0.215657
0.215629
0.215572
0.215584
0.215618
0.215616
0.21556
0.215556
0.215516
0.215472
0.215494
0.215453
0.215378
0.215293
0.215195
0.215135
0.215135
0.215132
0.215087
0.215073
0.215058
0.215015
0.215025
0.215077
0.215104
0.215132
0.21503
0.215063
0.215123
0.215233
0.215243
0.215237
0.215284
0.21527
0.215357
0.215399
0.215394
0.215383
0.215421
0.215472
0.215434
0.215488
0.215509
0.215468
0.215484
0.215491
0.215486
0.215552
0.215564
0.215618
0.21563
0.215591
0.215662
0.215667
0.21565
0.215672
0.215716
0.215659
0.215643
0.215649
0.21562
0.215683
0.21567
0.215568
0.215525
0.215538
0.215559
0.21555
0.215554
0.215502
0.215468
0.215426
0.215482
0.215532
0.215526
0.21553
0.215561
0.215526
0.215475
0.215531
0.215433
0.215482
0.215434
0.215375
0.215362
0.215384
0.215323
0.215323
0.215358
0.215389
0.215428
0.215397
0.21534
0.215319
0.215195
0.215187
0.215163
0.215127
0.215085
0.215102
0.215146
0.21514
0.215205
0.21519
0.21508
0.215044
0.214947
0.214906
0.214964
0.215008
0.214961
0.214981
0.21504
0.215108
0.215082
0.215106
0.215108
0.215029
0.215041
0.215075
0.215086
0.215104
0.215113
0.215162
0.215142
0.215178
0.215172
0.215156
0.215153
0.215137
0.215159
0.215221
0.215224
0.215221
0.21523
0.215191
0.215173
0.215208
0.215167
0.215105
0.215064
0.215065
0.215107
0.215072
0.215051
0.215037
0.21503
0.215018
0.215037
0.215052
0.21502
0.215058
0.214994
0.214933
0.214891
0.214915
0.214901
0.214963
0.214991
0.214994
0.215033
0.215024
0.215003
0.215056
0.215047
0.215117
0.215153
0.21517
0.215177
0.215168
0.215218
0.215242
0.215287
0.21532
0.215214
0.215238
0.215303
0.215366
0.215413
0.21541
0.215452
0.215453
0.215512
0.215511
0.215548
0.215626
0.215684
0.215654
0.215688
0.215677
0.215636
0.215631
0.21566
0.215673
0.215642
0.215632
0.215638
0.215645
0.215593
0.215633
0.215613
0.21563
0.21561
0.215579
0.215653
0.215663
0.21566
0.215626
0.215608
0.215605
0.215632
0.215621
0.215624
0.215622
0.215589
0.215577
0.215536
0.215486
0.21546
0.215494
0.215498
0.215475
0.215424
0.21541
0.215378
0.215335
0.21543
0.215469
0.215508
0.215556
0.215561
0.215502
0.215412
0.215373
0.21537
0.215346
0.215367
0.215333
0.215248
0.215221
0.215211
0.215201
0.215192
0.215203
0.215151
0.215163
0.215174
0.215212
0.215221
0.215212
0.215207
0.215262
0.215254
0.215237
0.215216
0.215219
0.215233
0.215204
0.215147
0.2151
0.215101
0.215049
0.215026
0.214993
0.214997
0.214985
0.215007
0.214997
0.214992
0.215041
0.214998
0.215
0.215014
0.215012
0.214961
0.21493
0.214975
0.215023
0.215055
0.215061
0.215035
0.215054
0.215048
0.215086
0.215103
0.215126
0.215156
0.215145
0.215151
0.215101
0.21511
0.215071
0.215056
0.215115
0.215089
0.21511
0.215148
0.215148
0.215083
0.215113
0.215036
0.215055
0.214981
0.215029
0.215
0.214971
0.215021
0.215025
0.21502
0.215014
0.215017
0.214976
0.214985
0.214992
0.214986
0.214962
0.214964
0.214949
0.214952
0.214919
0.214946
0.214983
0.214936
0.214995
0.214997
0.21499
0.214966
0.214976
0.214903
0.21493
0.214959
0.21496
0.214973
0.215028
0.215013
0.21503
0.214966
0.214958
0.215018
0.215028
0.215069
0.215044
0.215022
0.2151
0.215109
0.215143
0.215132
0.215145
0.215154
0.215126
0.215124
0.215111
0.215071
0.215048
0.215102
0.215055
0.215054
0.215051
0.21504
0.215057
0.215087
0.215054
0.215062
0.214996
0.214979
0.214998
0.214935
0.215017
0.215009
0.215045
0.215046
0.215028
0.215056
0.215028
0.21504
0.215089
0.215051
0.215065
0.215048
0.215036
0.215053
0.215055
0.215082
0.215097
0.215098
0.215066
0.215067
0.215024
0.215051
0.215076
0.215147
0.21516
0.21513
0.215074
0.215091
0.21504
0.215018
0.215029
0.215042
0.21505
0.215013
0.214981
0.215002
0.214989
0.215022
0.214976
0.214962
0.214955
