0.756839
0.606532
0.459711
0.373282
0.312727
0.281489
0.257451
0.240348
0.224983
0.214656
0.211263
0.205014
0.200584
0.196438
0.192129
0.18875
0.185455
0.183418
0.18306
0.181724
0.179539
0.176129
0.174116
0.172433
0.171756
0.168958
0.167725
0.166477
0.165111
0.163575
0.161451
0.159515
0.15912
0.158402
0.157573
0.156271
0.155309
0.155003
0.153709
0.152198
0.151415
0.151117
0.150727
0.149735
0.147658
0.147683
0.146828
0.146119
0.145811
0.145297
0.144714
0.144615
0.144486
0.143848
0.143077
0.142423
0.140933
0.140937
0.141367
0.141644
0.140906
0.141143
0.140909
0.139792
0.139088
0.138889
0.13874
0.13865
0.137606
0.137118
0.137238
0.137134
0.137258
0.136993
0.136645
0.136162
0.135922
0.13605
0.135342
0.135945
0.135777
0.135888
0.135967
0.136007
0.134904
0.135297
0.135431
0.135113
0.134595
0.134181
0.134537
0.134341
0.133756
0.133209
0.132892
0.132983
0.132775
0.132515
0.132334
0.132222
0.132429
0.132075
0.131979
0.131938
0.13202
0.131937
0.131503
0.131291
0.131467
0.131309
0.131047
0.130677
0.130606
0.130287
0.129901
0.129649
0.129836
0.129834
0.129617
0.129872
0.129595
0.129645
0.129802
0.129683
0.129412
0.129434
0.129068
0.129094
0.128474
0.128592
0.128757
0.128398
0.128472
0.128042
0.127793
0.128128
0.128304
0.127855
0.127465
0.127359
0.127385
0.126966
0.127056
0.126482
0.126326
0.126081
0.125859
0.12569
0.125765
0.125642
0.125701
0.125897
0.126032
0.125848
0.125491
0.125579
0.125849
0.12537
0.125056
0.125065
0.124834
0.124519
0.124121
0.124113
0.124073
0.123894
0.123798
0.123773
0.123644
0.123569
0.123485
0.123809
0.123765
0.123647
0.12348
0.123441
0.123433
0.123688
0.123573
0.123531
0.123633
0.123575
0.123476
0.123399
0.123432
0.123449
0.123081
0.122746
0.122484
0.12241
0.122384
0.122338
0.122577
0.122492
0.1227
0.122513
0.122656
0.122678
0.122647
0.122553
0.122277
0.122273
0.122084
0.1221
0.122021
0.121946
0.121708
0.121766
0.121594
0.121609
0.121631
0.121655
0.121557
0.121551
0.12149
0.121404
0.121727
0.121896
0.121903
0.121903
0.121749
0.121618
0.121399
0.121566
0.121622
0.121439
0.121403
0.121411
0.121441
0.121739
0.121818
0.122086
0.122241
0.122303
0.122295
0.122152
0.122172
0.122368
0.122345
0.12234
0.122349
0.122185
0.122142
0.122116
0.121948
0.122047
0.121785
0.121911
0.121735
0.121901
0.12184
0.121752
0.121677
0.121822
0.121719
0.121635
0.121524
0.121603
0.121565
0.121352
0.121338
0.121214
0.121148
0.121352
0.121184
0.120925
0.120859
0.120804
0.120916
0.121166
0.121172
0.121056
0.121075
0.120966
0.121006
0.120834
0.120879
0.120859
0.120914
0.120829
0.120936
0.120783
0.120726
0.120674
0.12049
0.120504
0.12044
0.12043
0.120432
0.120374
0.120281
0.120221
0.120187
0.120247
0.120232
0.120187
0.120039
0.120031
0.119834
0.119861
0.119985
0.120002
0.119918
0.119775
0.119716
0.119643
0.119565
0.119611
0.119616
0.1195
0.119452
0.119543
0.119604
0.119591
0.119423
0.119546
0.119484
0.11941
0.119335
0.11935
0.119146
0.119027
0.119064
0.119241
0.11919
0.119169
0.119191
0.119128
0.119163
0.119111
0.119027
0.119066
0.119133
0.119072
0.119183
0.119086
0.118878
0.11883
0.118838
0.118855
0.118891
0.118809
0.118865
0.118894
0.119096
0.119037
0.118983
0.11893
0.118879
0.118918
0.118992
0.118928
0.11878
0.118834
0.11875
0.118826
0.118794
0.118923
0.118835
0.118809
0.118823
0.119018
0.11911
0.118981
0.118967
0.118923
0.119142
0.1192
0.119179
0.119133
0.119057
0.119128
0.119074
0.119166
0.119156
0.119154
0.119069
0.11892
0.118855
0.118793
0.118851
0.118918
0.118897
0.11891
0.118929
0.119001
0.118951
0.118936
0.118922
0.11892
0.119015
0.119037
0.118939
0.118844
0.118791
0.118886
0.118913
0.118914
0.118795
0.118828
0.118795
0.118843
0.118893
0.118792
0.118754
0.118928
0.118875
0.118901
0.118958
0.118925
0.118988
0.118991
0.119112
0.119123
0.11902
0.119076
0.119078
0.119012
0.118919
0.118833
0.11893
0.118874
0.118902
0.119038
0.119099
0.119138
0.119212
0.119241
0.119171
0.119116
0.119037
0.119038
0.119011
0.118935
0.118868
0.118827
0.118741
0.118734
0.118809
0.118843
0.118796
0.118686
0.118751
0.11871
0.118819
0.118804
0.118744
0.118809
0.118756
0.118664
0.118744
0.118719
0.11863
0.118639
0.118629
0.118585
0.11855
0.118506
0.118618
0.118658
0.118658
0.118564
0.118594
0.118506
0.118447
0.118531
0.118432
0.118465
0.118411
0.118486
0.118463
0.118399
0.118299
0.118301
0.118283
0.118251
0.118161
0.118085
0.118043
0.118034
0.118093
0.118139
0.118197
0.118141
0.118147
0.118183
0.118158
0.118146
0.118147
0.118006
0.117944
0.117837
0.117762
0.117816
0.117942
0.117913
0.118002
0.11797
0.117918
0.117961
0.117957
0.118015
0.118077
0.118121
0.118199
0.118184
0.118159
0.11811
0.118067
0.118005
0.117955
0.117891
0.117829
0.117842
0.117734
0.117756
0.117804
0.117613
0.117582
0.117663
0.117621
0.117614
0.117575
0.117522
0.117476
0.117478
0.117436
0.117549
0.11751
0.117407
0.117373
0.117352
0.117429
0.117429
0.117423
0.117486
0.117488
0.117574
0.117494
0.117468
0.117501
0.117445
0.117405
0.117437
0.117513
0.11758
0.117544
0.117581
0.117495
0.11743
0.117404
0.117451
0.11741
0.11748
0.117481
0.117379
0.117284
0.117325
0.117298
0.117296
0.117293
0.117292
0.117244
0.117252
0.117194
0.117197
0.11726
0.117289
0.117288
0.117302
0.117236
0.117193
0.117274
0.117286
0.117238
0.11728
0.117317
0.117234
0.117211
0.117162
0.117164
0.117213
0.117236
0.117159
0.117109
0.117126
0.117073
0.117102
0.117093
0.11703
0.117022
0.116979
0.11696
0.116884
0.116845
0.116914
0.116854
0.116754
0.116696
0.116651
0.116689
0.116678
0.116606
0.116533
0.116502
0.116501
0.116534
0.116568
0.116538
0.116481
0.116418
0.116376
0.116396
0.116362
0.116343
0.116314
0.116278
0.116272
0.11634
0.11636
0.116305
0.11632
0.116324
0.11639
0.116367
0.116405
0.116429
0.116463
0.116455
0.1164
0.11637
0.116295
0.116316
0.116298
0.116262
0.116303
0.116323
0.116278
0.116348
0.116338
0.116387
0.116438
0.116448
0.116492
0.116509
0.116525
0.116492
0.1165
0.116571
0.116571
0.1166
0.116597
0.116549
0.116537
0.116425
0.116427
0.116349
0.116482
0.116427
0.116418
0.116381
0.116346
0.116284
0.116235
0.116241
0.116271
0.11624
0.116287
0.11626
0.116213
0.116219
0.116195
0.116246
0.11632
0.116191
0.116201
0.116238
0.116194
0.116202
0.11613
0.116079
0.116105
0.116074
0.116073
0.11605
0.116008
0.11592
0.11594
0.115901
0.115905
0.115882
0.115889
0.115873
0.11593
0.115945
0.11591
0.115925
0.115925
0.115855
0.115926
0.115888
0.115851
0.115916
0.115944
0.115944
0.115932
0.116011
0.116012
0.116019
0.11604
0.116061
0.115989
0.115979
0.115989
0.116019
0.116073
0.116134
0.116078
0.116034
0.115998
0.116008
0.116066
0.116091
0.116087
0.116086
0.116045
0.116068
0.116109
0.116054
0.116039
0.116022
0.116036
0.116019
0.116027
0.116061
0.116046
0.116035
0.116078
0.116109
0.116094
0.116141
0.116115
0.11618
0.116164
0.116133
0.116081
0.116158
0.116214
0.116259
0.1163
0.116328
0.116355
0.116332
0.116256
0.116291
0.116365
0.116438
0.116462
0.116447
0.11641
0.116408
0.116386
0.116411
0.116407
0.116494
0.116449
0.116438
0.11641
0.116392
0.116403
0.116427
0.116425
0.116466
0.116474
0.11654
0.116547
0.116595
0.11663
0.116683
0.116733
0.116773
0.116728
0.11674
0.116751
0.116687
0.116654
0.116653
0.116664
0.116644
0.116621
0.116678
0.116651
0.116625
0.116602
0.116585
0.1166
0.116568
0.116558
0.116574
0.11659
0.116635
0.11662
0.116549
0.116507
0.11647
0.116497
0.116485
0.116499
0.116529
0.116508
0.11649
0.116559
0.116633
0.11661
0.116617
0.116594
0.116554
0.116552
0.11654
0.116623
0.116585
0.116591
0.116535
0.116558
0.116496
0.116652
0.11659
0.116633
0.116683
0.116667
0.116687
0.116651
0.116661
0.116712
0.116744
0.116742
0.116664
0.116716
0.116725
0.116741
0.11666
0.116639
0.11673
0.116728
0.116663
0.116606
0.116572
0.116609
0.116622
0.116629
0.116582
0.116551
0.116491
0.116458
0.116385
0.116414
0.116388
0.116411
0.116391
0.116361
0.116374
0.116387
0.116398
0.116375
0.116411
0.116357
0.116326
0.116342
0.116357
0.116385
0.11643
0.116408
0.116437
0.116486
0.116481
0.116501
0.116509
0.116525
0.11648
0.116439
0.116434
0.116452
0.116432
0.116446
0.116497
0.1164
0.11636
0.116367
0.116413
0.116418
0.116467
0.116424
0.116399
0.116395
0.116448
0.116422
0.116407
0.116458
0.116509
0.116617
0.116604
0.116617
0.116594
0.116581
0.11656
0.116531
0.116535
0.116554
0.116567
0.116534
0.116523
0.116529
0.116544
0.116513
0.116563
0.116544
0.116603
0.116564
0.116523
0.116516
0.116596
0.116631
0.116599
0.116617
0.116601
0.116602
0.116622
0.116582
0.116488
0.116478
0.116453
0.116459
0.116523
0.116465
0.116433
0.116437
0.11641
0.116431
0.116416
0.116428
0.116436
0.116463
0.116486
0.116501
0.116471
0.116501
0.116466
0.116481
0.116462
0.116479
0.116482
0.116462
0.116433
0.116457
0.116438
0.11645
0.116455
0.116412
0.116393
0.116395
0.116356
0.116383
0.116393
0.116386
0.116345
0.116353
0.116387
0.116375
0.116383
0.116377
0.116399
0.116419
0.116433
0.116439
0.116411
0.116381
0.116372
0.116402
0.116352
0.116366
0.116351
0.116407
0.116436
0.116424
0.11634
0.116341
0.116315
0.116353
0.116327
0.116384
0.11638
0.116338
0.116278
0.116276
0.116266
0.116281
0.116208
0.116231
0.116282
