0.221569
0.207892
0.201649
0.193687
0.193921
0.198534
0.201642
0.197575
0.197513
0.197911
0.201798
0.199619
0.199735
0.199534
0.199693
0.198397
0.199098
0.200831
0.200445
0.202666
0.201991
0.202598
0.203611
0.203457
0.20579
0.205287
0.206561
0.207194
0.207074
0.207048
0.208631
0.207959
0.207966
0.206924
0.204533
0.204202
0.203969
0.203119
0.203554
0.204311
0.204254
0.205755
0.205775
0.205441
0.205416
0.204822
0.204471
0.205564
0.205485
0.205321
0.205741
0.205731
0.20607
0.205654
0.205768
0.205746
0.206004
0.206093
0.205995
0.20625
0.20581
0.205552
0.205488
0.206448
0.206517
0.206363
0.206645
0.2064
0.206718
0.207767
0.207948
0.208188
0.208281
0.208472
0.207642
0.208196
0.208051
0.208425
0.208388
0.208608
0.209557
0.209839
0.208975
0.208576
0.209062
0.209445
0.209091
0.208607
0.208608
0.208498
0.20896
0.208813
0.208559
0.208918
0.208676
0.209023
0.208735
0.208687
0.208926
0.209629
0.208708
0.208121
0.208084
0.207726
0.207432
0.207167
0.207048
0.206843
0.20644
0.206658
0.207734
0.208319
0.209093
0.209663
0.210674
0.211194
0.211737
0.212424
0.212516
0.212752
0.212877
0.212659
0.212729
0.211989
0.21172
0.212161
0.21215
0.212102
0.211691
0.211728
0.211895
0.21187
0.211973
0.211735
0.211624
0.211147
0.210952
0.211161
0.211573
0.211669
0.211937
0.212357
0.212592
0.212748
0.21294
0.21297
0.21331
0.213134
0.213005
0.213167
0.212993
0.213095
0.212717
0.212623
0.212571
0.212666
0.212735
0.212615
0.212827
0.213007
0.213365
0.213607
0.213564
0.213661
0.21376
0.213626
0.213628
0.213713
0.213909
0.213726
0.213883
0.213616
0.21365
0.213772
0.213505
0.213432
0.213197
0.213257
0.212851
0.212846
0.212822
0.212759
0.213081
0.212973
0.213059
0.212849
0.212836
0.213187
0.213389
0.213428
0.213158
0.21301
0.212907
0.212909
0.212642
0.21241
0.212197
0.212361
0.212492
0.212669
0.212766
0.212963
0.213246
0.213443
0.213279
0.213352
0.213498
0.213735
0.213859
0.214056
0.214014
0.213674
0.213478
0.213448
0.213685
0.213467
0.21349
0.2136
0.21374
0.213762
0.213757
0.213988
0.213861
0.213848
0.213992
0.214127
0.214049
0.21432
0.214432
0.214712
0.214573
0.214262
0.214496
0.214294
0.214358
0.214447
0.21431
0.214354
0.214225
0.214339
0.214332
0.214209
0.21426
0.214142
0.214102
0.214051
0.213888
0.213808
0.213771
0.213392
0.213288
0.21313
0.212933
0.212859
0.212924
0.212711
0.21261
0.212465
0.212414
0.212444
0.212583
0.212644
0.212762
0.212589
0.212736
0.212647
0.2127
0.212875
0.212993
0.212948
0.213191
0.213352
0.213438
0.213453
0.213307
0.213342
0.213361
0.213273
0.21346
0.213499
0.213496
0.213486
0.213475
0.21344
0.213348
0.213395
0.21324
0.213191
0.213096
0.213105
0.213217
0.213248
0.213197
0.213261
0.213324
0.213192
0.212987
0.213031
0.212839
0.212871
0.212876
0.212844
0.212675
0.212772
0.212636
0.212609
0.212553
0.2126
0.212757
0.21278
0.212684
0.212615
0.212707
0.212683
0.212589
0.21261
0.212507
0.21253
0.212485
0.212423
0.212423
0.212269
0.212241
0.212202
0.212472
0.212165
0.211926
0.211855
0.211649
0.211679
0.211751
0.211568
0.211649
0.211933
0.211987
0.211964
0.211965
0.212004
0.212032
0.212296
0.212343
0.212415
0.212476
0.212727
0.212768
0.213046
0.213172
0.213179
0.213113
0.213275
0.213261
0.213487
0.213578
0.213669
0.213727
0.213783
0.21388
0.214022
0.214
0.213881
0.213802
0.213726
0.213664
0.21356
0.21351
0.213491
0.213446
0.213293
0.213278
0.213273
0.213297
0.213333
0.21329
0.213241
0.213197
0.213247
0.213274
0.213227
0.213206
0.213295
0.21339
0.213424
0.213385
0.213291
0.213166
0.213234
0.213275
0.213162
0.21312
0.213105
0.213213
0.213393
0.213505
0.213505
0.213567
0.213722
0.213592
0.213717
0.213832
0.213924
0.214025
0.214028
0.214087
0.214093
0.214109
0.214059
0.21404
0.213949
0.213975
0.213972
0.214016
0.213984
0.214051
0.214114
0.214094
0.214163
0.214206
0.214145
0.214093
0.213964
0.213906
0.213794
0.21382
0.213832
0.21376
0.213665
0.213595
0.213588
0.213467
0.213328
0.213275
0.213202
0.213166
0.213029
0.212916
0.212799
0.212675
0.212575
0.212561
0.212474
0.212526
0.212516
0.212654
0.212679
0.212679
0.212658
0.212794
0.21285
0.21293
0.212884
0.212928
0.21276
0.212754
0.212675
0.212674
0.212714
0.212646
0.212679
0.212605
0.212589
0.212638
0.212674
0.212686
0.212684
0.212678
0.212645
0.212547
0.21257
0.212527
0.212522
0.212619
0.212641
0.21262
0.212689
0.212593
0.212661
0.212674
0.212653
0.212661
0.212493
0.212456
0.212363
0.212374
0.212449
0.212461
0.212415
0.212526
0.212513
0.212514
0.212521
0.212611
0.212643
0.21267
0.212726
0.212642
0.212632
0.212595
0.212602
0.212575
0.212616
0.212496
0.212452
0.212428
0.212403
0.212329
0.212276
0.212282
0.212046
0.211998
0.211993
0.211971
0.211948
0.212057
0.211991
0.211881
0.211899
0.211803
0.211838
0.21183
0.211769
0.211797
0.211816
0.211946
0.212062
0.212059
0.212164
0.212192
0.212263
0.212209
0.212191
0.212149
0.212096
0.212156
0.212137
0.21226
0.212256
0.212275
0.212293
0.212286
0.21228
0.212222
0.212337
0.212316
0.21231
0.212226
0.212195
0.212103
0.212098
0.212177
0.212169
0.212144
0.212109
0.212089
0.212214
0.212138
0.212191
0.212258
0.212244
0.212266
0.21235
0.212392
0.21245
0.212486
0.212435
0.212423
0.212458
0.212497
0.212371
0.212502
0.212486
0.212496
0.212575
0.212575
0.212495
0.212464
0.212489
0.212577
0.212569
0.212554
0.212486
0.212554
0.212546
0.212542
0.212491
0.212479
0.212477
0.212434
0.212277
0.212243
0.2122
0.212257
0.212342
0.212334
0.212319
0.212267
0.21219
0.212173
0.212154
0.212155
0.212186
0.212236
0.212213
0.212248
0.212267
0.212288
0.212325
0.212382
0.212305
0.21236
0.212471
0.212521
0.21256
0.212611
0.212641
0.212611
0.212674
0.212658
0.212676
0.212717
0.212772
0.212693
0.212639
0.21266
0.21262
0.212593
0.212573
0.212533
0.212456
0.212391
0.212345
0.212445
0.212404
0.212435
0.212475
0.212499
0.212527
0.212546
0.212544
0.212574
0.212567
0.212531
0.212519
0.21252
0.212435
0.212301
0.212289
0.212281
0.212305
0.212274
0.21222
0.212235
0.212261
0.212249
0.212194
0.212181
0.212206
0.212274
0.212339
0.212332
0.212353
0.212337
0.212268
0.212334
0.212281
0.212179
0.212266
0.212262
0.21218
0.212118
0.212089
0.212143
0.212145
0.212241
0.212188
0.212122
0.212048
0.212007
0.21208
0.21214
0.212146
0.212149
0.212206
0.212236
0.212286
0.212322
0.212219
0.212153
0.212171
0.212058
0.212104
0.212072
0.212039
0.21209
0.212031
0.212028
0.212061
0.212149
0.212158
0.212099
0.21206
0.21204
0.212081
0.212059
0.212061
0.212049
0.212033
0.212049
0.21199
0.211918
0.211891
0.211876
0.21196
0.212034
0.212047
0.212072
0.212089
0.212044
0.212044
0.212015
0.212031
0.211993
0.211983
0.211961
0.21197
0.211993
0.21197
0.211934
0.211934
0.211946
0.211962
0.211965
0.211946
0.211992
0.211971
0.211895
0.211891
0.211942
0.211891
0.211894
0.211845
0.211877
0.211928
0.211973
0.211966
0.211957
0.211977
0.212003
0.212006
0.211976
0.211986
0.212014
0.212056
0.212166
0.21222
0.212311
0.212234
0.212288
0.212263
0.21229
0.212349
0.212325
0.21236
0.21237
0.212473
0.212473
0.212521
0.212561
0.212577
0.212598
0.21259
0.212659
0.21267
0.212735
0.212731
0.212714
0.212718
0.212737
0.212696
0.212734
0.212628
0.212614
0.212585
0.212565
0.212494
0.212444
0.21243
0.212416
0.212355
0.212374
0.212344
0.212376
0.212375
0.212347
0.212331
0.21227
0.212256
0.212251
0.212253
0.212286
0.212294
0.212338
0.212318
0.21231
0.2123
0.212309
0.212255
0.212236
0.212319
0.212338
0.212343
0.212358
0.212388
0.212392
0.212348
0.212281
0.212376
0.212477
0.212478
0.212492
0.212488
0.212496
0.212495
0.212453
0.212511
0.212482
0.212438
0.212368
0.212338
0.212379
0.212396
0.212342
0.212339
0.212333
0.212317
0.212271
0.212205
0.212176
0.212183
0.212168
0.212124
0.212177
0.212113
0.21209
0.212031
0.212013
0.212022
0.212021
0.21199
0.211956
0.211938
0.211949
0.21194
0.211918
0.211872
0.211866
0.211844
0.211841
0.21188
0.211886
0.211879
0.211922
0.211885
0.211897
0.211916
0.211922
0.211919
0.211943
0.211906
0.211855
0.211839
0.211788
0.21179
0.21177
0.21178
0.211844
0.211784
0.211777
0.211812
0.211794
0.211757
0.211799
0.211732
0.211722
0.211678
0.211657
0.211653
0.211602
0.211607
0.211576
0.211554
0.211578
0.211597
0.211579
0.211588
0.211585
0.211617
0.211694
0.211681
0.211713
0.211733
0.211749
0.211811
0.211858
0.211849
0.211889
0.211861
0.211936
0.211925
0.211962
0.211958
0.211968
0.212011
0.211967
0.211945
0.211927
0.211937
0.211967
0.211914
0.211899
0.211946
0.211993
0.212025
0.211998
0.212001
0.21205
0.212039
0.212064
0.212109
0.21213
0.212175
0.212134
0.212091
0.212118
0.212157
0.212115
0.212153
0.212104
0.2121
0.212096
0.212078
0.2121
0.21213
0.212124
0.212158
0.212168
0.212183
0.212171
0.212157
0.212168
0.212147
0.212184
0.212222
0.212205
0.212227
0.212248
0.212251
0.212278
0.212281
0.212288
0.212332
0.212313
0.212311
0.212334
0.212349
0.212321
0.212289
0.212294
0.21233
0.212282
0.212291
0.212276
0.212329
0.212344
0.212352
0.212279
0.212274
0.212221
0.212192
0.212164
0.212181
0.212211
0.212199
0.21218
0.21218
0.212193
0.212197
0.212121
0.212158
0.212228
