0.4
0.388601
0.379205
0.402151
0.40107
0.398818
0.400507
0.408231
0.417808
0.411867
0.41242
0.423692
0.427414
0.42624
0.429412
0.432004
0.433487
0.440233
0.443681
0.443335
0.442188
0.440839
0.440061
0.442259
0.443002
0.445795
0.44644
0.446896
0.44835
0.446491
0.447398
0.446053
0.444268
0.446036
0.442051
0.439672
0.438292
0.438829
0.43835
0.438918
0.438879
0.43981
0.441935
0.439976
0.440538
0.439457
0.43893
0.43733
0.436238
0.433848
0.43564
0.435225
0.436209
0.437047
0.436689
0.437081
0.436859
0.438364
0.438231
0.438553
0.438045
0.439018
0.438278
0.438702
0.437869
0.438786
0.439164
0.43934
0.439027
0.439124
0.439853
0.439372
0.439472
0.440303
0.438764
0.439633
0.438396
0.438585
0.438795
0.43914
0.439297
0.44013
0.440302
0.440633
0.440543
0.44078
0.441806
0.441347
0.441255
0.441732
0.441136
0.440861
0.440322
0.440372
0.440449
0.439007
0.438672
0.439545
0.439466
0.439582
0.440149
0.440419
0.441462
0.440963
0.44056
0.440445
0.439426
0.440411
0.44028
0.440937
0.440916
0.440966
0.440974
0.440823
0.440987
0.441431
0.441412
0.441878
0.442762
0.442641
0.443488
0.443264
0.442549
0.442933
0.442786
0.443171
0.443032
0.442726
0.44333
0.443506
0.443865
0.444095
0.443657
0.444175
0.444638
0.445227
0.444958
0.445168
0.445746
0.445768
0.445923
0.445944
0.445827
0.44596
0.446092
0.446138
0.446142
0.446184
0.446064
0.446129
0.446383
0.446033
0.446303
0.446094
0.445892
0.446168
0.44648
0.446589
0.446757
0.446764
0.447102
0.447568
0.447702
0.447556
0.447621
0.447318
0.447749
0.447805
0.448073
0.44784
0.448133
0.448234
0.448365
0.448579
0.448648
0.448231
0.44819
0.448273
0.448274
0.448178
0.448327
0.448059
0.447965
0.447808
0.447733
0.44772
0.44763
0.44777
0.447807
0.448113
0.448029
0.448151
0.447979
0.447876
0.447848
0.447567
0.447759
0.44783
0.448001
0.447279
0.447104
0.447278
0.447107
0.44707
0.446885
0.447089
0.447004
0.446894
0.447202
0.447642
0.448012
0.448307
0.448475
0.448356
0.448162
0.448357
0.448077
0.448658
0.448959
0.449132
0.449064
0.449063
0.449217
0.449247
0.449188
0.449435
0.449374
0.44942
0.449254
0.449642
0.449783
0.449772
0.449811
0.449881
0.449788
0.449915
0.450103
0.450026
0.449806
0.449993
0.45016
0.450327
0.450536
0.450429
0.450179
0.450191
0.450159
0.449725
0.449555
0.449473
0.449575
0.449508
0.449532
0.449257
0.44897
0.448826
0.448746
0.44889
0.44873
0.448595
0.448672
0.448901
0.448757
0.448895
0.448811
0.448781
0.449011
0.44895
0.448862
0.44879
0.448838
0.449037
0.449362
0.449587
0.449545
0.449646
0.449712
0.449889
0.450021
0.450271
0.450277
0.450174
0.450121
0.450045
0.449996
0.449857
0.449865
0.44993
0.449978
0.449709
0.44978
0.449591
0.449511
0.449471
0.449331
0.449366
0.449236
0.449413
0.449197
0.449451
0.449515
0.449438
0.449608
0.449812
0.449742
0.449468
0.449599
0.45
0.449942
0.449767
0.449914
0.449932
0.449958
0.450208
0.450161
0.450038
0.449843
0.449867
0.449731
0.449913
0.450104
0.450261
0.450207
0.450199
0.450231
0.450168
0.450125
0.44984
0.449993
0.449881
0.44998
0.450022
0.449986
0.450021
0.449862
0.449694
0.449663
0.449648
0.449736
0.449853
0.449884
0.449806
0.450055
0.450087
0.449911
0.449983
0.449894
0.450099
0.450048
0.450126
0.450084
0.450087
0.450026
0.4499
0.449796
0.449873
0.449793
0.44962
0.449696
0.44975
0.449791
0.449666
0.449754
0.449797
0.449868
0.449824
0.449835
0.449922
0.449953
0.449847
0.449955
0.449957
0.450016
0.449917
0.449853
0.449883
0.449941
0.44997
0.44969
0.44974
0.449707
0.449704
0.449875
0.449725
0.449658
0.449638
0.449688
0.44969
0.449697
0.449669
0.449809
0.4498
0.449933
0.449932
0.449912
0.449806
0.449755
0.449992
0.450058
0.45019
0.450289
0.450248
0.45033
0.450529
0.450625
0.450816
0.450947
0.450983
0.450834
0.450657
0.450597
0.450527
0.450489
0.450553
0.450483
0.450587
0.450471
0.450447
0.450472
0.450374
0.450281
0.450055
0.44995
0.449957
0.449774
0.449655
0.449758
0.449699
0.449659
0.449623
0.449549
0.449378
0.449179
0.449391
0.449301
0.449215
0.449062
0.449133
0.44921
0.449186
0.449072
0.449099
0.449009
0.449001
0.449024
0.44898
0.448812
0.448837
0.448694
0.448514
0.448438
0.44844
0.448473
0.448499
0.44854
0.448587
0.448567
0.448488
0.448467
0.448444
0.448341
0.448234
0.44835
0.448362
0.448438
0.4486
0.448642
0.448743
0.448883
0.449017
0.448959
0.448851
0.44882
0.448867
0.448877
0.449006
0.448905
0.448898
0.448851
0.448912
0.448938
0.448873
0.449
0.448996
0.448994
0.448991
0.449008
0.449158
0.449169
0.4492
0.449241
0.44918
0.44907
0.448946
0.449008
0.448932
0.449022
0.448929
0.448981
0.448921
0.448942
0.448804
0.448913
0.448925
0.44904
0.449234
0.449291
0.449151
0.44903
0.448996
0.449095
0.448988
0.448892
0.449017
0.448954
0.448965
0.448917
0.448931
0.448941
0.448978
0.448888
0.448925
0.448956
0.449202
0.449174
0.449149
0.449147
0.449286
0.449244
0.449378
0.449492
0.449511
0.449511
0.449604
0.449672
0.449585
0.449569
0.449491
0.449559
0.44963
0.449659
0.449759
0.449785
0.449736
0.449811
0.449937
0.449894
0.449958
0.449846
0.449837
0.449647
0.449679
0.449528
0.449531
0.449439
0.449543
0.449573
0.449611
0.449531
0.449655
0.449798
0.449799
0.44967
0.449574
0.449501
0.44945
0.449576
0.449642
0.449525
0.449561
0.449582
0.449628
0.449578
0.449534
0.449515
0.449531
0.449516
0.449477
0.449488
0.449583
0.449726
0.449686
0.449835
0.45003
0.450129
0.450106
0.450074
0.450113
0.450182
0.450394
0.450395
0.45054
0.450486
0.450461
0.450452
0.450534
0.450655
0.450617
0.45065
0.450546
0.450489
0.45052
0.450385
0.450293
0.450356
0.450291
0.450282
0.450315
0.450285
0.45031
0.450347
0.450347
0.450311
0.450171
0.450217
0.450145
0.450116
0.450156
0.450215
0.450078
0.450133
0.450202
0.450227
0.450336
0.450447
0.450425
0.450549
0.450544
0.450635
0.450588
0.450644
0.450624
0.450693
0.450735
0.450781
0.450876
0.45093
0.450864
0.450906
0.450887
0.450828
0.450852
0.450835
0.450945
0.450842
0.450876
0.45085
0.450864
0.450886
0.450825
0.450777
0.45066
0.450742
0.450735
0.450686
0.450696
0.450727
0.450644
0.450609
0.45063
0.450631
0.450599
0.450505
0.450431
0.450487
0.450566
0.450519
0.450479
0.450455
0.450434
0.450379
0.450432
0.450295
0.450318
0.450371
0.450248
0.450313
0.450328
0.450381
0.450274
0.450265
0.450318
0.450415
0.450406
0.450346
0.450346
0.450305
0.450235
0.450258
0.450364
0.450411
0.450386
0.450422
0.450376
0.450404
0.450409
0.450412
0.450423
0.450356
0.450301
0.450322
0.450234
0.450242
0.450164
0.450141
0.450075
0.450016
0.449987
0.449979
0.44995
0.450018
0.449916
0.449896
0.449801
0.449767
0.449775
0.449729
0.449708
0.449919
0.449917
0.449901
0.449812
0.449771
0.449769
0.449733
0.449627
0.449681
0.449658
0.449645
0.449768
0.449724
0.449779
0.449801
0.449686
0.449698
0.449817
0.449819
0.44989
0.449858
0.449917
0.449928
0.449829
0.44989
0.449822
0.449879
0.449952
0.450006
0.450147
0.450085
0.450208
0.450247
0.450348
0.450286
0.450173
0.450109
0.450203
0.450197
0.450319
0.450362
0.450268
0.450209
0.450092
0.450057
0.450028
0.449919
0.449919
0.44983
0.449912
0.450022
0.450097
0.450063
0.449993
0.449939
0.449967
0.450052
0.450018
0.450088
0.450076
0.450081
0.450072
0.450186
0.450115
0.450188
0.450143
0.450121
0.450063
0.449982
0.449932
0.449857
0.449907
0.449886
0.449919
0.449992
0.449959
0.44992
0.449944
0.450079
0.45001
0.450079
0.450104
0.450162
0.450154
0.450112
0.450147
0.450157
0.450147
0.450093
0.450162
0.450278
0.450355
0.450483
0.450495
0.450458
0.450502
0.450506
0.45052
0.450466
0.450393
0.450363
0.450382
0.450424
0.450392
0.450515
0.450432
0.450495
0.45047
0.450466
0.450493
0.450558
0.450561
0.450587
0.450575
0.450629
0.450714
0.450796
0.450816
0.450821
0.450828
0.450863
0.450894
0.450884
0.450966
0.451007
0.451
0.450972
0.450994
0.451013
0.450901
0.450929
0.450868
0.451014
0.451064
0.451168
0.451156
0.451179
0.45123
0.45119
0.451196
0.451197
0.451197
0.451247
0.451324
0.45128
0.451273
0.451363
0.451423
0.451419
0.451289
0.451205
0.451214
0.451217
0.451213
0.451215
0.451231
0.451244
0.451132
0.451125
0.451161
0.451153
0.451221
0.451293
0.451327
0.451332
0.451387
0.451481
0.451444
0.451481
0.451476
0.451593
0.451636
0.451663
0.45173
0.451761
0.451858
0.45185
0.451851
0.451787
0.451797
0.451779
0.451791
0.451751
0.451797
0.451782
0.451845
0.451835
0.451902
0.451897
0.45185
0.451801
0.451737
0.451761
0.451795
0.451764
0.451785
0.451731
0.451703
0.451776
0.451825
0.451802
0.451789
0.451782
0.451798
0.45181
0.4518
0.45184
0.451924
0.451882
0.451808
0.451775
0.451746
0.451829
0.451724
0.451694
0.451639
0.451685
0.451765
0.451756
0.451681
0.451756
0.451791
0.451817
0.451806
0.45194
0.451971
0.452017
0.452057
0.452039
0.451963
0.451967
0.451964
0.452
0.451988
0.452018
0.452061
0.452007
0.45201
0.451983
0.452087
0.452032
0.452042
0.45206
0.452098
0.452141
0.45212
0.452076
0.452116
0.452097
0.45213
0.452134
0.452065
0.452002
0.451982
0.451963
0.452015
0.452105
0.452072
0.452004
0.452003
0.452047
0.451985
0.451945
0.451919
0.451956
0.452025
0.451954
0.451932
0.451856
0.45186
0.451808
0.451729
0.451732
0.451748
0.451764
0.451792
0.451827
0.451824
0.451786
0.451753
0.451797
0.45187
0.451866
0.451905
0.451943
0.451961
0.45194
0.452047
0.452085
0.452017
0.452066
0.452151
0.452114
0.452159
0.452109
0.452085
0.452085
0.452131
0.452121
0.452136
0.452033
0.451954
0.451931
0.451878
0.451904
0.451934
0.451884
0.451824
0.45178
0.451776
0.451735
0.451713
0.451725
0.451741
0.451734
0.451722
0.45171
0.451693
0.451699
0.451715
0.451778
0.451777
0.451772
0.4518
0.451822
0.451862
0.451863
0.451851
0.451843
0.451863
0.451903
0.451883
0.451954
0.451942
0.451958
0.452027
0.451937
0.451858
0.451846
0.451842
0.45182
0.451863
0.451788
0.451807
0.451845
0.451833
0.451863
0.451882
0.451865
0.45184
0.451862
0.451913
0.451919
0.451923
0.451941
0.452017
0.452009
0.451937
0.451923
0.451887
0.451857
0.45183
0.451757
0.451727
0.451845
0.451815
0.451795
0.451818
0.451861
0.451806
0.451741
0.45172
0.451732
0.451797
0.451822
0.451816
0.451761
0.451766
0.451749
0.451765
0.451821
0.451839
0.451883
0.451883
0.45186
0.451858
0.45186
0.451825
0.451838
0.451905
0.451915
0.451926
0.451864
0.451941
0.451941
0.45194
0.451916
0.451941
0.451928
0.451957
0.451924
0.451981
0.451975
0.45195
0.451924
0.451969
0.452067
0.45206
0.452162
0.452141
0.452168
0.452177
0.452147
0.452199
0.452145
0.452167
0.452168
0.452147
0.452121
0.452236
0.452275
0.452298
0.452327
0.452352
0.452339
0.452341
0.452382
0.452527
0.452505
0.452533
0.452493
0.452444
0.452446
0.452347
0.452303
0.452312
0.452316
0.452323
0.452351
0.452358
0.452383
0.452333
0.452393
0.452435
0.452427
0.452454
0.452452
0.452478
0.452524
0.45254
0.452557
0.452613
0.45266
0.45269
0.452662
0.452654
0.452652
0.452651
0.452658
0.452648
0.45265
0.452689
0.452647
0.452662
0.452724
0.452705
0.452704
0.452693
0.452679
0.45265
0.452614
0.452588
0.452568
0.452604
0.452596
0.452592
0.452626
0.452566
0.452657
0.452632
0.452645
0.452654
0.45265
0.45265
0.452659
0.45262
0.45263
0.452667
0.452644
0.452576
0.452587
0.452589
0.452615
0.452605
0.452663
0.452615
0.45263
0.452643
0.452703
0.452702
0.452643
0.452682
0.452726
0.452702
0.452727
0.452703
0.452718
0.452674
0.452652
0.452552
0.452502
0.452548
0.452574
0.452573
0.452567
0.452534
0.452562
0.452557
0.452625
0.452646
0.452628
0.452639
0.452611
0.452627
0.452629
0.452637
0.452631
0.452695
0.45276
0.452805
0.452874
0.452885
0.452894
0.452836
0.452839
0.452815
0.452821
0.452834
0.45287
0.452856
0.452812
0.452806
0.45282
0.452784
0.452753
0.452735
0.452745
0.452693
0.452652
0.452594
0.452557
0.452581
0.45259
0.452629
0.452693
0.452757
0.452706
0.45262
0.4526
0.452606
0.45268
0.452752
0.452762
0.452783
0.452815
0.452812
0.452828
0.452827
0.452778
0.452726
0.452692
0.45261
0.452663
0.452636
0.452616
0.452632
0.452657
0.45273
0.452759
0.452801
0.452799
0.452802
0.452776
0.452792
0.452804
0.45277
0.452788
0.452769
0.452762
0.452818
0.452775
0.452798
0.452806
0.452776
0.452745
0.45273
0.452675
0.452673
0.452621
0.452607
0.452608
0.452577
0.452619
0.452535
0.452512
0.452496
0.452475
0.452513
0.452518
0.452576
0.452533
0.452578
0.452556
0.452607
0.452593
0.452584
0.452536
0.452578
0.452583
0.452621
0.452672
0.452698
0.452696
0.452656
0.452651
0.452627
0.45268
0.452705
0.452772
0.45278
0.452737
0.452714
0.452725
0.452726
0.452738
0.452747
0.452743
0.452766
0.452743
0.452699
0.452732
0.452764
0.452756
0.452834
0.452799
0.452786
0.452803
0.452863
0.45285
0.452835
0.452832
0.45282
0.452843
0.452856
0.452855
0.452905
0.45289
0.452929
0.452944
0.452952
0.452957
0.453057
0.453093
0.453049
0.453047
0.453053
0.453015
0.453073
0.453134
0.453136
0.453204
0.453181
0.453137
0.453046
0.453022
0.452994
0.453009
0.453053
0.453033
0.453014
0.453
0.452969
0.452983
0.452968
0.452921
0.452884
0.452857
0.452868
0.452821
0.45286
0.452857
0.452872
0.452859
0.452875
0.452877
0.452854
0.45285
0.452815
0.452868
0.45285
0.452907
0.45288
0.452912
0.452947
0.452985
0.452997
0.452975
0.45296
0.45303
0.453035
0.453039
0.45306
0.453107
0.453073
0.453048
0.453017
0.452981
0.452941
0.45296
0.452965
0.452918
0.452881
0.452878
0.452907
0.452947
0.452922
0.452931
0.452902
0.452929
0.45293
0.452879
0.452845
0.452823
0.452861
0.452865
0.452834
0.452842
0.452859
0.452871
0.452829
0.452798
0.452771
0.452717
0.45275
0.452752
0.452771
0.452795
0.452747
0.45276
0.452797
0.452776
0.452745
0.452687
0.452657
0.45265
0.452632
0.452695
0.452692
0.452722
0.452735
0.452763
0.452728
0.452752
0.452761
0.452794
0.452769
0.452816
0.452794
0.452798
0.45283
0.452877
0.452865
0.452902
0.452903
0.452935
0.452928
0.452917
0.452917
0.452894
0.452952
0.452947
0.453045
0.453033
0.452997
0.452963
0.452964
0.452921
0.452944
0.452902
0.452926
0.452879
0.452891
0.452895
0.452892
0.452925
0.45298
0.453013
0.452994
0.452981
0.453026
0.453041
0.453045
0.453063
0.45302
0.453003
0.453011
0.453017
0.452986
0.452988
0.452977
0.452922
0.452908
0.452947
0.45294
0.452985
0.452952
0.452981
0.452983
0.45297
0.452926
0.452904
0.452899
0.452886
0.452919
0.452948
0.452965
0.452977
0.452996
0.452969
0.452949
0.452946
0.452963
0.452973
0.45297
0.453009
0.453
0.453025
0.452995
0.452952
0.452902
0.452885
0.452854
0.45284
0.452806
0.452785
0.452779
0.45278
0.452805
0.452784
0.45275
0.452748
0.452745
0.452695
0.452668
0.452631
0.452635
0.452666
0.4527
0.452703
0.452679
0.452664
0.45266
0.452614
0.452607
0.452595
0.452532
0.452541
0.452552
0.45256
0.452597
0.452623
0.452639
0.45267
0.452639
0.452649
0.452659
0.452617
0.452593
0.452584
0.45261
0.4526
0.452637
0.452653
0.452649
0.452657
0.452659
0.452715
0.452798
0.452748
0.452773
0.452773
0.452739
0.452748
0.452778
0.452794
0.452778
0.452749
0.452753
0.452717
0.452703
0.452739
0.452779
0.452783
0.452774
0.452772
0.4528
0.452812
0.452806
0.452808
0.452845
0.452802
0.452801
0.452834
0.452795
0.452745
0.452752
0.452759
0.452747
0.452723
0.452768
0.452755
0.452769
0.452807
0.452853
0.452907
0.452891
0.452887
0.452932
0.452944
0.452927
0.452947
0.452952
0.452914
0.452916
0.45293
0.452938
0.452924
0.452956
0.452935
0.452906
0.452855
0.452857
0.45282
0.452797
0.452764
0.452774
0.452802
0.452766
0.45268
0.452672
0.452665
0.452679
0.452696
0.452691
0.452703
0.452667
0.452648
0.452609
0.452611
0.452581
0.452606
0.452607
0.452637
0.452662
0.452713
0.452731
0.45272
0.452683
0.452688
0.452657
0.452652
0.452641
0.452672
0.452722
0.452762
0.452817
0.452779
0.452821
0.452836
0.45285
0.452838
0.452857
0.452856
0.452875
0.452823
0.452776
0.45277
0.452763
0.452764
0.452768
0.452761
0.452725
0.452704
0.452659
0.452665
0.45265
0.45263
0.452659
0.452657
0.452686
0.452687
0.452639
0.452621
0.452611
0.452588
0.452575
0.452527
0.452542
0.452539
0.452558
0.452527
0.452575
0.452588
0.452565
0.452575
0.452553
0.452602
0.452571
0.452584
0.452593
0.452536
0.452535
0.45259
0.452583
0.452616
0.452631
0.452615
0.452637
0.452605
0.452565
0.452535
0.452533
0.452534
0.452574
0.452586
0.452585
0.452565
0.452583
0.452623
0.452576
0.452584
0.452576
0.45256
0.45252
0.452481
0.452491
0.452513
0.452499
0.452481
0.452493
0.452484
0.452488
0.45251
0.4525
0.452488
0.452494
0.452499
0.452497
0.45253
0.452525
0.452581
0.452595
0.452562
0.452565
0.45258
0.45258
0.452585
0.452581
0.452575
0.452554
0.452576
0.452569
0.452534
0.452519
0.452513
0.45248
0.452438
0.452445
0.452405
0.452379
0.452371
0.452363
0.452377
0.452366
0.452388
0.452466
0.452476
0.452472
0.452448
0.452431
0.452429
0.452434
0.452437
0.452415
0.452436
0.452421
0.452405
0.452404
0.452459
0.452455
0.452466
0.452513
0.452482
0.452488
0.452489
0.452547
0.452564
0.452601
0.452571
0.452562
0.452542
0.452528
0.452522
0.452538
0.45257
0.452586
0.452585
0.452582
0.452557
0.452562
0.452512
0.452513
0.452472
0.452463
0.452449
0.452413
0.452339
0.452337
0.452319
0.45229
0.452305
0.452266
0.452285
0.452282
0.452279
0.452266
0.45224
0.452283
0.452332
0.452367
0.452399
0.452396
0.452404
0.452415
0.452451
0.45242
0.452424
0.452417
0.452427
0.452422
0.452435
0.452411
0.452439
0.452406
0.452425
0.452456
0.452476
0.452487
0.452466
0.452463
0.45246
0.452437
0.452441
0.452413
0.452404
0.452404
0.452353
0.45234
0.452333
0.452326
0.452351
0.452339
0.452279
0.452273
0.452276
0.452256
0.452264
0.452224
0.45225
0.452228
0.452247
0.452245
0.452244
0.452215
0.452214
0.45224
0.452255
0.452228
0.452227
0.452207
0.452228
0.452241
0.452312
0.452322
0.452417
0.452457
0.452452
0.452459
0.452448
0.452473
0.452504
0.452525
0.452524
0.452564
0.452587
0.452598
0.452586
0.452607
0.452635
0.452662
0.452694
0.452661
0.452657
0.452646
0.45261
0.45265
0.452642
0.452641
0.452664
0.452691
0.45273
0.452735
0.452755
0.452709
0.452722
0.452694
0.452671
0.452663
0.452634
0.45261
0.452605
0.452612
0.452608
0.452556
0.452562
0.452535
0.45251
0.452502
0.452469
0.452481
0.452473
0.452469
0.452423
0.452409
0.452413
0.452418
0.452417
0.452387
0.452405
0.452422
0.452413
0.45242
0.452395
0.452388
0.452374
0.452395
0.452395
0.45241
0.452388
0.452373
0.45235
0.452352
0.452323
0.452334
0.452353
0.452348
0.452354
0.452368
0.452341
0.452305
0.452287
0.452329
0.452324
0.452353
0.452363
0.452344
0.452297
0.452298
0.452329
0.452344
0.452342
0.452356
0.452352
0.452391
0.452385
0.452373
0.452386
0.452374
0.452415
0.452422
0.452433
0.452424
0.452419
0.45239
0.452363
0.452354
0.452349
0.452324
0.452299
0.452277
0.45229
0.452328
0.452299
0.452306
0.452326
0.452343
0.452351
0.452359
0.452388
0.452379
0.452352
0.452365
0.452362
0.452348
0.452338
0.452325
0.452389
0.452395
0.452373
0.452364
0.452341
0.452327
0.452308
0.452301
0.452305
0.452298
0.452308
0.452338
0.452303
0.452279
0.45227
0.452263
0.452264
0.452282
0.452234
0.452246
0.452278
0.452258
0.452232
0.452173
0.452182
0.452179
0.452166
0.452135
0.452112
0.452118
0.452133
0.452176
0.452233
0.452242
0.452293
0.452304
0.452349
0.452344
0.452361
0.45236
0.452391
0.452398
0.452383
0.452405
0.452387
0.45238
0.452359
0.452376
0.452349
0.452359
0.452341
0.452313
0.452336
0.452345
0.452319
0.452259
0.452302
0.45231
0.452336
0.452347
0.452283
0.452279
0.45229
0.452339
0.452346
0.452299
0.452284
0.452282
0.452315
0.452361
0.452349
0.452322
0.452314
0.452338
0.452346
0.452355
0.452357
0.452345
0.452364
0.452359
0.452369
0.452344
0.452352
0.452302
0.452348
0.452351
0.452408
0.452448
0.452469
0.452486
0.452502
0.452479
0.452478
0.452516
0.452504
0.452501
0.4525
0.452485
0.452463
0.452446
0.452433
0.452469
0.452486
0.452561
0.452547
0.452574
0.452594
0.452587
0.452603
0.452608
0.452599
0.452614
0.45261
0.45261
0.452611
0.452596
0.452617
0.452593
0.452598
0.452581
0.452593
0.452592
0.452611
0.452632
0.452611
0.452595
0.452598
0.452601
0.452623
0.452596
0.452622
0.452628
0.452565
0.4526
0.45259
0.452604
0.452623
0.45262
0.452638
0.452638
0.452605
0.452598
0.452615
0.452588
0.45254
0.452537
0.452536
0.452543
0.452572
0.452591
0.452613
0.452579
0.452575
0.45258
0.452584
0.452554
0.452532
0.452531
0.452521
0.452543
0.452536
0.452509
0.452545
0.452542
0.452559
0.452592
0.452594
0.452572
0.452554
0.452551
0.452541
0.452515
0.452507
0.452516
0.452509
0.452476
0.452454
0.452451
0.452404
0.452404
0.452415
0.452431
0.452429
0.452406
0.45242
0.452418
0.452443
0.452406
0.45241
0.452431
0.452423
0.452425
0.452404
0.452413
0.452407
0.452406
0.4524
0.452413
0.452409
0.452394
0.452432
0.452415
0.452411
0.452434
0.452391
0.452377
0.452371
0.452364
0.452374
0.45236
0.452404
0.45244
0.452456
0.452445
0.452436
0.452454
0.452463
0.452466
0.452462
0.452456
0.452433
0.452444
0.452424
0.452416
0.452426
0.452446
0.452436
0.452454
0.452452
0.452456
0.452424
0.452434
0.452394
0.452376
0.452386
0.452376
0.452406
0.452407
0.452422
0.452436
0.452447
0.452466
0.452485
0.452495
0.452508
0.452519
0.452523
0.45254
0.452527
0.452548
0.452545
0.4525
0.452486
0.452471
0.452456
0.45248
0.452469
0.452496
0.45252
0.452537
0.45253
0.452554
0.452554
0.452543
0.452502
0.45253
0.452527
0.452521
0.452529
0.452559
0.452533
0.452535
0.452533
0.452528
0.452543
0.452515
0.452521
0.452534
0.45257
0.452595
0.452588
0.452583
0.452573
0.452555
0.452571
0.45254
0.452523
0.452511
0.452512
0.452488
0.452494
0.452467
0.452462
0.452447
0.452465
0.452463
0.452495
0.452473
0.452456
0.45248
0.452446
0.452455
0.45244
0.452407
0.452416
0.452425
0.452432
0.452445
0.452449
0.452447
0.452445
0.452454
0.452471
0.452457
0.452418
0.452411
0.452437
0.452464
0.452464
0.452476
0.452513
0.452507
0.452513
0.452499
0.452519
0.452494
0.452495
0.452503
0.452518
0.452543
0.452537
0.45253
0.452506
0.452489
0.452495
0.452537
0.452559
0.452557
0.452597
0.452593
0.452614
0.452621
0.4526
0.452623
0.45262
0.452631
0.452644
0.452666
0.452661
0.452639
0.452644
0.452656
0.452624
0.452613
0.452609
0.452611
0.452602
0.452596
0.452616
0.452636
0.452592
0.452581
0.452588
0.452568
0.452571
0.45255
0.452535
0.452528
0.452508
0.452509
0.452483
0.452486
0.45244
0.452443
0.45243
0.452409
0.452413
0.452416
0.452458
0.452478
0.452488
0.452446
0.452441
0.452488
0.452499
0.452506
0.452501
0.452518
0.452505
0.452543
0.452512
0.452539
0.452535
0.452539
0.452545
0.452567
0.452563
0.452568
0.452556
0.452557
0.452566
0.452613
0.452621
0.452628
0.452637
0.452623
0.452634
0.452607
0.452608
0.452596
0.452586
0.45261
0.452558
0.452578
0.452616
0.45263
0.452629
0.452625
0.452599
0.452576
0.452569
0.452569
0.452553
0.452545
0.452516
0.452532
0.452534
0.452468
0.452442
0.452459
0.452456
0.452451
0.452505
0.452533
0.452558
0.452528
0.45251
0.452509
0.452521
0.45251
0.452509
0.452503
0.452482
0.452446
0.452432
0.452418
0.452409
0.452397
0.452428
0.452427
0.452437
0.452458
0.452437
0.452443
0.452453
0.452483
0.452501
0.4525
0.452482
0.452479
0.452504
0.45251
0.452482
0.452443
0.452423
0.45241
0.452443
0.452453
0.452447
0.452408
0.452401
0.4524
0.452359
0.452345
0.452356
0.452369
0.452368
0.45238
0.452398
0.452382
0.452352
0.452352
0.452369
0.452337
0.452355
0.452343
0.452333
0.45232
0.452348
0.452353
0.452339
0.452319
0.452325
0.452321
0.45232
0.452313
0.452296
0.452258
0.45226
0.452241
0.452271
0.452299
0.452301
0.452291
0.452281
0.452278
0.452291
0.452296
0.452281
0.452295
0.452314
0.452306
0.452295
0.452293
0.452286
0.45229
0.452281
0.452275
0.452288
0.452307
0.452307
0.452307
0.452309
0.45232
0.452302
0.452268
0.452255
0.452274
0.452273
0.452272
0.452291
0.452294
0.452297
0.4523
0.452327
0.452339
0.452346
0.452384
0.452367
0.452342
0.452332
0.452328
0.452299
0.452321
0.452341
0.452338
0.452336
0.452331
0.4523
0.452308
0.452307
0.452315
0.452343
0.452344
0.452351
0.452396
0.452424
0.452419
0.452421
0.452405
0.452417
0.45241
0.452393
0.452389
0.45237
0.452343
0.452333
0.452301
0.45232
0.452337
0.452329
0.452339
0.452361
0.452369
0.45239
0.452387
0.452409
0.452412
0.452404
0.452418
0.45247
0.452443
0.452454
0.452476
0.452474
0.452495
0.452511
0.452523
0.452541
0.452531
0.452514
0.452517
0.452505
0.452503
0.452494
0.452477
0.452456
0.452441
0.45249
0.452476
0.452472
0.452442
0.452447
0.452455
0.45247
0.452459
0.452459
0.45247
0.452437
0.452427
0.452434
0.452455
0.452464
0.45246
0.452497
0.452516
0.45255
0.452564
0.452554
0.452562
0.452564
0.452549
0.452546
0.452523
0.452538
0.452546
0.452572
0.452569
0.452576
0.452587
0.452581
0.452601
0.452614
0.452624
0.452614
0.452639
0.45264
0.452613
0.452601
0.452617
0.452617
0.452624
0.452631
0.452648
0.452631
0.452629
0.452591
0.452584
0.452583
0.452588
0.452575
0.452572
0.452563
0.452564
0.452564
0.452571
0.452594
0.45258
0.45261
0.452626
0.452629
0.452578
0.452579
0.452599
0.452566
0.452555
0.452541
0.452518
0.452539
0.452569
0.452576
0.452576
0.452573
0.452567
0.452583
0.452576
0.452572
0.452568
0.452597
0.45261
0.452586
0.452585
0.452587
0.452585
0.452577
0.452623
0.452632
0.452654
0.452662
0.45269
0.452709
0.452735
0.452738
0.452735
0.452737
0.452753
0.452738
0.452734
0.452713
0.452691
0.452674
0.452637
0.452611
0.452597
0.452617
0.452662
0.452652
0.452651
0.452638
0.452644
0.452657
0.452682
0.45268
0.45268
0.452697
0.452699
0.45268
0.452645
0.452651
0.452635
0.452624
0.452603
0.452603
0.45261
0.452603
0.452585
0.452584
0.452602
0.452574
0.452563
0.452568
0.452561
0.452574
0.452581
0.452583
0.452593
0.452591
0.452578
0.452541
0.452525
0.452536
0.452565
0.452555
0.452562
0.452595
0.452583
0.452616
0.452626
0.452621
0.452618
0.452645
0.45264
0.452642
0.452615
0.452629
0.452636
0.452621
0.452638
0.452623
0.452628
0.452631
0.452619
0.452598
0.452588
0.452618
0.452614
0.452611
0.452619
0.452632
0.452619
0.45261
0.452594
0.452612
0.452618
0.452604
0.45261
0.452597
0.4526
0.452617
0.452612
0.452645
0.452661
0.4527
0.452696
0.452654
0.452628
0.452618
0.452605
0.452598
0.452563
0.452571
0.452558
0.452525
0.452525
0.452538
0.452523
0.452534
0.452546
0.452563
0.45256
0.452582
0.452607
0.452602
0.452596
0.452593
0.45261
0.452628
0.452615
0.452617
0.452637
0.452627
0.452644
0.452609
0.452615
0.452614
0.45261
0.452588
0.452573
0.452541
0.452556
0.452529
0.452513
0.452496
0.452484
0.452473
0.452482
0.452449
0.452452
0.452445
0.452421
0.452426
0.4524
0.452398
0.452392
0.452403
0.45241
0.452398
0.452385
0.452361
0.452372
0.452385
0.452421
0.452405
0.452419
0.452392
0.452376
0.452375
0.45237
0.452386
0.452402
0.45239
0.45241
0.452437
0.452438
0.452417
0.452427
0.4524
0.452405
0.452408
0.452402
0.452414
0.452442
0.452458
0.452443
0.452441
0.452439
0.452467
0.452489
0.452504
0.452516
0.452513
0.45253
0.452503
0.4525
0.452475
0.452488
0.452503
0.452494
0.452487
0.45248
0.452493
0.452473
0.452467
0.452447
0.452442
0.45247
0.45248
0.452486
0.452463
0.452467
0.452483
0.452495
0.452493
0.452483
0.452488
0.452498
0.452511
0.452505
0.452522
0.452539
0.452519
0.45251
0.452476
0.452453
0.452454
0.452455
0.452451
0.452462
0.452459
0.452443
0.452453
0.452434
0.45244
0.45243
0.452417
0.45241
0.452412
0.452457
0.452456
0.452474
0.452466
0.452483
0.452506
0.452507
0.452504
0.452492
0.45248
0.452487
0.452498
0.452493
0.452479
0.452464
0.452473
0.452473
0.45247
0.452502
0.452493
0.452509
0.452505
0.452494
0.452516
0.452498
0.452482
0.452497
0.452511
0.452519
0.452496
0.452498
0.452496
0.452485
0.452472
0.452467
0.452484
0.452434
0.452417
0.45243
0.452472
0.45246
0.452437
0.452404
0.452403
0.45243
0.452442
0.452413
0.452426
0.452426
0.452415
0.452436
0.452447
0.452453
0.452451
0.452453
0.452458
0.452466
0.452485
0.45248
0.452466
0.452469
0.45247
0.452444
0.452418
0.45242
0.452423
0.452427
0.452421
0.452451
0.452471
0.452498
0.452496
0.452484
0.452477
0.452505
0.452483
0.452487
0.452513
0.452527
0.452563
0.45257
0.452597
0.452594
0.452615
0.452612
0.452617
0.452654
0.452691
0.452677
0.45268
0.452693
0.452678
0.452663
0.452632
0.452631
0.452608
0.452597
0.452601
0.452627
0.452626
0.452629
0.452636
0.452638
0.452644
0.45264
0.452649
0.452645
0.452652
0.452629
0.452603
0.452594
0.4526
0.452615
0.452625
0.452629
0.452619
0.452609
0.452595
0.452604
0.45262
0.452597
0.452569
0.452552
0.452569
0.452585
0.452589
0.452594
0.452576
0.452572
0.452556
0.452544
0.452545
0.452541
0.452525
0.452531
0.452525
0.452516
0.452513
0.452536
0.452535
0.452539
0.452519
0.452526
0.452508
0.452504
0.452514
0.452514
0.452483
0.4525
0.452495
0.452479
0.452464
0.452477
0.452453
0.45243
0.452435
0.452424
0.452418
0.452405
0.452377
0.452364
0.452374
0.45236
0.452347
0.45236
0.452405
0.45244
0.452432
0.45244
0.452432
0.452438
0.452442
0.452438
0.452412
0.452387
0.452384
0.452383
0.452382
0.452373
0.452356
0.452339
0.452328
0.452325
0.452333
0.452311
0.452334
0.452339
0.45233
0.45232
0.452326
0.452317
0.452327
0.452338
0.452334
0.452349
0.452347
0.452372
0.45237
0.452363
0.452365
0.45236
0.45238
0.452382
0.452385
0.452388
0.452361
0.452348
0.45234
0.452321
0.452307
0.452296
0.452281
0.452282
0.452269
0.452249
0.452249
0.452232
0.452235
0.452216
0.452202
0.452202
0.452182
0.452175
0.452162
0.452141
0.452148
0.452158
0.452146
0.452173
0.452164
0.452173
0.452156
0.452151
0.452143
0.452172
0.452195
0.452181
0.452182
0.452177
0.452206
0.452196
0.452182
0.452168
0.452176
0.452202
0.452221
0.45223
0.452225
0.452241
0.452235
0.452225
0.452235
0.452227
0.452233
0.452246
0.452242
0.452234
0.452233
0.452207
0.452226
0.452216
0.452231
0.452211
0.452211
0.452188
0.452203
0.452198
0.452189
0.452193
0.452194
0.452194
0.45215
0.452108
0.452096
0.452086
0.452119
0.452098
0.452067
0.452041
0.452041
0.452028
0.452013
0.452018
0.452035
0.452028
0.452045
0.45206
0.452081
0.452118
0.452131
0.452174
0.452194
0.452198
0.452191
0.452186
0.45219
0.452192
0.452183
0.452198
0.452204
0.452203
0.452182
0.452205
0.452192
0.452195
0.452179
0.45218
0.452164
0.452137
0.452134
0.452129
0.452155
0.452159
0.45215
0.452145
0.452128
0.452114
0.452115
0.452106
0.452098
0.452086
0.452088
0.452081
0.452077
0.452083
0.452071
0.452083
0.452088
0.452103
0.452115
0.452108
0.452086
0.452091
0.452097
0.452095
0.452096
0.452071
0.452068
0.452086
0.452088
0.452101
0.452079
0.452099
0.452099
0.452112
0.452117
0.45215
0.452148
0.452146
0.452159
0.452152
0.452162
0.452168
0.452177
0.452186
0.452187
0.452205
0.452215
0.4522
0.452212
0.45224
0.452257
0.452262
0.452261
0.452232
0.452232
0.45224
0.452236
0.452229
0.452224
0.452216
0.452235
0.452254
0.452251
0.452243
0.452241
0.452235
0.452254
0.452229
0.452234
0.452254
0.452239
0.452226
0.452229
0.452241
0.452236
0.452229
0.452243
0.452246
