0.317073
0.397805
0.43088
0.439655
0.457959
0.467527
0.469575
0.473349
0.479012
0.480384
0.48137
0.48583
0.486023
0.488412
0.492424
0.495203
0.498876
0.497749
0.501467
0.501828
0.504396
0.504687
0.50504
0.506221
0.508881
0.511844
0.513122
0.514825
0.514771
0.516083
0.519661
0.521141
0.521305
0.521017
0.520899
0.520481
0.520084
0.520432
0.521685
0.52146
0.522128
0.522715
0.523613
0.5241
0.523769
0.524818
0.524464
0.525669
0.525929
0.525173
0.525919
0.526035
0.526711
0.527927
0.528095
0.528157
0.529223
0.530526
0.530909
0.530721
0.530895
0.531149
0.53117
0.531672
0.532825
0.533548
0.533816
0.533631
0.53336
0.533096
0.533843
0.533565
0.534479
0.53507
0.535479
0.535477
0.536341
0.537192
0.537024
0.53724
0.537923
0.538473
0.538521
0.539273
0.538658
0.538329
0.538614
0.539204
0.539015
0.539106
0.539269
0.539545
0.539641
0.539872
0.540205
0.540923
0.540744
0.541039
0.541033
0.540642
0.540538
0.540837
0.54124
0.541418
0.541812
0.542108
0.542565
0.543383
0.543759
0.543945
0.544285
0.544876
0.544842
0.545175
0.545109
0.545512
0.545829
0.545866
0.545717
0.545808
0.545679
0.545827
0.545858
0.546032
0.546376
0.546615
0.546516
0.546969
0.546775
0.546706
0.547393
0.547615
0.547444
0.547634
0.547815
0.547857
0.547807
0.547603
0.548108
0.548437
0.548809
0.548924
0.549334
0.549285
0.549165
0.549488
0.549739
0.549746
0.549908
0.549669
0.549968
0.550451
0.550346
0.550386
0.550271
0.550393
0.550279
0.550147
0.550281
0.550492
0.550769
0.551069
0.551302
0.551511
0.551544
0.55165
0.551534
0.551783
0.551634
0.55143
0.551385
0.551385
0.551005
0.551305
0.551289
0.551754
0.551945
0.551991
0.551933
0.55189
0.551888
0.551885
0.551687
0.551682
0.551511
0.551618
0.551512
0.551716
0.551939
0.55212
0.552226
0.552172
0.552355
0.552383
0.552415
0.552428
0.552492
0.552667
0.552574
0.552728
0.552776
0.552612
0.552699
0.552949
0.553188
0.553358
0.553339
0.553412
0.553321
0.553508
0.553683
0.553787
0.55398
0.554158
0.554311
0.554358
0.554534
0.554725
0.554594
0.554558
0.554548
0.554615
0.554891
0.554764
0.554848
0.554847
0.55497
0.554769
0.554764
0.554579
0.554787
0.554808
0.554923
0.555082
0.554804
0.555024
0.555183
0.555109
0.555182
0.555148
0.555044
0.555219
0.555103
0.554975
0.555158
0.555252
0.555323
0.555419
0.555448
0.555392
0.555445
0.555587
0.555446
0.55557
0.555548
0.555576
0.555517
0.555286
0.555241
0.555159
0.555408
0.555503
0.555398
0.555482
0.555529
0.555614
0.555788
0.55577
0.555911
0.555878
0.555955
0.555945
0.555944
0.556226
0.556305
0.556457
0.55664
0.556437
0.556475
0.556558
0.556653
0.556712
0.556852
0.55702
0.556985
0.55703
0.556973
0.556905
0.556993
0.556912
0.557058
0.557011
0.556894
0.557034
0.557155
0.557068
0.557182
0.55722
0.557326
0.557324
0.557284
0.5573
0.557174
0.557092
0.556877
0.556998
0.557086
0.557028
0.556962
0.556915
0.55708
0.557121
0.557273
0.557463
0.557539
0.557445
0.55743
0.557498
0.557494
0.557445
0.557516
0.557561
0.55753
0.557466
0.5575
0.557554
0.557436
0.557407
0.557284
0.557369
0.557564
0.557673
0.55771
0.557953
0.55807
0.558044
0.558055
0.557992
0.557984
0.558141
0.558153
0.558154
0.558184
0.558241
0.55841
0.558344
0.558497
0.558602
0.558704
0.558619
0.558708
0.558677
0.558516
0.558517
0.55849
0.558428
0.558379
0.558471
0.558449
0.55857
0.558599
0.558604
0.558751
0.558596
0.558603
0.558809
0.55897
0.559018
0.559045
0.558925
0.558945
0.558988
0.558946
0.558985
0.558987
0.558887
0.558941
0.558895
0.558854
0.558942
0.559009
0.558862
0.558928
0.559053
0.559079
0.559055
0.559122
0.559168
0.559158
0.559262
0.559231
0.5592
0.559252
0.559219
0.559052
0.559036
0.559091
0.559053
0.559164
0.559039
0.559052
0.559058
0.559008
0.558996
0.558946
0.559036
0.559129
0.559189
0.559236
0.559301
0.55931
0.55934
0.559338
0.559405
0.55935
0.559375
0.559433
0.559389
0.559332
0.559287
0.559241
0.559173
0.559116
0.559054
0.559091
0.559048
0.559107
0.559115
0.559064
0.559013
0.55885
0.558812
0.558751
0.558754
0.558719
0.558672
0.558749
0.558789
0.55874
0.558624
0.558553
0.558676
0.558706
0.558623
0.558613
0.55862
0.558533
0.558491
0.558492
0.558453
0.558487
0.558554
0.558617
0.558667
0.558725
0.558698
0.55869
0.558621
0.558669
0.558704
0.558681
0.558691
0.558645
0.558634
0.558664
0.558632
0.55851
0.558461
0.558328
0.558398
0.55841
0.558363
0.558256
0.558238
0.558155
0.558228
0.558177
0.558211
0.558223
0.558215
0.558205
0.558301
0.558287
0.558216
0.558131
0.558144
0.558006
0.557978
0.558045
0.557971
0.557993
0.557932
0.557915
0.557811
0.557826
0.557833
0.557862
0.557741
0.557743
0.557657
0.557584
0.557571
0.557645
0.557496
0.557413
0.55737
0.557312
0.557295
0.557245
0.557138
0.5571
0.55707
0.55707
0.557132
0.557124
0.557148
0.557137
0.557088
0.556943
0.556913
0.556965
0.556926
0.556965
0.556987
0.557017
0.557005
0.556946
0.55697
0.556884
0.556721
0.556578
0.556556
0.556575
0.556585
0.556552
0.556515
0.556408
0.55639
0.556296
0.556246
0.556089
0.555993
0.555913
0.555861
0.555819
0.555748
0.555654
0.55561
0.555479
0.555361
0.555308
0.555254
0.555209
0.555244
0.555205
0.555127
0.55495
0.55479
0.554761
0.554754
0.554686
0.554642
0.554614
0.554555
0.554504
0.554517
0.554498
0.554516
0.554464
0.554501
0.554404
0.554441
0.55437
0.554396
0.554357
0.554325
0.554239
0.554222
0.554217
0.554147
0.554112
0.554107
0.554032
0.553997
0.554005
0.553922
0.553898
0.553975
0.553967
0.553945
0.553807
0.553761
0.553633
0.553635
0.55363
0.553563
0.553589
0.553509
0.553423
0.553506
0.553448
0.553418
0.553409
0.553416
0.553379
0.553295
0.553281
0.553272
0.553242
0.553253
0.553249
0.553183
0.553133
0.553171
0.553184
0.553123
0.552996
0.55298
0.552926
0.552929
0.552901
0.552912
0.552871
0.552707
0.552551
0.552557
0.552514
0.55247
0.552483
0.552465
0.552493
0.552405
0.552462
0.552414
0.552451
0.552396
0.55244
0.552441
0.552383
0.552285
0.552292
0.552262
0.552309
0.552341
0.552392
0.55235
0.552285
0.552282
0.552286
0.552169
0.552118
0.552138
0.552082
0.552016
0.552002
0.551936
0.551964
0.551937
0.551998
0.551977
0.551968
0.551969
0.551899
0.55186
0.551887
0.551893
0.551894
0.551985
0.552019
0.55198
0.551908
0.55187
0.551811
0.551764
0.551756
0.551683
0.551698
0.551665
0.551667
0.551754
0.551754
0.551799
0.551755
0.551685
0.551714
0.551652
0.551752
0.551762
0.551672
0.551714
0.551652
0.551752
0.551685
0.551608
0.551553
0.551585
0.551557
0.551601
0.551668
0.551715
0.551729
0.551827
0.551846
0.551835
0.55188
0.551865
0.551902
0.551875
0.551745
0.551532
0.551542
0.551502
0.551494
0.551518
0.551436
0.551418
0.551414
0.551426
0.551442
0.551369
0.551316
0.551297
0.55123
0.551236
0.551266
0.551242
0.551239
0.55125
0.55126
0.551245
0.551192
0.551155
0.551102
0.551066
0.551057
0.551038
0.551036
0.551047
0.551084
0.551108
0.551042
0.550981
0.551073
0.551023
0.551029
0.551032
0.551003
0.551021
0.551049
0.551019
0.550971
0.550916
0.55089
0.550865
0.550893
0.550913
0.550871
0.550901
0.550798
0.550772
0.550709
0.550676
0.550687
0.550708
0.550658
0.550571
0.550531
0.550405
0.550309
0.55025
0.550224
0.550208
0.55019
0.550169
0.550156
0.550093
0.550089
0.550045
0.550037
0.55006
0.550079
0.550123
0.550128
0.550075
0.550046
0.550064
0.55009
0.550111
0.550105
0.55012
0.550106
0.550091
0.550049
0.550081
0.550063
0.550024
0.550014
0.550001
0.549931
0.549864
0.549788
0.54976
0.549831
0.549777
0.549747
0.549764
0.549799
0.549739
0.549746
0.549692
0.549677
0.549714
0.549719
0.549788
0.549771
0.549666
0.549661
0.549569
0.549547
0.549508
0.549553
0.549531
0.549531
0.549528
0.549486
0.549491
0.549525
0.549461
0.549517
0.549502
0.549448
0.549436
0.549449
0.549448
0.549411
0.549408
0.549402
0.549326
0.549326
0.549329
0.54937
0.549392
0.549328
0.549302
0.549244
0.549198
0.549183
0.549172
0.549159
0.549118
0.549068
0.549134
0.549061
0.549079
0.549061
0.549148
0.549074
0.54912
0.549118
0.549147
0.549203
0.549197
0.549247
0.549213
0.549213
0.549224
0.549186
0.549169
0.54908
0.549133
0.549087
0.549084
0.549071
0.549068
0.549028
0.549077
0.549085
0.549127
0.549106
0.549037
0.54904
0.549035
0.549074
0.549018
0.548917
0.548923
0.548902
0.548847
0.548784
0.548781
0.548788
0.548775
0.548807
0.548766
0.548724
0.548694
0.548653
0.54864
0.548655
0.548587
0.548586
0.548606
0.548557
0.548531
0.548544
0.548528
0.548454
0.548437
0.548403
0.548378
0.548334
0.548295
0.548311
0.548372
0.548368
0.548343
0.548319
0.548295
0.548322
0.548334
0.548258
0.548209
0.548195
0.548207
0.548163
0.548175
0.548159
0.548159
0.548184
0.548178
0.548194
0.548153
0.548141
0.54816
0.548148
0.54812
0.54821
0.548196
0.548143
0.548161
0.548205
0.548196
0.548217
0.548231
0.54823
0.548292
0.548326
0.548367
0.548354
0.548388
0.548365
0.548333
0.548322
0.548342
0.54835
0.548424
0.54842
0.54839
0.548404
0.548416
0.548411
0.548387
0.54832
0.548341
0.548333
0.548365
0.548385
0.548411
0.548416
0.548366
0.548338
0.548306
0.548313
0.548278
0.548296
0.548367
0.548327
0.548396
0.548315
0.54828
0.548211
0.548204
0.54818
0.548202
0.548219
0.548232
0.548225
0.548198
0.548174
0.548127
0.548129
0.548152
0.548137
0.548173
0.548134
0.548077
0.548064
0.548129
0.54813
