0.628079
0.585025
0.593723
0.591227
0.583418
0.573637
0.574569
0.572075
0.571756
0.572647
0.570383
0.572205
0.569737
0.571029
0.572099
0.574853
0.575772
0.575626
0.574828
0.570568
0.570464
0.569711
0.569087
0.5687
0.568841
0.568943
0.568002
0.568282
0.567701
0.567111
0.565536
0.564048
0.563431
0.563352
0.563647
0.563213
0.561483
0.559937
0.559824
0.557988
0.558412
0.558295
0.55836
0.559606
0.559709
0.559377
0.559604
0.559844
0.559888
0.559792
0.560336
0.560927
0.560344
0.561032
0.561777
0.561898
0.562383
0.56289
0.563014
0.563636
0.563333
0.562915
0.563123
0.563731
0.563537
0.563899
0.564364
0.564474
0.564988
0.565531
0.56545
0.564796
0.564903
0.564777
0.564738
0.564609
0.565007
0.565003
0.565226
0.565544
0.565981
0.564828
0.565067
0.564906
0.564703
0.564768
0.565156
0.565252
0.565364
0.565726
0.565585
0.565871
0.566093
0.565938
0.566576
0.566451
0.566565
0.566521
0.566077
0.566252
0.566251
0.566569
0.566083
0.566667
0.566569
0.566138
0.566306
0.566398
0.566821
0.56703
0.567344
0.56704
0.566965
0.566866
0.566838
0.567285
0.56694
0.567115
0.567031
0.56724
0.567288
0.56731
0.567076
0.567245
0.567521
0.567473
0.567465
0.567744
0.567977
0.568102
0.568062
0.568454
0.568206
0.56801
0.568086
0.568181
0.568053
0.568266
0.568586
0.568563
0.568473
0.568472
0.568486
0.568562
0.568698
0.568606
0.568698
0.568328
0.56838
0.568329
0.56831
0.56854
0.568335
0.568353
0.568469
0.568396
0.568296
0.568526
0.56846
0.568414
0.568375
0.568445
0.568185
0.568058
0.56795
0.567618
0.567723
0.567688
0.567904
0.568001
0.567889
0.567924
0.567838
0.567823
0.567754
0.568078
0.568283
0.568285
0.568335
0.568167
0.56825
0.568254
0.568386
0.568437
0.568394
0.568288
0.568158
0.568018
0.567961
0.567682
0.56766
0.567487
0.567383
0.567437
0.567599
0.567274
0.567265
0.567249
0.566986
0.566898
0.566956
0.566842
0.566796
0.566834
0.566849
0.566822
0.566993
0.56697
0.567034
0.566796
0.566785
0.566638
0.566516
0.566492
0.566617
0.566645
0.566719
0.566563
0.566442
0.566294
0.566367
0.566286
0.566316
0.566234
0.56599
0.56605
0.56616
0.566327
0.56634
0.566361
0.566189
0.566243
0.566224
0.56622
0.566274
0.56607
0.566094
0.566191
0.566171
0.566075
0.566045
0.565981
0.566041
0.566056
0.566152
0.566031
0.565981
0.565911
0.565938
0.565985
0.566207
0.566191
0.566379
0.566243
0.56627
0.566285
0.566182
0.566165
0.56604
0.565889
0.565732
0.565775
0.56578
0.566005
0.566063
0.565996
0.565995
0.566001
0.566034
0.566132
0.566213
0.566343
0.566386
0.566306
0.566322
0.566273
0.56618
0.566138
0.566213
0.566242
0.566295
0.566236
0.566124
0.566125
0.566117
0.56607
0.566221
0.566223
0.566071
0.565881
0.565874
0.565846
0.565723
0.565619
0.565531
0.565557
0.565536
0.565436
0.565454
0.565293
0.565177
0.565178
0.565186
0.565138
0.565111
0.564972
0.565003
0.565015
0.56486
0.564828
0.56484
0.56485
0.564758
0.564719
0.564737
0.56473
0.564805
0.564853
0.564902
0.565116
0.56514
0.565115
0.565224
0.565119
0.56522
0.565348
0.565411
0.565478
0.565527
0.565532
0.565637
0.56565
0.565697
0.565729
0.565779
0.565859
0.5659
0.565952
0.56604
0.565971
0.565997
0.566056
0.566096
0.566109
0.566159
0.566187
0.566272
0.566191
0.566312
0.566331
0.566285
0.566195
0.566343
0.566375
0.566385
0.566383
0.566364
0.566364
0.566294
0.566206
0.566187
0.566288
0.566246
0.566263
0.56631
0.566322
0.566384
0.566493
0.566405
0.566548
0.566576
0.566624
0.566688
0.566781
0.566806
0.566721
0.56675
0.56677
0.566822
0.566814
0.566796
0.566778
0.566721
0.566543
0.56665
0.566613
0.566423
0.566421
0.566346
0.566386
0.566313
0.566267
0.566231
0.566251
0.566292
0.566252
0.566205
0.566159
0.566137
0.566062
0.566239
0.566185
0.566206
0.566236
0.566312
0.566216
0.566234
0.566298
0.566285
0.566289
0.566298
0.566324
0.566315
0.566406
0.566517
0.566503
0.566512
0.566573
0.566642
0.566705
0.566809
0.566884
0.566869
0.566906
0.566815
0.567038
0.567116
0.567121
0.567108
0.567144
0.567104
0.567142
0.567076
0.566997
0.566924
0.566874
0.566933
0.566821
0.566835
0.566781
0.566732
0.566672
0.566664
0.566822
0.566825
0.566867
0.566771
0.566736
0.566741
0.566703
0.566681
0.566637
0.566649
0.566721
0.566645
0.566662
0.56669
0.566798
0.566784
0.56682
0.566826
0.566742
0.566771
0.566757
0.566718
0.566699
0.566638
0.566663
0.56667
0.566753
0.566825
0.566824
0.566713
0.566742
0.566732
0.56665
0.566633
0.566571
0.566508
0.566485
0.566489
0.566467
0.566504
0.566453
0.566491
0.566549
0.566505
0.566499
0.566502
0.566503
0.566438
0.566315
0.566351
0.566203
0.566125
0.566112
0.566005
0.565857
0.565786
0.565723
0.565716
0.565663
0.565674
0.56567
0.565656
0.565686
0.565698
0.565689
0.565664
0.5657
0.565691
0.565765
0.565762
0.565764
0.565761
0.565774
0.565673
0.565657
0.565725
0.565737
0.565705
0.565758
0.565839
0.565791
0.565877
0.565836
0.565823
0.565876
0.565996
0.565966
0.565971
0.566035
0.566051
0.566102
0.566057
0.566101
0.56609
0.566043
0.565987
0.566003
0.56599
0.565958
0.565944
0.56591
0.565937
0.565927
0.565908
0.565927
0.565942
0.565967
0.565959
0.565962
0.566052
0.566116
0.566077
0.56608
0.566088
0.566129
0.566198
0.566212
0.566206
0.566294
0.566323
0.566331
0.566358
0.566345
0.566317
0.566312
0.566378
0.566472
0.566515
0.566532
0.566464
0.566383
0.566388
0.566341
0.566453
0.566458
0.566446
0.566463
0.566474
0.56651
0.566406
0.566338
0.566218
0.566238
0.566198
0.566184
0.566145
0.566136
0.566184
0.566169
0.566199
0.5662
0.566227
0.566182
0.56624
0.56621
0.566217
0.566199
0.566249
0.566314
0.566326
0.566457
0.566503
0.566439
0.566492
0.566516
0.566529
0.566574
0.566571
0.566512
0.566541
0.566548
0.56652
0.566556
0.566476
0.566492
0.566504
0.566547
0.56659
0.56658
0.566571
0.5666
0.566589
0.566622
0.56666
0.566619
0.566652
0.566678
0.566707
0.566668
0.566703
0.566742
0.566739
0.566742
0.566784
0.566783
0.566767
0.566773
0.56679
0.566822
0.566808
0.566764
0.566788
0.566769
0.566715
0.566753
0.566779
0.566795
0.566872
0.566837
0.566802
0.566931
0.566905
0.566868
0.566888
0.566904
0.566929
0.566941
0.566945
0.566956
0.566961
0.566959
0.567003
0.567039
0.566993
0.566991
0.56697
0.56694
0.566953
0.566949
0.56694
0.566949
0.566858
0.566868
0.566875
0.566884
0.566893
0.566906
0.566894
0.566895
0.566863
0.566836
0.566806
0.566784
0.566774
0.566765
0.566677
0.566624
0.566642
0.566587
0.566575
0.56663
0.566656
0.566657
0.566698
0.566713
0.566741
0.566787
0.56681
0.566875
0.566844
0.566797
0.566822
0.566794
0.566784
0.566863
0.566858
0.566828
0.566843
0.566787
0.566781
0.566831
0.566818
0.566794
0.566799
0.566821
0.566812
0.566826
0.566838
0.566781
0.566809
0.566783
0.566772
0.566788
0.566749
0.566744
0.566778
0.566794
0.566821
0.566848
0.566898
0.566877
0.566861
0.566837
0.566925
0.566993
0.566988
0.566991
0.566999
0.566989
0.567025
0.56698
0.566934
0.566969
0.566923
0.566947
0.566949
0.567011
0.566988
0.567052
0.566996
0.566988
0.567033
0.567027
0.566971
0.566954
0.56691
0.566915
0.566947
0.566983
0.566914
0.566954
0.566988
0.566956
0.56695
0.566941
0.566899
0.566878
0.566922
0.566962
0.566943
0.566964
0.566943
0.56694
0.56691
0.566949
0.566927
0.566984
0.566975
0.566953
0.566908
0.566851
0.56687
0.566845
0.56685
0.566776
0.5668
0.566863
0.566883
0.566914
0.566926
0.566894
0.566895
0.566895
0.566902
0.566897
0.56688
0.566895
0.566875
0.56686
0.566831
0.566781
0.566791
0.566784
0.566812
0.566848
0.566877
0.566882
0.566896
0.56696
0.56697
0.567002
0.567036
0.566997
0.566968
0.56694
0.566983
0.566989
0.566983
0.567006
0.567002
0.567031
0.566965
0.566973
0.56693
0.567002
0.567024
0.566986
0.566977
0.566994
0.566947
0.566918
0.566927
0.566936
0.566893
0.566898
0.566895
0.566939
0.566942
0.56695
0.566898
0.566827
0.566796
0.56679
0.566815
0.566814
0.566821
0.566844
0.566822
0.566837
0.566837
0.566817
0.566779
0.566833
0.566825
0.566825
0.566825
0.566836
0.56682
0.566775
0.566731
0.566771
0.566739
0.566757
0.566831
0.566818
0.566797
0.566755
0.566802
0.56683
0.56684
0.566877
0.566906
0.566898
0.566865
0.566838
0.566826
0.56683
0.566811
0.56677
0.566786
0.566904
0.566821
0.566873
0.566845
0.566908
0.566948
0.566917
0.566938
0.566912
0.566919
0.566975
0.567
0.566996
0.567063
0.567056
0.567043
0.566984
0.567037
0.56708
0.567099
0.567137
0.567143
0.567188
0.56723
0.56728
0.567338
0.567281
0.567243
0.567263
0.567272
0.567296
0.567322
0.56733
0.567299
0.567285
0.567301
0.56728
0.567275
0.56729
0.567266
0.567264
0.567267
0.567252
0.567307
0.567342
0.567336
0.567319
0.567317
0.567344
0.567395
0.567412
0.567412
0.567461
0.567443
0.567412
0.567429
0.567449
0.567437
0.567407
0.567409
0.567466
0.567453
0.567463
0.567459
0.567475
0.567541
0.567548
0.567525
0.567516
0.567518
0.56757
0.567577
0.567556
0.567536
0.567544
0.567543
0.567534
0.567533
0.567511
0.567597
0.567649
0.567651
0.567636
0.567646
0.567669
0.567664
0.5677
0.567715
0.567709
0.567726
0.567736
0.567702
0.567676
0.567676
0.567666
0.567668
0.567678
0.567734
0.567726
0.567699
0.567702
0.567709
0.567672
0.567735
0.567784
0.567785
