0.908012
0.74705
0.67348
0.623411
0.591995
0.578529
0.557492
0.54
0.526584
0.510824
0.50749
0.502631
0.497869
0.49354
0.489237
0.486337
0.480134
0.475274
0.468919
0.463127
0.457514
0.451772
0.446013
0.440348
0.435897
0.430847
0.425771
0.418565
0.413015
0.408017
0.402567
0.397301
0.392037
0.387221
0.383838
0.380207
0.376075
0.371594
0.367297
0.363575
0.361219
0.357649
0.353603
0.349187
0.346052
0.342746
0.339297
0.335638
0.331961
0.328803
0.326315
0.323544
0.321029
0.318184
0.315355
0.312808
0.310088
0.308233
0.306179
0.304002
0.301891
0.299422
0.297161
0.295144
0.292921
0.291373
0.289267
0.288213
0.286173
0.284909
0.283805
0.282339
0.280637
0.279294
0.278569
0.277438
0.276201
0.275015
0.27441
0.273157
0.272399
0.271479
0.270559
0.269412
0.268352
0.267466
0.266473
0.265719
0.264843
0.263793
0.263316
0.262841
0.262123
0.261413
0.260709
0.259954
0.259358
0.25857
0.257565
0.256647
0.256002
0.255403
0.254413
0.253989
0.252985
0.252236
0.251326
0.250837
0.250184
0.249954
0.249883
0.249178
0.248592
0.247984
0.247529
0.247275
0.24685
0.246474
0.245596
0.245412
0.24493
0.244567
0.244325
0.243861
0.24353
0.243311
0.2431
0.242927
0.242499
0.242314
0.24195
0.241966
0.241794
0.241367
0.241213
0.241032
0.240936
0.240545
0.240175
0.240039
0.239808
0.239402
0.239561
0.239766
0.239224
0.239188
0.238959
0.238791
0.238569
0.23824
0.238063
0.238149
0.238193
0.238589
0.238478
0.238352
0.238142
0.238027
0.237908
0.237877
0.237828
0.237674
0.237617
0.237585
0.237521
0.237676
0.237387
0.23713
0.237093
0.236984
0.236662
0.236569
0.236366
0.23629
0.236398
0.236226
0.23642
0.236451
0.236378
0.236532
0.236617
0.236597
0.236536
0.236888
0.236923
0.236921
0.236798
0.236792
0.236891
0.237088
0.237204
0.23727
0.237124
0.236987
0.237039
0.237202
0.237182
0.237265
0.237265
0.237235
0.237058
0.237043
0.237083
0.237087
0.236951
0.236986
0.237203
0.237166
0.23713
0.237155
0.237304
0.237403
0.237404
0.237675
0.238114
0.238159
0.238069
0.238172
0.238236
0.238411
0.238544
0.238501
0.238681
0.238627
0.238434
0.238333
0.238338
0.238373
0.238359
0.238482
0.238668
0.238538
0.238465
0.238673
0.238914
0.239047
0.239056
0.238948
0.238995
0.239153
0.239197
0.239384
0.239467
0.239559
0.239743
0.239708
0.239742
0.239934
0.240493
0.240441
0.240629
0.24063
0.240773
0.24095
0.241071
0.24106
0.241055
0.241121
0.241386
0.241515
0.241627
0.241576
0.241573
0.241568
0.241789
0.241914
0.241829
0.241875
0.242027
0.242051
0.242203
0.242282
0.242403
0.24254
0.242562
0.242794
0.242912
0.243072
0.243089
0.243127
0.24314
0.243211
0.243345
0.243437
0.243444
0.243704
0.24377
0.244027
0.244267
0.244426
0.244541
0.244535
0.244594
0.244632
0.244719
0.244991
0.245097
0.24523
0.245466
0.245652
0.245715
0.245715
0.245693
0.245725
0.245851
0.245865
0.245999
0.246233
0.246243
0.246403
0.246532
0.246476
0.246434
0.246494
0.246443
0.246598
0.24658
0.246662
0.246754
0.246849
0.246841
0.246937
0.247025
0.247067
0.247114
0.247231
0.247249
0.247364
0.247456
0.247603
0.247689
0.247749
0.247906
0.247958
0.247971
0.248002
0.247924
0.24802
0.248132
0.248185
0.248375
0.248351
0.248493
0.248551
0.248565
0.248594
0.248759
0.24888
0.249132
0.249145
0.249233
0.249279
0.249392
0.249455
0.249575
0.249544
0.249772
0.249824
0.249968
0.250028
0.250041
0.250074
0.250161
0.250129
0.250116
0.250112
0.250189
0.250354
0.250419
0.250575
0.250608
0.250549
0.250665
0.250739
0.250776
0.250637
0.250701
0.250738
0.250948
0.250994
0.251038
0.25115
0.251202
0.251227
0.251248
0.251291
0.251413
0.25149
0.251575
0.251607
0.251629
0.251741
0.251806
0.251925
0.251991
0.251953
0.252
0.251993
0.25205
0.25204
0.251998
0.251909
0.251831
0.251939
0.25202
0.251996
0.252007
0.252111
0.252125
0.252174
0.252271
0.252342
0.252369
0.252484
0.252583
0.252524
0.25258
0.252651
0.252739
0.252665
0.252615
0.252721
0.252819
0.252929
0.252977
0.253064
0.253177
0.253305
0.253375
0.253391
0.253306
0.253384
0.253461
0.253558
0.253608
0.253647
0.25368
0.25378
0.253918
0.253982
0.253976
0.253898
0.254098
0.254142
0.25418
0.254159
0.254131
0.254199
0.254384
0.254436
0.254532
0.254497
0.25456
0.25468
0.254786
0.254821
0.254931
0.254945
0.254958
0.254959
0.255116
0.255197
0.255365
0.255363
0.255375
0.25533
0.255411
0.255339
0.255363
0.255402
0.255522
0.255617
0.255656
0.255721
0.255709
0.255715
0.255793
0.255829
0.255958
0.256011
0.256047
0.256235
0.256256
0.256377
0.25634
0.256492
0.256488
0.256584
0.256674
0.256736
0.256739
0.256785
0.256942
0.256935
0.256979
0.25695
0.257088
0.257211
0.25717
0.25719
0.25733
0.257329
0.257377
0.25747
0.25754
0.257585
0.257602
0.257735
0.25784
0.257948
0.257957
0.257971
0.258026
0.258005
0.258001
0.258093
0.258004
0.2581
0.258168
0.258246
0.258335
0.258455
0.258602
0.25862
0.258719
0.258802
0.258901
0.258897
0.258992
0.2591
0.259226
0.259239
0.259222
0.259256
0.259405
0.259456
0.259537
0.2596
0.259656
0.259736
0.259706
0.259717
0.259732
0.259688
0.259754
0.259845
0.25995
0.260022
0.26008
0.260188
0.260292
0.260357
0.260549
0.260584
0.260686
0.260743
0.260816
0.26097
0.261043
0.261132
0.26123
0.26126
0.261245
0.261309
0.261351
0.261293
0.261403
0.261363
0.26136
0.261482
0.261557
0.261673
0.261799
0.26186
0.261966
0.261976
0.262134
0.262186
0.262157
0.262274
0.262301
0.262367
0.262361
0.26244
0.262447
0.26251
0.262596
0.262561
0.262614
0.262644
0.262727
0.262786
0.2628
0.262822
0.262894
0.263032
0.263137
0.263184
0.263248
0.263272
0.263316
0.263487
0.263631
0.26377
0.263909
0.263985
0.264087
0.264126
0.264067
0.264106
0.264088
0.264051
0.2641
0.26419
0.264285
0.264257
0.264383
0.264494
0.264498
0.264559
0.264595
0.264675
0.264765
0.26485
0.264863
0.264911
0.26494
0.265059
0.265101
0.265119
0.265197
0.265297
0.265359
0.265434
0.265439
0.265527
0.265561
0.265605
0.265611
0.265789
0.265907
0.265948
0.265979
0.265999
0.266034
0.266133
0.266163
0.266264
0.266271
0.266332
0.2664
0.266551
0.266583
0.266676
0.266723
0.266817
0.266881
0.266899
0.266945
0.266957
0.267079
0.267172
0.267228
0.267331
0.26734
0.267362
0.267443
0.267537
0.267614
0.267607
0.267642
0.267673
0.267818
0.267859
0.267935
0.267991
0.267957
0.268019
0.268076
0.268093
0.268103
0.268163
0.268207
0.268272
0.268325
0.268434
0.268596
0.268612
0.268727
0.268812
0.268906
0.268934
0.268964
0.26903
0.269107
0.269149
0.269216
0.269286
0.269349
0.269373
0.269476
0.269551
0.269556
0.269599
0.269715
0.269704
0.269776
0.269857
0.269907
0.270014
0.27004
0.270088
0.270166
0.270198
0.270243
0.270309
0.270363
0.270473
0.270609
0.270641
0.270661
0.270701
0.270804
0.270877
0.270907
0.270968
0.271003
0.271038
0.271151
0.271225
0.271278
0.27133
0.271423
0.271487
0.271669
0.271673
0.271764
0.271851
0.271951
0.272059
0.272077
0.272187
0.272201
0.27222
0.272265
0.27234
0.272449
0.272474
0.272584
0.272608
0.272707
0.2728
0.272843
0.272898
0.272993
0.273042
0.27303
0.273009
0.273055
0.273183
0.273221
0.273262
0.273301
0.273364
0.273439
0.273524
0.273535
0.273599
0.273687
0.273787
0.27384
0.273876
0.273959
0.274095
0.274146
0.274094
0.274181
0.274277
0.274351
0.274392
0.274445
0.274435
0.274436
0.274531
0.274585
0.274607
0.274669
0.274732
0.274784
0.274908
0.274966
0.275008
0.275021
0.275078
0.275105
0.275176
0.275297
0.275336
0.275427
0.27547
0.275503
0.27563
0.27573
0.275769
0.275821
0.275902
0.275961
0.276031
0.276113
0.276118
0.276139
0.276149
0.276201
0.276322
0.276375
0.276405
0.276446
0.276527
0.276578
0.276627
0.276701
0.276754
0.276841
0.276914
0.277057
0.277193
0.277249
0.277344
0.277391
0.277462
0.277499
0.277529
0.277594
0.27768
0.277707
0.277741
0.277796
0.277852
0.277902
0.277984
0.278041
0.278161
0.278216
0.278308
0.278329
0.278328
0.278387
0.278518
0.278524
0.27856
0.278609
0.278685
0.278726
0.278767
0.278804
0.278891
0.278918
0.278961
0.279002
0.279041
0.279075
0.279173
0.279259
0.27932
0.279388
0.279444
0.279554
0.279612
0.279676
0.279737
0.279817
0.279875
0.279919
0.279941
0.280008
0.280032
0.280042
0.280086
0.280154
0.280204
0.280283
0.280323
0.280403
0.280508
0.280571
0.280677
0.280721
0.280706
0.280764
0.280832
0.280906
0.280938
0.280989
0.28101
0.281011
0.281073
0.281157
0.281177
0.281207
0.281243
0.281343
0.281382
0.28145
0.28154
0.281635
0.281716
0.28172
0.281759
0.281815
0.281846
0.281956
0.281941
0.28195
0.281983
0.282064
0.282137
0.282218
0.282261
0.282359
0.282492
0.282576
0.282649
0.282719
0.282738
0.28276
0.282845
0.282852
0.28292
0.282993
0.283111
0.283147
0.283218
0.283316
0.283386
0.283406
0.283441
0.283502
0.28351
0.283559
0.283616
0.283651
0.283718
0.283789
0.283831
0.283914
0.283947
0.284027
0.284079
0.28407
0.284095
0.284189
0.28424
0.284295
0.28432
0.284322
0.28439
0.284419
0.284562
0.284619
0.28465
0.284682
0.284757
0.284807
0.284879
0.284931
0.285001
0.285069
0.28512
0.28516
0.28523
0.285297
0.285376
0.285488
0.285522
0.285584
0.285699
0.285745
0.285839
0.28591
0.285995
0.28605
0.286092
0.286197
0.286239
0.286261
0.286302
0.28639
0.286436
0.286522
0.286597
0.286658
0.286714
0.286793
0.28685
0.286915
0.286931
0.287028
0.287084
0.287205
0.287261
0.287355
0.287428
0.287512
0.287572
0.28768
0.287733
0.287792
0.287837
0.287877
0.287953
0.288014
0.28805
0.288088
0.288153
0.288167
0.288204
0.288239
0.288304
0.288375
0.288419
0.28847
0.288493
0.288538
0.288585
0.288631
0.288666
0.288693
0.288727
0.288748
0.288812
0.288852
0.288921
0.28896
0.289084
0.289158
0.289221
0.289236
0.289292
0.28933
0.289461
0.289543
0.289594
0.289648
0.289672
0.2897
0.289769
0.289782
0.289805
0.289868
0.289903
0.289923
0.28999
0.290008
0.290049
0.290115
0.290204
0.290328
0.290398
0.290464
0.290554
0.290627
0.290718
0.290738
0.290775
0.290834
0.290921
0.290984
0.291039
0.291069
0.291099
0.291145
0.291233
0.29128
0.291308
0.291382
0.2914
0.291429
0.291452
0.291494
0.291548
0.291624
0.291727
0.291761
0.291798
0.291899
0.291987
0.292049
0.292102
0.292169
0.292261
0.292329
0.29239
0.292502
0.292578
0.29262
0.292687
0.292743
0.29279
0.292861
0.292928
0.292927
0.292951
0.292975
0.293024
0.293123
0.293151
0.293225
0.293331
0.293421
0.293516
0.2936
0.293704
0.293789
0.293893
0.293958
0.29403
0.294084
0.294138
0.294205
0.294264
0.294332
0.294423
0.294471
0.294501
0.294573
0.294625
0.294677
0.294763
0.29479
0.294878
0.294896
0.294961
0.294999
0.295095
0.295143
0.295234
0.295229
0.295298
0.295428
0.295479
0.295565
0.29564
0.295724
0.295812
0.295867
0.295914
0.296003
0.296114
0.296143
0.296215
0.296274
0.296328
0.296369
0.296447
0.296512
0.296599
0.296627
0.296658
0.296716
0.296752
0.296831
0.296876
0.296943
0.297009
0.297115
0.297154
0.297228
0.297276
0.297373
0.297413
0.297475
0.297542
0.29764
0.297697
0.297763
0.297842
0.297888
0.297978
0.298043
0.29805
0.298082
0.298141
0.298236
0.2983
0.298372
0.298442
0.29852
0.29857
0.298611
0.298657
0.298679
0.298754
0.298829
0.2989
0.298957
0.298971
0.299009
0.299057
0.299157
0.299217
0.299263
0.299315
0.299373
0.29943
0.299505
0.299535
0.299578
0.299657
0.299677
0.299759
0.299814
0.299841
0.299862
0.299863
0.299932
0.299991
0.300031
0.30009
0.300147
0.300197
0.300205
0.300249
0.300343
0.300442
0.300441
0.300503
0.300578
0.30063
0.300709
0.300732
0.300818
0.300873
0.300926
0.300951
0.300994
0.301069
0.301113
0.301172
0.301198
0.301256
0.301266
0.301337
0.301397
0.301448
0.301535
0.301633
0.30168
0.301713
0.30175
0.301787
0.301861
0.30192
0.301971
0.302015
0.302146
0.302215
0.302261
0.302334
0.302439
0.302526
0.302572
0.302594
0.30262
0.302695
0.302731
0.302773
0.302818
0.302857
0.302958
0.303038
0.303075
0.303116
0.303198
0.303297
0.303353
0.303406
0.303484
0.303549
0.30365
0.303665
0.303732
0.303753
0.303776
0.303827
0.303847
0.303914
0.303962
0.304051
0.304133
0.304179
0.304241
0.304272
0.304341
0.304398
0.304452
0.304529
0.30461
0.304646
0.304707
0.304756
0.304819
0.30489
0.304979
0.305034
0.305116
0.305135
0.305233
0.305293
0.305363
0.305413
0.305501
0.305563
0.305613
0.30568
0.305763
0.305882
0.305958
0.306028
0.306079
0.306107
0.306131
0.306187
0.306253
0.306355
0.306432
0.306464
0.306566
0.306652
0.306688
0.306785
0.306819
0.306894
0.306969
0.307038
0.307057
0.307114
0.307206
0.307306
0.307341
0.307394
0.307455
0.30748
0.30753
0.307589
0.307645
0.307702
0.307753
0.307816
0.307903
0.308026
0.308102
0.308157
0.308209
0.308312
0.308373
0.308453
0.308514
0.308561
0.308612
0.308649
0.308701
0.308769
0.30883
0.308897
0.308953
0.30902
0.309073
0.309134
0.309231
0.309281
0.309308
0.309337
0.309398
0.309414
0.309461
0.309532
0.309581
0.30964
0.309709
0.30976
0.309846
0.30989
0.309944
0.31001
0.31008
0.310133
0.310214
0.31025
0.310288
0.310302
0.310359
0.310391
0.310399
0.310477
0.310548
0.310647
0.310703
0.310775
0.310873
0.310933
0.310988
0.311068
0.311114
0.311181
0.311215
0.311252
0.311331
0.311437
0.311506
0.311542
0.311595
0.311653
0.311721
0.311772
0.311837
0.311919
0.312023
0.31208
0.31209
0.312119
0.31215
0.312184
0.312247
0.31228
0.312384
0.312439
0.312485
0.312521
0.312576
0.312628
0.312694
0.312727
0.312768
0.312852
0.312944
0.313015
0.31307
0.313134
0.313195
0.313212
0.313296
0.31334
0.31341
0.313475
0.313574
0.31362
0.313626
0.313694
0.313737
0.31379
0.313826
0.313888
0.31393
0.313983
0.314001
0.31407
0.314136
0.314187
0.314237
0.314323
0.314381
0.314462
0.314546
0.314604
0.31465
0.314658
0.31475
0.314794
0.314853
0.314936
0.314996
0.315044
0.315098
0.315135
0.315201
0.315251
0.315323
0.315401
0.315485
0.315514
0.315552
0.315585
0.315639
0.315658
0.31571
0.31579
0.315853
0.31593
0.315978
0.316044
0.316105
0.316174
0.316249
0.316304
0.316312
0.316351
0.316424
0.316471
0.316538
0.316601
0.316632
0.316713
0.316783
0.316816
0.31686
0.316912
0.31697
0.316995
0.317041
0.317082
0.317132
0.317179
0.317205
0.317228
0.317281
0.31733
0.31737
0.317463
0.317532
0.317602
0.317675
0.317711
0.317769
0.317839
0.317895
0.317948
0.318041
0.31812
0.318166
0.318239
0.31832
0.318376
0.318457
0.318514
0.318554
0.31863
0.318691
0.318745
0.3188
0.318875
0.318927
0.318972
0.319037
0.319112
0.319162
0.319206
0.319277
0.319361
0.319393
0.31946
0.319506
0.3196
0.319673
0.319722
0.319755
0.319799
0.319811
0.319885
0.319967
0.320054
0.320104
0.320175
0.320258
0.320314
0.320391
0.32043
0.320524
0.320583
0.320634
0.320702
0.320753
0.320796
0.320875
0.320929
0.320974
0.321022
0.321069
0.32115
0.321213
0.321268
0.321304
0.321333
0.321396
0.321442
0.321498
0.321551
0.321627
0.321636
0.321664
0.32172
0.321789
0.321846
0.321862
0.321903
0.321954
0.322002
0.322054
0.322073
0.322153
0.322215
0.322269
0.322349
0.322388
0.322463
0.322565
0.322606
0.322698
0.322755
0.322817
0.322908
0.322977
0.323025
0.323081
0.323138
0.323174
0.323224
0.32324
0.323268
0.323328
0.323383
0.323452
0.323505
0.323595
0.323687
0.323761
0.323784
0.323833
0.323892
0.323934
0.323973
0.324013
0.324086
0.324137
0.324183
0.324209
0.324234
0.324282
0.324342
0.324392
0.324467
0.324514
0.324557
0.324617
0.324678
0.32474
0.324776
0.324827
0.324887
0.324965
0.325025
0.325088
0.325146
0.32523
0.325296
0.325331
0.325384
0.325414
0.325473
0.32553
0.325574
0.325641
0.325727
0.325781
0.325815
0.325898
0.325933
0.326
0.326077
0.32616
0.32624
0.326321
0.326368
0.326471
0.326511
0.326575
0.326644
0.326694
0.326735
0.326793
0.326848
0.326895
0.32697
0.326988
0.327063
0.327109
0.327176
0.327222
0.327259
0.327312
0.327346
0.327423
0.327474
0.327516
0.327579
0.327649
0.327719
0.327772
0.327837
0.327871
0.327943
0.328011
0.328036
0.328095
0.328154
0.328207
0.328278
0.328343
0.328397
0.328466
0.328546
0.328603
0.328674
0.328752
0.328826
0.328896
0.328952
0.329007
0.329039
0.329095
0.329148
0.329205
0.329241
0.329275
0.329321
0.329378
0.329416
0.329492
0.329546
0.329609
0.329654
0.32971
0.32976
0.3298
0.329847
0.329914
0.329989
0.330026
0.330088
0.330128
0.330164
0.330203
0.330268
0.330333
0.330386
0.330421
0.330491
0.330541
0.330612
0.330662
0.330694
0.330733
0.330769
0.330836
0.33088
0.330926
0.330976
0.331007
0.331058
0.33108
0.331127
0.331156
0.331198
0.331235
0.331273
0.331336
0.331381
0.33145
0.331474
0.33152
0.331578
0.331614
0.331666
0.331703
0.331759
0.331821
0.33185
0.331938
0.331976
0.332046
0.332086
0.332136
0.332168
0.332207
0.332223
0.332246
0.332297
0.332356
0.332448
0.332497
0.332515
0.332582
0.332613
0.332671
0.332727
0.332759
0.332815
0.332879
0.332929
0.332965
0.333025
0.333082
0.333125
0.333166
0.333238
0.333273
0.333296
0.333312
0.333357
0.333421
0.333486
0.333538
0.333579
0.333648
0.333677
0.333734
0.333764
0.333843
0.333899
0.33394
0.333972
0.334022
0.334051
0.334122
0.334188
0.334229
0.334278
0.334306
0.334374
0.334432
0.334503
0.334532
0.334549
0.334596
0.33465
0.334694
0.334765
0.334781
0.334832
0.334873
0.334915
0.334978
0.335012
0.335085
0.33512
0.335158
0.335208
0.335264
0.335287
0.335354
0.335403
0.335468
0.335512
0.335529
0.335571
0.335625
0.335673
0.335725
0.33577
0.335817
0.33588
0.335905
0.335974
0.336007
0.336054
0.336097
0.336141
0.336178
0.336213
0.336267
0.336318
0.336353
0.336416
0.336462
0.336497
0.336553
0.336599
0.336652
0.336703
0.336732
0.336753
0.336802
0.336837
0.336867
0.336925
0.337006
0.337066
0.337106
0.337178
0.33724
0.337273
0.337332
0.337378
0.337442
0.337505
0.337552
0.337602
0.337639
0.337683
0.337744
0.337779
0.337832
0.337878
0.337904
0.337961
0.338
0.338026
0.338058
0.3381
0.338177
0.338221
0.338282
0.338327
0.338391
0.338443
0.338494
0.338517
0.33855
0.338583
0.33865
0.338683
0.338761
0.338792
0.338842
0.338888
0.338928
0.338993
0.33903
0.339071
0.339126
0.339157
0.339187
0.339232
0.339264
0.33929
0.339346
0.339399
0.339439
0.33947
0.339516
0.339573
0.339604
0.339694
0.339734
0.339792
0.339851
0.339886
0.339898
0.339933
0.339956
0.340019
0.340068
0.340122
0.340181
0.340217
0.340238
0.34031
0.340338
0.340376
0.340412
0.340449
0.340475
0.340522
0.340584
0.340632
0.340696
0.340714
0.340777
0.340816
0.340864
0.340937
0.340973
0.341042
0.341071
0.341126
0.341166
0.34122
0.341257
0.341315
0.341363
0.341405
0.34144
0.341462
0.341508
0.341571
0.341593
0.341641
0.341678
0.341731
0.341776
0.341816
0.341838
0.341877
0.341928
0.341961
0.342033
0.34207
0.342121
0.342148
0.342207
0.342271
0.34234
0.342403
0.342418
0.342471
0.342506
0.342563
0.342621
0.34266
0.342691
0.342748
0.342795
0.342842
0.342881
0.342949
0.343003
0.343044
0.343104
0.343169
0.343218
0.343266
0.343314
0.343336
0.343378
0.343399
0.343443
0.343495
0.343528
0.343586
0.343644
0.343715
0.34372
0.343766
0.343806
0.343828
0.343863
0.343914
0.343956
0.344012
0.344033
0.344085
0.344131
0.344183
0.344247
0.344282
0.344329
0.344364
0.344388
0.344418
0.344447
0.344469
0.344513
0.344555
0.344614
0.344656
0.34473
0.344768
0.344802
0.344856
0.344889
0.344941
0.344998
0.345044
0.345065
0.345112
0.345161
0.345208
0.345259
0.34529
0.34533
0.34537
0.345443
0.345474
0.345511
0.34554
0.3456
0.345624
0.34566
0.345698
0.345734
0.345771
0.345803
0.345851
0.345891
0.345921
0.345959
0.346011
0.346051
0.346079
0.346124
0.346147
0.346192
0.346227
0.346263
0.346306
0.346371
0.346441
0.346491
0.346536
0.346549
0.346611
0.346637
0.346687
0.346762
0.346852
0.346877
0.346895
0.346937
0.346964
0.346993
0.347028
0.347074
0.347111
0.347173
0.347223
0.347247
0.34728
0.347307
0.347322
0.34737
0.3474
0.347451
0.347509
0.347543
0.347569
0.347619
0.347683
0.34773
0.347776
0.347829
0.347879
0.347933
0.347964
0.347997
0.348022
0.348078
0.348125
0.348166
0.348215
0.348269
0.348327
0.348368
0.348388
0.348446
0.348493
0.348537
0.348579
0.348647
0.348683
0.348735
0.348761
0.34879
0.348835
0.348885
0.348917
0.348941
0.34898
0.349016
0.349044
0.349064
0.349102
0.349135
0.349173
0.349194
0.349216
0.349255
0.34931
0.34935
0.34938
0.349402
0.349446
0.349516
0.349582
0.349656
0.349703
0.349749
0.349787
0.349829
0.349876
0.349917
0.349992
0.35002
0.350084
0.350121
0.350141
0.350168
0.350199
0.350228
0.350264
0.35029
0.350316
0.350365
0.350411
0.350459
0.350505
0.350546
0.350578
0.350624
0.350681
0.350727
0.35078
0.350825
0.35086
0.350899
0.350943
0.350999
0.351034
0.351066
0.351119
0.35116
0.351197
0.351238
0.351308
0.351332
0.351364
0.351403
0.351425
0.351467
0.351501
0.351503
0.351527
0.351566
0.351609
0.351674
0.351719
0.351782
0.351831
0.351833
0.351877
0.351911
0.351949
0.351988
0.352029
0.352063
0.352108
0.352147
0.352165
0.352191
0.352216
0.352264
0.352313
0.352363
0.35241
0.35246
0.352491
0.352527
0.35257
0.352613
0.352649
0.352693
0.35274
0.352772
0.352841
0.352891
0.352922
0.352965
0.353008
0.35303
0.353069
0.353125
0.353157
0.35321
0.353233
0.353287
0.353312
0.353337
0.35338
0.353442
0.353475
0.353487
0.353523
0.353568
0.353616
0.353665
0.35372
0.353757
0.353794
0.353849
0.353882
0.353894
0.353929
0.35397
0.354006
0.354038
0.354075
0.354107
0.354138
0.354168
0.354216
0.354267
0.354295
0.354314
0.354344
0.354373
0.354417
0.354469
0.354518
0.35456
0.354599
0.354642
0.354677
0.354712
0.354758
0.354786
0.354841
0.354875
0.354911
0.35493
0.354965
0.355035
0.355094
0.355131
0.355194
0.355225
0.355262
0.355285
0.355355
0.355417
0.355425
0.355474
0.35551
0.355506
0.355529
0.355569
0.35561
0.355664
0.355697
0.355745
0.35581
0.355865
0.355911
0.355936
0.355965
0.355994
0.356048
0.356089
0.356109
0.356131
0.356213
0.356277
0.356311
0.35636
0.356396
0.356454
0.356501
0.356541
0.356587
0.356644
0.356682
0.356711
0.356736
0.35677
0.356816
0.356859
0.356896
0.356911
0.356945
0.356999
0.357049
0.357076
0.357125
0.35717
0.357213
0.357257
0.357309
0.357321
0.357349
0.357384
0.35741
0.357458
0.357507
0.357546
0.357581
0.357634
0.357692
0.357711
0.357739
0.35777
0.357807
0.357832
0.357891
0.357955
0.358006
0.358043
0.358066
0.358119
0.358159
0.358199
0.358258
0.358276
0.358327
0.35836
0.358418
0.358469
0.358512
0.358552
0.358602
0.358649
0.358677
0.358739
0.358768
0.358819
0.358854
0.358875
0.358918
0.358946
0.358981
0.359032
0.359086
0.35913
0.359162
0.359191
0.359224
0.359259
0.359287
0.359337
0.35937
0.359398
0.359425
0.359455
0.359492
0.359509
0.359538
0.359573
0.359596
0.359621
0.359654
0.359689
0.359721
0.359763
0.359795
0.359817
0.359829
0.359846
0.359877
0.359915
0.359958
0.359994
0.360026
0.360053
0.360081
0.360111
0.360152
0.360196
0.360216
0.36024
0.36028
0.360311
0.360381
0.360422
0.360462
0.360504
0.360536
0.360591
0.36059
0.360636
0.360678
0.360734
0.360762
0.360802
0.360839
0.360891
0.360926
0.360958
0.360993
0.361037
0.361076
0.361105
0.361124
0.361143
0.361176
0.361238
0.361267
0.361282
0.361323
0.361362
0.361415
0.361466
0.361495
0.361531
0.361552
0.361602
0.361638
0.361688
0.361709
0.361734
0.361784
0.361802
0.361849
0.361872
0.361905
0.361951
0.361994
0.362039
0.362096
0.362148
0.362158
0.362198
0.362231
0.36227
0.362295
0.362309
0.362334
0.362365
0.362383
0.362425
0.362472
0.362492
0.362524
0.362545
0.362569
0.362607
0.362652
0.362683
0.362717
0.362756
0.362792
0.362831
0.362873
0.362902
0.362924
0.362957
0.362996
0.363037
0.36307
0.363096
0.363124
0.363161
0.363194
0.363264
0.3633
0.363327
0.363373
0.363405
0.36346
0.363497
0.363535
0.363572
0.363607
0.363634
0.363679
0.363713
0.363751
0.363784
0.36383
0.363882
0.36392
0.363946
0.364011
0.364053
0.364075
0.364099
0.364127
0.36416
0.364187
0.364212
0.364252
0.364306
0.364315
0.364348
0.364381
0.364417
0.364449
0.364462
0.3645
0.364535
0.36457
0.364589
0.364609
0.364614
0.364652
0.364712
0.364744
0.364785
0.364808
0.364839
0.364866
0.36489
0.364931
0.364969
0.365011
0.365044
0.365087
0.365123
0.365151
0.365188
0.365219
0.365262
0.365278
0.365306
0.365338
0.36539
0.365413
0.365454
0.365489
0.365521
0.365548
0.365587
0.365627
0.365651
0.365687
0.365724
0.365765
0.365806
0.365856
0.365901
0.365912
0.365938
0.365971
0.365992
0.366014
0.366033
0.366059
0.366097
0.366104
0.366129
0.366172
0.36621
0.366247
0.366273
0.366315
0.366343
0.366397
0.366432
0.36645
0.366495
0.366543
0.366578
0.366597
0.366642
0.366678
0.366702
0.366717
0.366768
0.366818
0.366848
0.366901
0.366967
0.366982
0.366989
0.367042
0.367073
0.367116
0.367149
0.367176
0.367213
0.367257
0.367282
0.367307
0.367348
0.367386
0.36743
0.367454
0.367485
0.367522
0.367549
0.367586
0.367624
0.367655
0.367701
0.367734
0.367783
0.367808
0.367829
0.367868
0.367909
0.367924
0.367951
0.367974
0.368001
0.368047
0.368073
0.368101
0.368134
0.368176
0.368218
0.368238
0.368265
0.368294
0.368327
0.368348
0.368367
0.368393
0.36843
0.368475
0.368499
0.368525
0.368566
0.368608
0.368625
0.36866
0.368684
0.368718
0.368755
0.368787
0.368825
0.368854
0.368903
0.368942
0.368961
0.368989
0.36903
0.369062
0.369097
0.369134
0.369167
0.369197
0.369231
0.369272
0.3693
0.369332
0.369381
0.369417
0.369435
0.369473
0.369502
0.369553
0.369591
0.369615
0.369646
0.36968
0.369702
0.369744
0.369754
0.369777
0.369813
0.369848
0.369877
0.369909
0.369934
0.369958
0.370018
0.370035
0.370066
0.370104
0.370143
0.370169
0.370212
0.370256
0.370284
0.370319
0.370368
0.370419
0.370454
0.370495
0.370537
0.370553
0.370587
0.370592
0.370629
0.370684
0.370717
0.370774
0.370812
0.370843
0.370868
0.370912
0.370949
0.370969
0.370999
0.371032
0.371052
0.371103
0.371136
0.37116
0.371186
0.37121
0.371238
0.37126
0.371266
0.371298
0.371329
0.371376
0.371376
0.371412
0.371431
0.371464
0.371506
0.371536
0.371575
0.371627
0.371646
0.371687
0.371735
0.371755
0.371783
0.37182
0.371852
0.371903
0.371944
0.372
0.372027
0.372067
0.372097
0.372131
0.37215
0.372173
0.37222
0.372254
0.372289
0.372316
0.372347
0.372382
0.372401
0.372431
0.372472
0.372482
0.37251
0.372552
0.372586
0.372601
0.372656
0.37269
0.372717
0.372745
0.372776
0.37278
0.372811
0.372838
0.372858
0.372898
0.372931
0.372962
0.373013
0.373036
0.37307
0.373094
0.373131
0.373161
0.373182
0.373212
0.373244
0.373277
0.373296
0.373311
0.373352
0.373382
0.373414
0.373446
0.373471
0.373514
0.373536
0.373568
0.37361
0.373628
0.373663
0.373689
0.373703
0.373732
0.373771
0.373794
0.373826
0.373851
0.373903
0.373961
0.37399
0.37403
0.374072
0.374108
0.374158
0.374168
0.374192
0.374219
0.374234
0.37426
0.374285
0.37431
0.374364
0.374393
0.374441
0.37449
0.374522
0.37455
0.374565
0.374592
0.374617
0.374637
0.374671
0.374703
0.374711
0.374742
0.374773
0.374798
0.374839
0.374875
0.374897
0.374913
0.374933
0.374958
0.374987
0.375015
0.375032
0.375079
0.37511
0.375128
0.375175
0.375202
0.375249
0.375276
0.3753
0.375345
0.375358
0.375357
0.375412
0.375425
0.375451
0.375487
0.375519
0.37556
0.375586
0.375604
0.375626
0.375645
0.375678
0.375715
0.375751
0.37578
0.375801
0.375849
0.375856
0.37589
0.375929
0.375968
0.375995
0.376021
0.376071
0.376097
0.376136
0.376168
0.376207
0.376231
0.376253
0.376283
0.376311
0.376337
0.376369
0.376392
0.376419
0.376441
0.376481
0.376512
0.376558
0.376593
0.376636
0.376664
0.376709
0.37675
0.376769
0.376806
0.376852
0.376866
0.376877
0.376918
0.376924
0.376955
0.376977
0.377004
0.377039
0.377062
0.377084
0.377118
0.377128
0.377154
0.377178
0.377207
0.377221
0.377225
0.377251
0.377279
0.377325
0.377354
0.377373
0.377404
0.377438
0.377484
0.377525
0.377542
0.377588
0.377625
0.377653
0.377687
0.377735
0.377757
0.377778
0.377801
0.377815
0.37783
0.377873
0.377881
0.377924
0.37795
0.377989
0.378016
0.378042
0.378064
0.378093
0.378124
0.378165
0.378189
0.378202
0.37822
0.378251
0.378264
0.378285
0.378302
0.37834
0.378368
0.378406
0.378439
0.378457
0.378475
0.378511
0.378525
0.378555
0.378585
0.378621
0.378653
0.378671
0.37869
0.378727
0.378763
0.378808
0.378819
0.37884
0.378876
0.37889
0.378924
0.378949
0.378987
0.379002
0.379025
0.379046
0.379076
0.379075
0.379113
0.379159
0.37919
0.379217
0.379232
0.379246
0.379273
0.379281
0.379287
0.379306
0.379328
0.379364
0.379392
0.379428
0.37944
0.379468
0.379494
0.379519
0.379552
0.379568
0.379607
0.379631
0.379656
0.379681
0.379716
0.379766
0.379797
0.379807
0.37986
0.379886
0.379909
0.379935
0.379955
0.379965
0.379985
0.380021
0.380064
0.380087
0.380099
0.380113
0.380149
0.380178
0.380209
0.380254
0.380285
0.380304
0.380315
0.380344
0.380384
0.380409
0.38044
0.380452
0.380463
0.380501
0.380532
0.380564
0.380598
0.380619
0.38066
0.380696
0.380739
0.380756
0.380791
0.380816
0.380827
0.380864
0.380891
0.38092
0.380937
0.380962
0.380986
0.381014
0.381026
0.381047
0.381088
0.381105
0.381128
0.38116
0.381178
0.381203
0.381216
0.381251
0.381269
0.381304
0.381328
0.381343
0.381388
0.381417
0.381464
0.381505
0.38153
0.381554
0.381597
0.381621
0.381651
0.381675
0.381703
0.381729
0.381756
0.381779
0.381823
0.381844
0.381874
0.381899
0.381905
0.381939
0.381977
0.382009
0.382046
0.382081
0.382115
0.382144
0.382175
0.3822
0.382232
0.382267
0.382296
0.382331
0.382362
0.382387
0.38242
0.38245
0.382477
0.382496
0.382529
0.382545
0.382585
0.382615
0.382657
0.382682
0.38271
0.382733
0.382767
0.382794
0.382798
0.382825
0.382863
0.382896
0.382932
0.382951
0.382984
0.383019
0.383054
0.383085
0.383105
0.383116
0.383125
0.38315
0.38318
0.383198
0.383214
0.38325
0.383304
0.383336
0.383354
0.383384
0.383409
0.383423
0.383436
0.383459
0.383471
0.383495
0.383529
0.383552
0.383576
0.383608
0.383652
0.383688
0.383695
0.383711
0.383737
0.383759
0.383775
0.383799
0.383837
0.383854
0.383867
0.383892
0.383926
0.383943
0.383964
0.383982
0.384001
0.384023
0.384048
0.384064
0.384071
0.384101
0.384134
0.38416
0.384191
0.384221
0.384245
0.384269
0.384294
0.384322
0.384336
0.384371
0.384394
0.384416
0.384428
0.384456
0.384474
0.384505
0.384521
0.384553
0.38457
0.384598
0.384621
0.384635
0.384655
0.384673
0.384699
0.384734
0.384756
0.384798
0.384827
0.38486
0.384894
0.384916
0.384938
0.384974
0.384998
0.385016
0.385026
0.385069
0.385117
0.385134
0.38516
0.385171
0.385196
0.385218
0.385238
0.385249
0.385272
0.385283
0.385295
0.385316
0.385342
0.385379
0.385388
0.385404
0.385431
0.385438
0.385463
0.385495
0.38552
0.385539
0.385567
0.385579
0.385608
0.385634
0.385664
0.385672
0.385704
0.385713
0.385734
0.385765
0.385775
0.385817
0.385852
0.385858
0.385878
0.385902
0.385915
0.385932
0.38597
0.385992
0.386015
0.386039
0.386066
0.386077
0.386084
0.386116
0.386161
0.386179
0.386205
0.386236
0.386257
0.386298
0.386319
0.386353
0.386382
0.38639
0.386421
0.386454
0.38648
0.386522
0.386531
0.386563
0.386591
0.386613
0.386644
0.386661
0.386705
0.38672
0.386751
0.386782
0.386815
0.386831
0.386864
0.386891
0.386926
0.386956
0.386983
0.387005
0.387038
0.387051
0.387072
0.387102
0.387121
0.387135
0.387164
0.387203
0.387229
0.387262
0.387296
0.387317
0.387337
0.387354
0.387382
0.387394
0.387416
0.387452
0.387492
0.387537
0.387581
0.387608
0.387634
0.387648
0.387657
0.387692
0.387714
0.387736
0.387769
0.387789
0.387808
0.387828
0.387855
0.387876
0.387892
0.387914
0.387944
0.387963
0.38799
0.388028
0.388052
0.388066
0.388084
0.388102
0.388129
0.388162
0.388192
0.388224
0.388241
0.388266
0.388283
0.388297
0.388317
0.388356
0.388385
0.388414
0.388436
0.388453
0.388471
0.388488
0.388511
0.38853
0.388559
0.388578
0.388613
0.388642
0.388665
0.388688
0.388718
0.388737
0.388752
0.388772
0.388799
0.388833
0.38886
0.38888
0.388893
0.388915
0.388942
0.388968
0.388987
0.389006
0.389022
0.389035
0.389061
0.38909
0.389108
0.389136
0.389152
0.38918
0.38919
0.389215
0.389222
0.389255
0.389265
0.389291
0.389325
0.389345
0.389377
0.389391
0.38942
0.389462
0.38948
0.389501
0.38953
0.389569
0.389595
0.389622
0.38964
0.389652
0.389678
0.389715
0.389746
0.389767
0.389792
0.389807
0.389839
0.389866
0.389886
0.389906
0.389934
0.389959
0.389984
0.390001
0.390019
0.39005
0.390079
0.390103
0.390121
0.390143
0.390161
0.390173
0.390201
0.390229
0.390253
0.390269
0.390278
0.390297
0.390321
0.390332
0.390368
0.39038
0.390408
0.390423
0.390458
0.390475
0.390514
0.390535
0.390565
0.390593
0.390622
0.390649
0.39068
0.390698
0.390705
0.390737
0.390767
0.390782
0.390797
0.390814
0.390846
0.390879
0.390907
0.390914
0.390938
0.39097
0.391004
0.391012
0.39103
0.391058
0.391078
0.391104
0.391129
0.391154
0.391176
0.391186
0.39122
0.391228
0.391266
0.391286
0.391311
0.391338
0.391363
0.391384
0.391407
0.391423
0.39144
0.391458
0.391471
0.391489
0.391516
0.391552
0.391565
0.391582
0.391576
0.391611
0.391627
0.391643
0.391663
0.391669
0.391674
0.391716
0.39174
0.391784
0.391813
0.39183
0.391865
0.391893
0.391907
0.391924
0.39194
0.391972
0.391983
0.392013
0.392035
0.392061
0.392093
0.392122
0.392152
0.392179
0.392206
0.392239
0.392259
0.392292
0.392312
0.392322
0.392352
0.392367
0.392384
0.392409
0.392437
0.392451
0.392491
0.392492
0.392514
0.392538
0.392563
0.392586
0.392602
0.392613
0.392639
0.392661
0.392688
0.392708
0.392719
0.392739
0.392781
0.392787
0.392827
0.392847
0.392864
0.392892
0.392903
0.392928
0.392949
0.392974
0.392996
0.393033
0.393059
0.393066
0.393095
0.393131
0.393159
0.393188
0.393218
0.393238
0.393259
0.393268
0.393304
0.393347
0.393367
0.393398
0.393407
0.393429
0.39346
0.393495
0.393519
0.393544
0.393562
0.393571
0.393597
0.393631
0.393645
0.393684
0.393708
0.393747
0.393768
0.393776
0.393796
0.393821
0.39384
0.393858
0.393869
0.393885
0.393896
0.39393
0.393941
0.393958
0.393983
0.393984
0.394006
0.394027
0.394029
0.394034
0.39405
0.394086
0.394119
0.394129
0.394145
0.394149
0.394165
0.39419
0.394219
0.394254
0.394273
0.394303
0.394334
0.39436
0.394385
0.394406
0.39442
0.394437
0.394466
0.394501
0.394524
0.394558
0.394578
0.394613
0.394648
0.394673
0.394703
0.394727
0.394749
0.394773
0.394794
0.394816
0.394833
0.394861
0.394889
0.394909
0.394935
0.394964
0.39498
0.395012
0.395041
0.39506
0.395083
0.3951
0.395117
0.395143
0.395175
0.395188
0.395215
0.395214
0.395253
0.395273
0.395289
0.395314
0.395332
0.395343
0.39536
0.395383
0.395413
0.395439
0.39545
0.395468
0.395489
0.395523
0.395554
0.395568
0.395593
0.395615
0.395634
0.395655
0.395682
0.395715
0.395756
0.395766
0.395786
0.395798
0.395815
0.395837
0.395871
0.395898
0.395925
0.395943
0.395958
0.395982
0.396016
0.396042
0.396067
0.396081
0.396113
0.396132
0.396161
0.396184
0.396213
0.396239
0.396259
0.396291
0.396309
0.396312
0.396327
0.396334
0.396362
0.396386
0.396399
0.396416
0.396452
0.396485
0.396505
0.39651
0.396539
0.396543
0.396572
0.396598
0.396616
0.396645
0.396668
0.396689
0.396709
0.396721
0.396731
0.39676
0.396784
0.396811
0.396822
0.396848
0.396868
0.396887
0.396903
0.396923
0.396945
0.396958
0.39698
0.396986
0.397003
