0.582822
0.403727
0.2666
0.202112
0.164649
0.139676
0.120697
0.108077
0.0974359
0.0890663
0.0860247
0.0820728
0.0792372
0.0760563
0.0737745
0.0719509
0.0697727
0.0682616
0.0666808
0.0649245
0.0634262
0.062572
0.0612586
0.0603169
0.0593903
0.0587432
0.0574655
0.0565365
0.055424
0.0550586
0.0539644
0.0532196
0.0527678
0.0516465
0.0512185
0.0503975
0.0494867
0.0487931
0.0479677
0.0473593
0.0469758
0.0463339
0.0460765
0.045345
0.0450542
0.0444371
0.0437384
0.0434829
0.0427774
0.0422769
0.0420503
0.0415618
0.0412126
0.0405735
0.0405263
0.0399735
0.0396012
0.0393578
0.0388543
0.0386568
0.0383333
0.0381117
0.0378327
0.0375603
0.0372904
0.0368967
0.0368053
0.0364846
0.0362788
0.0361408
0.0358382
0.0355972
0.0352516
0.0349114
0.0348914
0.0349202
0.0349257
0.0345712
0.0344998
0.034377
0.0342187
0.0340164
0.0340802
0.0338519
0.0335491
0.0335294
0.0333678
0.0333866
0.0333798
0.0334964
0.0334533
0.0334952
0.0332623
0.0333595
0.0332478
0.0331698
0.033038
0.0327135
0.0324399
0.0322673
0.0320393
0.0318732
0.0317028
0.0317452
0.031785
0.0316302
0.031689
0.0316607
0.0316396
0.0316148
0.0316167
0.031573
0.0313888
0.0312595
0.0312955
0.0312438
0.031128
0.0311244
0.0311299
0.0309587
0.0309713
0.0309661
0.0308397
0.030819
0.0308194
0.0308154
0.0308469
0.0307987
0.0309064
0.0308273
0.0310033
0.0311793
0.0311137
0.0311953
0.031091
0.0311029
0.0310905
0.0311342
0.031094
0.031024
0.0311
0.0310917
0.0310953
0.0310732
0.0310615
0.0309112
0.0310464
0.0311115
0.0310628
0.0310762
0.0311325
0.0311625
0.0311364
0.0310483
0.0313408
0.031339
0.0313102
0.03127
0.0312407
0.0313312
0.0313711
0.0313646
0.0313264
0.031335
0.031481
0.0316971
0.0316844
0.0317562
0.0317114
0.0316882
0.0317654
0.0318699
0.0319387
0.032008
0.0320292
0.0319135
0.0319447
0.0321229
0.0321323
0.0321029
0.0320335
0.0319669
0.0320253
0.0319259
0.0320256
0.0320226
0.032096
0.0320937
0.0320639
0.0320608
0.0320617
0.0321614
0.0321679
0.0325002
0.0325633
0.032614
0.0325416
0.0326018
0.032573
0.0324457
0.0325604
0.0325725
0.0326064
0.032601
0.0325615
0.0326166
0.0326478
0.0325817
0.0326369
0.0326943
0.0326261
0.0325834
0.0325936
0.032642
0.0328076
0.0329566
0.0329536
0.0330677
0.0331257
0.0331861
0.0332304
0.0332989
0.0335301
0.0335994
0.0335841
0.0336748
0.0337886
0.0338381
0.0338616
0.033913
0.0340552
0.034104
0.0340203
0.0341953
0.0342819
0.0342341
0.034235
0.0342895
0.0343375
0.0345534
0.0346433
0.0347316
0.0348323
0.0348001
0.0348947
0.034859
0.0348897
0.0348729
0.0349422
0.0350702
0.0351816
0.0352714
0.0353478
0.0353491
0.0353999
0.0354155
0.0353691
0.03535
0.0354159
0.0354765
0.0354631
0.0355671
0.0355536
0.0355426
0.0355843
0.0356577
0.0357657
0.035894
0.035917
0.0360091
0.0360468
0.036069
0.0361405
0.0361701
0.0362488
0.0362722
0.0364812
0.0364488
0.0364728
0.036457
0.036501
0.0365187
0.0365645
0.0366437
0.0366045
0.0366219
0.036665
0.0367025
0.0368292
0.0369143
0.0370853
0.0369998
0.0370479
0.0371419
0.0372092
0.0372822
0.037383
0.0373384
0.0374194
0.037487
0.0374562
0.0375601
0.0375741
0.0375685
0.0375588
0.0375083
0.0375297
0.0375266
0.0376104
0.0376847
0.0377269
0.0377466
0.0378206
0.0377723
0.0377858
0.037811
0.0378867
0.0378611
0.0379028
0.0380395
0.0381093
0.0381551
0.0382518
0.0383071
0.038301
0.0384333
0.038424
0.0384608
0.0384896
0.0384909
0.0385294
0.0385278
0.0386136
0.0386223
0.0385668
0.0387171
0.0387501
0.0387373
0.0387323
0.0388065
0.0388187
0.0388791
0.0389427
0.0390044
0.0390302
0.0390291
0.0391073
0.0390993
0.0391787
0.0392673
0.0393262
0.0395201
0.0395138
0.0396721
0.0397201
0.0396753
0.0397665
0.0398337
0.0398759
0.0399166
0.0398351
0.0398913
0.0399444
0.0399594
0.0399885
0.0400417
0.040116
0.0401464
0.0401553
0.0401469
0.0401399
0.0401997
0.0402182
0.0402709
0.0402926
0.0402486
0.0402825
0.0404221
0.0404864
0.0404636
0.0404915
0.0405551
0.0406706
0.0406338
0.0406303
0.0406597
0.0406867
0.0407662
0.0407863
0.0408186
0.0408096
0.0408295
0.0408661
0.0409396
0.0409148
0.0409361
0.0410386
0.0411039
0.0412169
0.0412021
0.041193
0.0412374
0.0412741
0.0414261
0.0415419
0.0414986
0.0415766
0.0414957
0.0414715
0.0415021
0.0414856
0.0415626
0.0416132
0.0416201
0.0416958
0.0417136
0.0417708
0.0418351
0.0419243
0.0420161
0.042022
0.0420431
0.0421011
0.0421328
0.0421227
0.0421887
0.0422981
0.04234
0.0423344
0.0424338
0.0423741
0.0423636
0.042397
0.04247
0.0424717
0.04248
0.0425081
0.0425616
0.0425936
0.0426039
0.0425591
0.0425172
0.0426395
0.0426044
0.0425815
0.0425986
0.042652
0.0426395
0.0427046
0.0426651
0.0426996
0.0426637
0.0427402
0.0427684
0.0428249
0.0427787
0.0428388
0.0428797
0.0428949
0.0428815
0.0429499
0.0429581
0.0429127
0.0429405
0.0429601
0.0430858
0.0431086
0.0431685
0.0431903
0.0431961
0.0432663
0.0433386
0.0433912
0.0433704
0.0434125
0.0433844
0.0433824
0.0435644
0.0437389
0.0437872
0.0437759
0.0437195
0.0437852
0.043818
0.0438434
0.0439185
0.0439752
0.0439753
0.0440614
0.0441201
0.0441367
0.0442022
0.0441936
0.0442422
0.0442571
0.0442791
0.0443489
0.044377
0.0444141
0.0443734
0.0444755
0.0445212
0.0446333
0.044637
0.044691
0.0447147
0.0447123
0.0447164
0.0447083
0.0447876
0.0448484
0.044871
0.0449935
0.0450487
0.0450967
0.0451383
0.0451153
0.0451623
0.0451271
0.0451624
0.0452635
0.0452898
0.0453294
0.0453356
0.0454073
0.0454181
0.0454551
0.0454973
0.0455462
0.0455062
0.0456011
0.0456268
0.0456471
0.0456373
0.0457002
0.0457655
0.0458411
0.0458435
0.0458644
0.0459696
0.0460615
0.046077
0.0461456
0.046203
0.0462411
0.0462847
0.0463463
0.046442
0.0464295
0.0464489
0.046455
0.04642
0.0465388
0.0465787
0.0466163
0.0466159
0.0466128
0.0466178
0.0466719
0.0466389
0.0466585
0.0466821
0.0467229
0.0467676
0.0468214
0.0468359
0.0468815
0.046874
0.0469221
0.0469367
0.0469492
0.0469791
0.0469759
0.0470332
0.0470656
0.0470556
0.0470838
0.0471099
0.0471348
0.0471637
0.0471951
0.0472854
0.0472676
0.047283
0.0472708
0.0473165
0.0473584
0.0473654
0.0474343
0.0474663
0.0474961
0.0475244
0.0475065
0.0475322
0.0475438
0.0476215
0.0476851
0.0477475
0.0478082
0.0478247
0.0478136
0.0478719
0.0478754
0.0478686
0.0479216
0.0479676
0.0479782
0.0480065
0.0480069
0.0479814
0.0479785
0.0479599
0.0480029
0.0481033
0.0481633
0.0482978
0.0483161
0.048335
0.048348
0.0483981
0.0483842
0.0484489
0.0485095
0.048545
0.0486266
0.0486806
0.0486776
0.048733
0.0487534
0.0487909
0.0488449
0.0488506
0.0489077
0.0489522
0.0490236
0.0490313
0.0490499
0.049017
0.0490493
0.0491186
0.0491663
0.0491862
0.0492414
0.0492629
0.0493444
0.0493454
0.0493932
0.049462
0.0495263
0.0495784
0.0495753
0.0495607
0.049568
0.0496856
0.0497399
0.0497774
0.0498243
0.0498738
0.0498556
0.049895
0.0499037
0.0499236
0.0499845
0.0500324
0.050085
0.0501101
0.0501245
0.0502047
0.050209
0.0502171
0.0502071
0.0502997
0.0503476
0.050392
0.0504303
0.0505134
0.0505384
0.0505482
0.0505902
0.0505438
0.0506073
0.0506627
0.0506755
0.0506851
0.0507899
0.0507825
0.0508226
0.0508599
0.0508782
0.0508691
0.050875
0.0508874
0.0509171
0.0509603
0.0509479
0.0509371
0.0509792
0.0510577
0.0510892
0.0511736
0.051269
0.0513528
0.0513821
0.0514078
0.0514767
0.0514494
0.0514682
0.0514716
0.051515
0.0515498
0.0516134
0.0516379
0.051714
0.0517259
0.0517574
0.0518252
0.0519368
0.051963
0.0519496
0.0520195
0.0520541
0.052141
0.052185
0.0522414
0.0521993
0.0522067
0.0522398
0.0522665
0.0523176
0.0523243
0.0523711
0.0524033
0.0524472
0.0524721
0.0525425
0.0525712
0.0526088
0.0526713
0.0527166
0.0527574
0.0528602
0.0529021
0.0529204
0.0529563
0.0530058
0.0530512
0.0530762
0.0531481
0.0532045
0.0532317
0.0532134
0.0532371
0.0532416
0.0532522
0.053278
0.0533472
0.0533676
0.0533953
0.0534164
0.053444
0.0534395
0.0534656
0.0535144
0.053554
0.053645
0.05376
0.053773
0.0537957
0.0537921
0.0538333
0.0539127
0.0539805
0.053978
0.054041
0.0540937
0.0540848
0.0540934
0.0540979
0.0541408
0.0542046
0.0542012
0.0542572
0.0542834
0.0543194
0.0543283
0.0543499
0.0543809
0.0544155
0.0544231
0.0544922
0.054519
0.0545604
0.0545813
0.0546441
0.0546619
0.0547583
0.0547663
0.0547942
0.0548012
0.0548465
0.0548568
0.0548673
0.0548793
0.0549039
0.054912
0.0550034
0.0550218
0.055101
0.0551012
0.0551631
0.0552639
0.0552582
0.0553197
0.055352
0.0554366
0.0554563
0.0554624
0.0554889
0.0555534
0.0556157
0.0556808
0.0556536
0.0557329
0.0558102
0.0558436
0.0559073
0.0559535
0.0560357
0.0560631
0.0560759
0.0560682
0.056086
0.0561045
0.0561489
0.0561631
0.0561678
0.0562057
0.0562667
0.0563305
0.056388
0.0563746
0.056405
0.0564221
0.0564149
0.056464
0.0564731
0.0564774
0.0565178
0.0565647
0.0565753
0.0566321
0.0566471
0.0566517
0.0566737
0.0566513
0.0566702
0.0566616
0.0566601
0.0566872
0.0567349
0.0567755
0.05689
0.0569471
0.0569667
0.05698
0.0569894
0.0569931
0.0569842
0.0570198
0.0570506
0.0571344
0.0571318
0.0571586
0.0572044
0.057261
0.0572731
0.0572389
0.057228
0.0572617
0.0572758
0.0573249
0.057327
0.0573557
0.0573852
0.0574575
0.057476
0.0575199
0.0575448
0.0575583
0.0575826
0.0575489
0.0575667
0.0576135
0.0576819
0.0576873
0.0576849
0.0576898
0.0577746
0.0578442
0.0578796
0.0579125
0.0579539
0.058021
0.0580663
0.0580598
0.0581216
0.0581248
0.0581046
0.0581082
0.0581855
0.0581971
0.058237
0.0582368
0.0583458
0.0583543
0.0583508
0.0583372
0.058369
0.0583952
0.0584309
0.0584389
0.0584552
0.0584611
0.0584902
0.0585328
0.0585307
0.0585731
0.0585809
0.0585998
0.0586437
0.0587048
0.0587828
0.0588227
0.058859
0.0588688
0.058879
0.0589171
0.0589037
0.0589314
0.0589239
0.0589418
0.0589444
0.0590115
0.0590315
0.0590777
0.0590883
0.059111
0.0591242
0.0591604
0.0592019
0.0592612
0.0593138
0.0593144
0.0593259
0.0593345
0.0593587
0.0593724
0.0594145
0.0594427
0.0594839
0.0594678
0.0595445
0.0595751
0.0596035
0.0596477
0.0596651
0.0596697
0.0596871
0.059692
0.0597466
0.0597733
0.0597701
0.0597764
0.0598177
0.0598282
0.0598275
0.0598982
0.0599038
0.0599249
0.0599889
0.0599821
0.0600011
0.0600311
0.0600767
0.0601082
0.060143
0.0601662
0.060195
0.0601884
0.0602304
0.0602714
0.0602822
0.0603089
0.0603239
0.0603423
0.060363
0.0603813
0.0604326
0.0604434
0.0604308
0.0605087
0.0605759
0.0605813
0.060649
0.0606495
0.0606987
0.0606962
0.0607144
0.0607717
0.0608022
0.0608484
0.0608937
0.0608903
0.060902
0.0609474
0.0610031
0.0610407
0.0610729
0.0610915
0.0611108
0.061126
0.0611102
0.0611177
0.0611567
0.0612375
0.0612626
0.0612916
0.0612871
0.0613286
0.0613765
0.061383
0.061422
0.0614849
0.0615227
0.0615846
0.0616259
0.0616717
0.0617049
0.0617016
0.0617416
0.0617992
0.0618107
0.061856
0.0618826
0.0618805
0.0619073
0.0619644
0.0620177
0.062029
0.0620473
0.0620597
0.0620903
0.062074
0.062097
0.0621568
0.0622017
0.0622041
0.0622255
0.0622484
0.0622637
0.0622964
0.062318
0.0623864
0.0623847
0.0624444
0.0624732
0.0624721
0.0624395
0.0624758
0.0624747
0.062477
0.0625037
0.0625117
0.0625511
0.0626071
0.0626704
0.0626924
0.0626955
0.0627476
0.062755
0.0627837
0.0627748
0.0628295
0.0628433
0.062861
0.0628968
0.0629123
0.0629436
0.0629755
0.063019
0.0630487
0.0631153
0.0631409
0.0631583
0.0631849
0.0631903
0.0632247
0.0632629
0.06333
0.0633505
0.0633553
0.0633446
0.0633932
0.0634552
0.0634588
0.063502
0.0635704
0.0636116
0.0636212
0.0636473
0.0636488
0.0636792
0.0636831
0.0637233
0.0637774
0.0638371
0.0638581
0.0639081
0.0639181
0.0639561
0.0639934
0.0640072
0.0640205
0.0641049
0.0641357
0.0641802
0.0641792
0.0642177
0.0642589
0.0642734
0.0642783
0.0643215
0.064367
0.0643966
0.064404
0.0643786
0.0643629
0.0643879
0.0644504
0.0644789
0.0644775
0.0644915
0.0644901
0.0644811
0.0644974
0.0644815
0.0645362
0.0645551
0.0645674
0.064596
0.0646411
0.0646491
0.0646858
0.0646544
0.0647076
0.0647197
0.064715
0.0648084
0.0648023
0.0648273
0.0648461
0.0648427
0.0648815
0.0648932
0.0649183
0.0649557
0.0649779
0.0650103
0.0650544
0.0650738
0.0651041
0.0651409
0.0651517
0.0651413
0.0651792
0.0652022
0.0652212
0.0652597
0.0652822
0.0653128
0.0653611
0.0653771
0.0653722
0.0654037
0.0654578
0.065487
0.065494
0.0655354
0.0655284
0.0655546
0.0656275
0.0656528
0.0656765
0.0656979
0.065695
0.0657202
0.0657341
0.065752
0.0657776
0.0658334
0.0658522
0.0658919
0.0659015
0.0659254
0.0659653
0.066004
0.0660552
0.0660955
0.0661347
0.0661656
0.0661971
0.0662144
0.0662362
0.0662469
0.0662373
0.0662531
0.066273
0.0662919
0.0662973
0.0662887
0.0663167
0.0663414
0.0663615
0.0663604
0.0663695
0.0664247
0.06643
0.0664673
0.0665025
0.0665302
0.0665704
0.0666052
0.0665947
0.0666667
0.0666972
0.0667307
0.0667526
0.0667616
0.0667913
0.0668226
0.066839
0.066918
0.0669468
0.0669839
0.0670046
0.0670547
0.0671108
0.0671349
0.0671497
0.0671757
0.0672218
0.0672686
0.0673329
0.0673453
0.0673841
0.0674122
0.0674481
0.0674469
0.0674681
0.0675153
0.0675275
0.067561
0.0675977
0.0676275
0.067651
0.0676812
0.067687
0.0677334
0.0677712
0.0677951
0.0678201
0.0678998
0.0679616
0.0679797
0.0679835
0.0679996
0.0680298
0.0680477
0.0680784
0.0680894
0.0681232
0.0681476
0.0681915
0.0682012
0.0682086
0.0682481
0.0682944
0.068288
0.0683362
0.0683697
0.0683843
0.0683865
0.068416
0.0684344
0.0684823
0.0684999
0.0685424
0.0685665
0.0685493
0.0685861
0.0686468
0.0686968
0.0687472
0.0687663
0.0688076
0.0688217
0.06885
0.0688789
0.068901
0.0689334
0.0689678
0.0689936
0.069015
0.0690661
0.0690662
0.0691235
0.0691214
0.0691476
0.0692005
0.0691848
0.0692045
0.0692356
0.0692727
0.0692826
0.0693208
0.0693459
0.0693554
0.0693778
0.0694073
0.0694233
0.0694326
0.0694599
0.0694829
0.0695129
0.0695289
0.0695293
0.069549
0.0695776
0.0696068
0.0696253
0.06962
0.0696681
0.0696962
0.06969
0.0697154
0.0697463
0.0697703
0.0698088
0.0698457
0.0698602
0.0699513
0.070014
0.0700198
0.0700656
0.0700904
0.0701006
0.0701108
0.0701408
0.0701891
0.0702161
0.0702381
0.0702845
0.0702965
0.0703176
0.0703346
0.0703525
0.0703618
0.0703763
0.0703692
0.0703946
0.0704068
0.0704036
0.0704397
0.070444
0.0704355
0.0704914
0.070587
0.0706153
0.0706794
0.0707298
0.0707264
0.0707483
0.0707845
0.0708158
0.0708321
0.0708409
0.0708704
0.0709232
0.0709472
0.0709573
0.0709776
0.0710499
0.0710821
0.0711055
0.0711215
0.0711655
0.0711734
0.0711665
0.0711885
0.0712426
0.0712706
0.0712729
0.0712705
0.0712965
0.0713429
0.0714132
0.0714094
0.0714758
0.0715022
0.0715165
0.0715416
0.0715797
0.071604
0.0716315
0.0716428
0.0716868
0.0717129
0.0717111
0.0717049
0.071718
0.071725
0.0717428
0.071784
0.0718323
0.0718529
0.0718806
0.0719073
0.071951
0.0719638
0.0719889
0.0719731
0.0720185
0.0720325
0.0720841
0.0721112
0.0721398
0.0721417
0.0721562
0.0722184
0.0722318
0.0722814
0.0723363
0.0723668
0.0723615
0.0723885
0.0724198
0.0724586
0.0724728
0.072516
0.0725679
0.0725922
0.072585
0.0725982
0.0726003
0.0726257
0.0726659
0.0726752
0.0726737
0.0726781
0.0727129
0.0727355
0.0727578
0.0727935
0.0728025
0.0728122
0.0728202
0.0728255
0.0728501
0.072897
0.0729352
0.0729456
0.0729412
0.0729785
0.0729894
0.0729996
0.0730301
0.0730605
0.0730667
0.073075
0.0731071
0.0731488
0.0732005
0.0732162
0.0732208
0.0732073
0.0732237
0.0732542
0.073268
0.0733086
0.0733553
0.0733535
0.0733641
0.0733838
0.0734024
0.073386
0.0734084
0.0734224
0.0734295
0.0734857
0.0734937
0.0735096
0.0735297
0.0735642
0.0735666
0.0735786
0.0735957
0.0736371
0.0736528
0.07366
0.073693
0.0737056
0.073723
0.0737151
0.0737199
0.0737932
0.0738246
0.0738378
0.0738658
0.0738687
0.0739165
0.073929
0.0739474
0.0739675
0.0740025
0.0740156
0.0740512
0.0740671
0.0740587
0.0740878
0.0741117
0.07415
0.0741583
0.0741821
0.0742282
0.0742501
0.0742752
0.0742864
0.0743373
0.0743871
0.0744034
0.0744132
0.0744191
0.074439
0.0744412
0.074466
0.0744762
0.074496
0.0745103
0.0745299
0.0745501
0.0745642
0.0745906
0.0746223
0.0746365
0.0746324
0.0746473
0.0746818
0.0747195
0.0747626
0.0747893
0.0748205
0.0748734
0.0748991
0.0749453
0.0749688
0.0749636
0.0749858
0.0750126
0.075046
0.0750851
0.075086
0.075092
0.0750913
0.0750947
0.0751013
0.0751099
0.0751216
0.0751328
0.0751599
0.0751898
0.075235
0.0752618
0.0753108
0.0753815
0.0754071
0.0754361
0.075431
0.0754358
0.0754562
0.0754653
0.0754713
0.0754905
0.0754985
0.0755007
0.0755148
0.075525
0.0755432
0.0755913
0.0756199
0.0756342
0.0756523
0.0756527
0.0756563
0.0756764
0.0757382
0.0757618
0.0758262
0.0758334
0.0758426
0.0758894
0.0758843
0.0759164
0.0759491
0.075978
0.075993
0.0759815
0.0759839
0.0759902
0.0759964
0.0760418
0.0760486
0.0760613
0.0760944
0.0761446
0.0761523
0.0761822
0.0761895
0.0761893
0.0761924
0.0762421
0.076261
0.076289
0.0762864
0.0762941
0.0763262
0.0763478
0.0763768
0.0764176
0.0764182
0.0764374
0.0764739
0.0765155
0.0765575
0.0765842
0.0766023
0.0766272
0.0766301
0.0766799
0.0766944
0.0767245
0.0767551
0.0767848
0.0768007
0.0768552
0.0768938
0.076928
0.0769505
0.076961
0.0769671
0.0769624
0.0769913
0.0770209
0.077048
0.0770453
0.0770937
0.0771186
0.0771214
0.0771567
0.0771722
0.0771602
0.0771974
0.0772288
0.0772559
0.077267
0.0772705
0.0772926
0.0773125
0.0773074
0.0773305
0.0773548
0.0773721
0.0773845
0.0774225
0.0774418
0.0774743
0.0774944
0.0775127
0.0775259
0.0775307
0.0775409
0.0775638
0.0775425
0.0775653
0.0776041
0.0776209
0.0776203
0.077661
0.0777125
0.0777034
0.0777398
0.0777954
0.0778052
0.0778337
0.0778829
0.0779414
0.0779775
0.0779734
0.0779822
0.0779938
0.0780308
0.0780429
0.0780272
0.0780645
0.0780686
0.0781016
0.0781303
0.0781229
0.0781332
0.0781721
0.078205
0.0782291
0.0782267
0.0782342
0.0782506
0.078279
0.0782788
0.0782913
0.0783091
0.0783437
0.078372
0.0784157
0.0784349
0.0784503
0.0784631
0.0784991
0.0785076
0.0785332
0.0785479
0.0785641
0.0785684
0.0785915
0.0786172
0.0786176
0.0786496
0.0786704
0.0787179
0.0787174
0.0787194
0.0787452
0.0787681
0.0787744
0.078783
0.0788161
0.0788821
0.0788996
0.0789334
0.0789578
0.0789901
0.0789846
0.0789982
0.079005
0.0790577
0.0790884
0.0791214
0.0791786
0.0791961
0.079242
0.0792553
0.0792694
0.0793055
0.0793243
0.0793454
0.0793838
0.0794268
0.0794404
0.0794467
0.0794458
0.0794463
0.0794877
0.0795113
0.0795067
0.0795191
0.0795424
0.079542
0.0795593
0.0795622
0.0795961
0.0796312
0.0796615
0.0796752
0.0797016
0.0797292
0.0797397
0.0797494
0.0797557
0.0797345
0.0797286
0.0797521
0.0797449
0.0797688
0.0797949
0.0798412
0.0798553
0.0798834
0.0799127
0.0799389
0.0799715
0.0799908
0.0800308
0.0800433
0.0800518
0.0800598
0.080082
0.0801323
0.0801764
0.0801666
0.0801791
0.0801921
0.0802043
0.080223
0.0802379
0.0802666
0.0802733
0.0803042
0.0803222
0.0803282
0.0803698
0.0803793
0.0804287
0.0804346
0.0804444
0.0804524
0.0804446
0.0804584
0.080472
0.080493
0.0804985
0.0805179
0.0805247
0.0805714
0.0805729
0.0805961
0.0805981
0.0806083
0.0806478
0.0806815
0.0806984
0.08072
0.0807406
0.0807483
0.0807765
0.0808062
0.0807949
0.0807842
0.080791
0.0808014
0.0808198
0.0808462
0.0808503
0.0808598
0.0808744
0.0808842
0.0808803
0.0808868
0.080888
0.0809024
0.0809725
0.0809982
0.0810089
0.0810312
0.0810539
0.0810842
0.0810766
0.0810814
0.0811019
0.0811043
0.0811221
0.0811658
0.0811818
0.0812002
0.0812083
0.0812463
0.0812552
0.0813006
0.0813245
0.0813536
0.0813928
0.0814264
0.0814308
0.0814594
0.08147
0.0814732
0.0814978
0.0815316
0.0815377
0.0815473
0.0815946
0.081603
0.0816512
0.0816747
0.0816674
0.0816584
0.0816874
0.0817007
0.0817336
0.0817744
0.0817999
0.0817959
0.0818122
0.0818169
0.0818396
0.0818651
0.0819181
0.0819419
0.081989
0.0819911
0.0820178
0.0820352
0.0820725
0.0820788
0.0820752
0.0821141
0.0821096
0.0821321
0.0821532
0.0821769
0.0821735
0.0821776
0.0821681
0.0822004
0.0822247
0.082251
0.082291
0.0823101
0.0823185
0.0823356
0.0823526
0.0823916
0.0824085
0.0824222
0.0824269
0.082453
0.0824797
0.0825053
0.0825211
0.0825566
0.0825587
0.0825661
0.0825849
0.0825885
0.0826182
0.0826345
0.0826599
0.0826916
0.0826938
0.0827141
0.0827176
0.0827448
0.0827625
0.0827856
0.0828496
0.0828587
0.0828764
0.0829012
0.0829242
0.0829498
0.0829781
0.0829751
0.0829996
0.0830205
0.0830668
0.0830795
0.083106
0.0831087
0.0831272
0.0831422
0.0831941
0.0832149
0.083237
0.0832543
0.0832583
0.083288
0.0832952
0.0833151
0.0833296
0.0833267
0.0833267
0.0833645
0.0833914
0.0834289
0.0834602
0.0834747
0.083493
0.0835427
0.0835705
0.0835904
0.0836003
0.0836275
0.0836531
0.0836543
0.0836468
0.0836361
0.0836527
0.0836701
0.0836689
0.0836983
0.0837178
0.0837024
0.0837273
0.0837279
0.0837551
0.0837805
0.083779
0.0838082
0.0838351
0.0838593
0.0838844
0.0838849
0.0838971
0.0839353
0.0839522
0.0839518
0.083964
0.0839816
0.0840072
0.0840159
0.0840192
0.0840407
0.0840403
0.0840436
0.0840375
0.0840261
0.0840654
0.0840605
0.0840758
0.0841224
0.0841226
0.084149
0.0841607
0.0841768
0.084211
0.0842518
0.0842893
0.0843206
0.0843584
0.0843599
0.0843738
0.0843899
0.0844027
0.084395
0.0843999
0.0843897
0.0844137
0.0844137
0.084415
0.0844188
0.0844481
0.0844785
0.0844815
0.0844836
0.0844988
0.0845289
0.0845621
0.0845649
0.0845664
0.0845991
0.0846277
0.0846433
0.0846799
0.084674
0.0846835
0.0847203
0.0847092
0.0847214
0.0847263
0.084741
0.0847714
0.0847922
0.0848022
0.0848239
0.0848459
0.0848491
0.0848804
0.0849018
0.0849124
0.0849245
0.0849266
0.0849585
0.0849668
0.0849921
0.0850074
0.0850283
0.085056
0.0850782
0.0850878
0.0851062
0.0851192
0.0851538
0.0851539
0.0851883
0.0852103
0.0852199
0.0852675
0.0852878
0.0852938
0.0853098
0.0853263
0.0853345
0.085352
0.0853991
0.0854111
0.0854267
0.0854505
0.0854502
0.0854705
0.0854942
0.0854965
0.0855146
0.0855361
0.0855547
0.0855795
0.0855873
0.0856094
0.0856244
0.0856644
0.0856827
0.0857056
0.0857328
0.0857448
0.0857798
0.085786
0.0857949
0.085805
0.0858366
0.0858614
0.0858759
0.0859007
0.0859402
0.0859483
0.085957
0.0859481
0.0859472
0.0859718
0.0859917
0.0860028
0.0860134
0.0860358
0.0860542
0.0860629
0.0860878
0.0860904
0.0861255
0.0861486
0.0861678
0.0861894
0.0862107
0.0862101
0.0861955
0.0862011
0.0862447
0.0862477
0.0862821
0.0863089
0.0863366
0.0863644
0.086394
0.0863955
0.0864237
0.0864392
0.0864556
0.0864789
0.0865069
0.0865204
0.0865526
0.0865786
0.0865834
0.0865806
0.0865911
0.0865968
0.0866247
0.0866488
0.0866564
0.0866752
0.0866949
0.0867183
0.0867356
0.0867709
0.086798
0.0868067
0.0868077
0.0868346
0.0868453
0.0868576
0.0868741
0.0868839
0.0869008
0.0869268
0.0869505
0.0869773
0.0870169
0.0870466
0.0870578
0.0870686
0.0870965
0.0871109
0.0871261
0.087137
0.0871601
0.0871635
0.0871944
0.0872045
0.0872204
0.0872366
0.0872452
0.0872611
0.0872749
0.0872769
0.0873006
0.0872987
0.0872924
0.0873205
0.087349
0.0873596
0.087368
0.0873704
0.087401
0.0873975
0.0874246
0.0874285
0.0874596
0.0874856
0.0875242
0.0875392
0.0875662
0.0876291
0.0876569
0.0876859
0.0876913
0.0877195
0.0877161
0.0877363
0.0877638
0.0877942
0.0878128
0.0878298
0.0878616
0.0878713
0.0878943
0.0879327
0.0879406
0.0879759
0.0880043
0.0880001
0.0880115
0.0880201
0.0880322
0.0880526
0.0880702
0.0880825
0.088092
0.0881018
0.088119
0.0881183
0.0881312
0.0881514
0.0881848
0.08819
0.0882078
0.0882335
0.0882521
0.0882634
0.0882835
0.0882963
0.0883145
0.0883306
0.0883408
0.088357
0.0883722
0.0883814
0.0884157
0.0884109
0.0884307
0.0884383
0.0884454
0.0884719
0.088483
0.0884926
0.0885029
0.0885224
0.0885349
0.0885388
0.088553
0.0885765
0.0886005
0.0886418
0.0886486
0.0886703
0.0887083
0.0887198
0.0887256
0.0887574
0.0887832
0.0887885
0.0888031
0.08881
0.088829
0.0888359
0.0888333
0.088855
0.0888639
0.0888999
0.0889221
0.0889196
0.0889132
0.088929
0.0889551
0.0889544
0.0889688
0.0889976
0.0890039
0.0889993
0.0890251
0.0890549
0.0890631
0.0890806
0.0890967
0.0891196
0.0891455
0.0891672
0.0891851
0.089218
0.0892526
0.0892705
0.0892883
0.0893039
0.0893296
0.0893394
0.089363
0.0894036
0.0894155
0.0894526
0.0894544
0.0894788
0.0894997
0.089511
0.0895243
0.089541
0.0895708
0.0895753
0.0895659
0.0896021
0.0896005
0.0896307
0.0896378
0.0896685
0.0896813
0.0897168
0.0897452
0.0897632
0.0897701
0.0897894
0.0898178
0.0898396
0.0898502
0.0898678
0.0899087
0.0899111
0.0899175
0.0899061
0.0899248
0.0899482
0.0899725
0.0899942
0.0899956
0.09
0.0900201
0.0900251
0.090032
0.0900466
0.0900549
0.0900882
0.0901012
0.0900994
0.0901139
0.0901561
0.0901945
0.0901878
0.0901961
0.0902218
0.0902322
0.0902499
0.0902691
0.0902703
0.0902856
0.0902873
0.0902926
0.0903158
0.0903378
0.0903614
0.0903666
0.0903788
0.0903921
0.090421
0.0904276
0.0904476
0.0904563
0.0904615
0.0904598
0.0904669
0.0904818
0.0905169
0.0905138
0.0905308
0.0905362
0.090538
0.0905459
0.0905594
0.0905716
0.0905793
0.0905842
0.090602
0.0906086
0.0906255
0.0906566
0.090689
0.0907123
0.0907034
0.0907146
0.0907161
0.0907199
0.0907316
0.0907326
0.0907331
0.0907264
0.0907222
0.0907533
0.0907797
0.0907739
0.0907674
0.0907776
0.0908131
0.0908352
0.0908432
0.0908645
0.0908889
0.0908932
0.0909154
0.0909435
0.0909521
0.090961
0.0909692
0.0909661
0.0909817
0.0909962
0.0910335
0.0910647
0.0910954
0.0911066
0.0911179
0.0911483
0.0911659
0.0911697
0.091208
0.0912193
0.0912171
0.0912388
0.0912563
0.0912924
0.0913066
0.0913343
0.091332
0.0913553
0.0913694
0.0914112
0.0914318
0.0914386
0.09147
0.0914802
0.0915098
0.0915312
0.0915564
0.0915453
0.0915506
0.091547
0.0915622
0.0915735
0.0915808
0.0915955
0.0916083
0.0916223
0.0916556
0.0916652
0.0916745
0.0916827
0.0917173
0.0917541
0.0917674
0.0917771
0.0917878
0.0918021
0.0917956
0.0918394
0.0918493
0.0918458
0.0918678
0.0918978
0.0919418
0.0919393
0.0919625
0.0919721
0.0919856
0.0919883
0.0920137
0.092026
0.0920556
0.0920502
0.0920581
0.0920869
0.0921164
0.0921396
0.0921409
0.0921676
0.092193
0.0922044
0.0922349
0.0922419
0.0922547
0.0922757
0.0922946
0.0923217
0.0923295
0.0923554
0.0923716
0.0923767
0.0923947
0.0923962
0.0924058
0.0924435
0.0924533
0.0924699
0.0924699
0.0924975
0.0925174
0.092535
0.0925466
0.0925612
0.0925707
0.0926064
0.0926071
0.0926262
0.0926476
0.0926308
0.0926464
0.0926658
0.0926683
0.0926728
0.0926862
0.0926991
0.0927145
0.0927344
0.0927641
0.0927446
0.0927641
0.0927644
0.0927685
0.0927844
0.0927903
0.0928022
0.0928349
0.0928528
0.0928463
0.0928578
0.0928686
0.0928808
0.0928974
0.0929128
0.0929519
0.0929606
0.0929658
0.0929748
0.0929934
0.0930007
0.0930152
0.0930185
0.0930381
0.0930479
0.0930907
0.0931062
0.0931318
0.093143
0.0931738
0.0931696
0.0931808
0.0931928
0.0932163
0.0932278
0.0932474
0.0932652
0.0932652
0.0932866
0.0933002
0.093303
0.0933189
0.0933208
0.0933419
0.0933434
0.0933545
0.0933603
0.093376
0.0933835
0.0934186
0.0934324
0.093447
0.0934571
0.0934736
0.0934846
0.0935005
0.0935189
0.0935439
0.0935639
0.0935673
0.093585
0.0935832
0.0936098
0.0936355
0.0936666
0.0936728
0.0936839
0.0937007
0.0937049
0.0937135
0.093716
0.093743
0.0937538
0.0937712
0.0937783
0.0937863
0.0938251
0.0938835
0.0938813
0.0938962
0.09392
0.0939442
0.0939553
0.0939776
0.0939746
0.0939956
0.0940167
0.0940416
0.0940378
0.0940538
0.094077
0.0940953
0.0940881
0.0941063
0.0941307
0.0941568
0.0941662
0.0941747
0.0941704
0.0941872
0.0942028
0.0942123
0.094223
0.0942432
0.0942678
0.09429
0.0943002
0.0942953
0.0943284
0.0943386
0.0943635
0.0943909
0.0944073
0.0944166
0.0944302
0.0944445
0.0944414
0.0944638
0.0944712
0.0944811
0.0944967
0.0945099
0.0945205
0.0945288
0.0945581
0.0945867
0.0946202
0.094643
0.0946507
0.0946774
0.0947034
0.0947081
0.0947159
0.0947245
0.0947503
0.0947635
0.0947672
0.0947918
0.094786
0.094781
0.0947983
0.0947918
0.0947942
0.0948217
0.0948515
0.0948582
0.0948737
0.0948988
0.0949123
0.0949377
0.0949539
0.0949462
0.0949502
0.0949699
0.0949691
0.0949744
0.0949897
0.095014
0.0950179
0.0950343
0.0950433
0.0950564
0.0950638
0.0950879
0.0951072
0.0951138
0.0951259
0.0951225
0.0951235
0.095136
0.0951363
0.0951382
0.0951476
0.0951665
0.0951684
0.0951907
0.0952146
0.0952226
0.0952401
0.0952427
0.0952614
0.0952932
0.0953009
0.0953267
0.0953366
0.0953418
0.0953358
0.0953431
0.0953451
0.0953715
0.0953958
0.0954164
0.0954227
0.0954306
0.0954464
0.0954706
0.0954777
0.0954937
0.0954961
0.0955078
0.0955111
0.095531
0.0955384
0.0955705
0.0956044
0.095614
0.0956423
0.0956519
0.0956648
0.0956547
0.0956797
0.0956976
0.0957213
0.0957332
0.0957304
0.0957341
0.0957477
0.0957672
0.0957742
0.0957812
0.0957962
0.0958214
0.09583
0.0958474
0.0958673
0.0958924
0.0959041
0.0959156
0.0959283
0.0959505
0.095972
0.0959877
0.0960055
0.0959967
0.0960413
0.0960422
0.0960565
0.0960763
0.0960997
0.0961103
0.096124
0.0961272
0.0961491
0.0961669
0.0961773
0.0961835
0.0962063
0.0962102
0.0962404
0.0962448
0.096276
0.0962887
0.0962933
0.0963048
0.0963347
0.0963487
0.0963519
0.0963496
0.0963503
0.0963654
0.0963662
0.0963719
0.096396
0.0964005
0.0964205
0.0964489
0.0964395
0.0964682
0.0964716
0.0964885
0.0965045
0.0965186
0.0965379
0.0965309
0.0965482
0.0966009
0.0966096
0.0966681
0.0966776
0.0966934
0.096703
0.0967233
0.096734
0.0967442
0.0967627
0.0967858
0.0968064
0.0967982
0.0968072
0.0968097
0.0968188
0.0968274
0.0968507
0.0968622
0.0968751
0.0968826
0.0968815
0.0969018
0.0968983
0.0969006
0.0969288
0.0969435
0.0969605
0.0969782
0.096991
0.0970094
0.0970285
0.0970579
0.0970657
0.0970727
0.0970842
0.0971055
0.0971038
0.0971479
0.0971817
0.097203
0.0972083
0.0972055
0.097227
0.0972423
0.0972716
0.0973034
0.097325
0.0973318
0.097341
0.0973529
0.0973644
0.0974145
0.0974172
0.0974187
0.0974346
0.0974377
0.0974535
0.097466
0.0974791
0.0974953
0.0975255
0.0975398
0.0975313
0.0975448
0.0975444
0.0975524
0.0975639
0.0975657
0.0975879
0.0976016
0.0976208
0.0976355
0.0976376
0.0976392
0.0976676
0.0976807
0.0977105
0.0977373
0.0977438
0.0977649
0.0977747
0.0977818
0.0977805
0.0977937
0.0978245
0.0978396
0.0978356
0.0978531
0.097864
0.0978682
0.0978803
0.0978941
0.0979273
0.0979554
0.097961
0.0979649
0.0979844
0.0980032
0.0979953
0.0980149
0.0980141
0.098033
0.0980539
0.0980679
0.0980947
0.0981082
0.0981317
0.0981518
0.0981649
0.0981815
0.0982307
0.0982353
0.0982433
0.0982675
0.0982949
0.0983072
0.0983412
0.0983545
0.0983766
0.098382
0.0983948
0.0984174
0.0984382
0.0984707
0.0984953
0.0985122
0.0985148
0.0985328
0.0985607
0.0985644
0.0985764
0.0986052
0.0986326
0.0986573
0.0986537
0.0986607
0.0986846
0.0986963
0.0987175
0.0987306
0.0987478
0.0987624
0.0987866
0.0987878
0.0987925
0.0987996
0.098808
0.0988289
0.0988379
0.0988457
0.0988579
0.0988824
0.0989057
0.0989531
0.0989524
0.0989737
0.0989824
0.0990067
0.0990195
0.0990282
0.0990424
0.0990562
0.0990801
0.0991025
0.0991214
0.0991425
0.0991562
0.0991603
0.0991874
0.0992059
0.0992124
0.099224
0.0992333
0.0992509
0.0992625
0.0992749
0.0992847
0.0993063
0.0993231
0.0993285
0.0993672
0.0993745
0.0993828
0.0994123
0.0994131
0.0994187
0.099416
0.0994274
0.0994355
0.0994459
0.0994511
0.0994446
0.0994671
0.0994793
0.0994994
0.0994905
0.0995232
0.0995544
0.0995676
0.0995935
0.099603
0.0996312
0.0996763
0.0996907
0.0996998
0.0997055
0.0997118
0.0997272
0.0997322
0.099753
0.0997759
0.099791
0.0998182
0.0998079
0.0998231
0.0998275
0.0998368
0.0998402
0.0998407
0.0998568
0.0998866
0.0998897
0.0999128
0.0999149
0.0999326
0.0999508
0.0999858
0.100013
0.100034
0.100036
0.100047
0.100071
0.100089
0.100111
0.10013
0.100143
0.100153
0.100167
0.100168
0.100188
0.100198
0.100201
0.100228
0.100218
0.100231
0.100238
0.10025
0.100258
0.100274
0.100298
0.100322
0.100344
0.100364
0.100367
0.100381
0.100384
0.100391
0.100387
0.100405
0.100424
0.10045
0.100467
0.100482
0.100498
0.100513
0.100523
0.10054
0.100536
0.100559
0.100566
0.100588
0.100608
0.100617
0.100617
0.10063
0.100638
0.100646
0.100661
0.100666
0.100688
0.100699
0.100687
0.1007
0.100708
0.100706
0.100729
0.10076
0.100791
0.100795
0.100806
0.10081
0.100812
0.100827
0.100838
0.100842
0.100858
0.100891
0.100918
0.100925
0.100944
0.100971
0.100986
0.100997
0.101027
0.101056
0.101064
0.101089
0.101093
0.101097
0.1011
0.101109
0.101125
0.10113
0.101148
0.101151
0.101154
0.101168
0.101173
0.101194
0.101179
0.1012
0.101216
0.101229
0.101253
0.101268
0.101276
0.101286
0.101296
0.101307
0.101319
0.101341
0.101359
0.101377
0.101397
0.10141
0.101403
0.101426
0.101425
0.101432
0.101439
0.101434
0.101445
0.101445
0.101471
0.101497
0.101514
0.101518
0.101543
0.101532
0.101548
0.101554
0.101565
0.101576
0.101593
0.101611
0.101623
0.101629
0.101636
0.101649
0.101661
0.101666
0.101668
0.101669
0.101686
0.101688
0.101705
0.10172
0.101744
0.101742
0.101748
0.101758
0.101763
0.101769
0.101777
0.101797
0.101809
0.101823
0.101834
0.101836
0.101865
0.10188
0.101874
0.101882
0.101887
0.101911
0.101935
0.101943
0.101965
0.101972
0.101985
0.101979
0.101977
0.101986
0.101998
0.102018
0.102036
0.102062
0.10206
0.102069
0.102074
0.102079
0.102093
0.10211
0.102114
0.102127
0.102152
0.102171
0.102185
0.102205
0.102227
0.102227
0.102244
0.102255
0.102266
0.102267
0.10229
0.102312
0.102317
0.102315
0.102326
0.102322
0.102328
0.102341
0.102366
0.10238
0.102404
0.102432
0.102446
0.102442
0.102469
0.102472
0.102482
0.10249
0.102512
0.102519
0.102534
0.102566
0.102576
0.102589
0.10261
0.102613
0.102626
0.102622
0.102635
0.102655
0.102659
0.102686
0.10271
0.102714
0.102727
0.10274
0.102744
0.102754
0.102767
0.102779
0.102787
0.102794
0.102802
0.102814
0.102813
0.102835
0.102864
0.102879
0.102897
0.10292
0.10293
0.102946
0.102949
0.102954
0.102986
0.103008
0.103029
0.103034
0.103046
0.103061
0.103058
0.103075
0.10308
0.1031
0.103114
0.103138
0.103146
0.103153
0.103153
0.103142
0.103162
0.103171
0.103185
0.103194
0.103217
0.103218
0.103226
0.103241
0.103267
0.103274
0.103282
0.103305
0.103311
0.103325
0.103351
0.103352
0.103368
0.103391
0.103404
0.103411
0.103417
0.103438
0.103467
0.103498
0.103507
0.103525
0.103534
0.103555
0.103564
0.103576
0.103593
0.103597
0.1036
0.10362
0.103647
0.103661
0.103672
0.103671
0.103695
0.103717
0.103727
0.103725
0.103725
0.103754
0.103784
0.103793
0.103797
0.103804
0.103818
0.103822
0.103811
0.103822
0.103827
0.103862
0.103879
0.103887
0.103907
0.103922
0.103931
0.103944
0.103963
0.10399
0.104023
0.104025
0.104033
0.104059
0.104067
0.104064
0.104062
0.104085
0.104121
0.104132
0.104139
0.104175
0.104196
0.104221
0.104246
0.104264
0.104273
0.104281
0.104298
0.104301
0.104311
0.104316
0.104322
0.104331
0.104354
0.104353
0.104344
0.104365
0.10436
0.104397
0.104424
0.104443
0.104452
0.104475
0.104483
0.104487
0.104506
0.104521
0.104544
0.104551
0.104556
0.104575
0.10459
0.1046
0.104637
0.104656
0.104671
0.104678
0.104687
0.104697
0.104712
0.104727
0.10476
0.104772
0.104787
0.104797
0.10481
0.104818
0.104849
0.104855
0.10487
0.10488
0.104887
0.104879
0.104883
0.104902
0.104919
0.104941
0.104954
0.104961
0.104982
0.104981
0.105006
0.105013
0.105026
0.105027
0.105026
0.105025
0.105057
0.105076
0.105092
0.105112
0.105121
0.105153
0.105172
0.105181
0.10517
0.105161
0.105163
0.10519
0.105204
0.105228
0.105249
0.105263
0.105276
0.10529
0.105291
0.105318
0.105351
0.105374
0.105371
0.105365
0.10537
0.10538
0.105385
0.105395
0.10541
0.105412
0.105421
0.10544
0.105441
0.105448
0.105442
0.105449
0.105475
0.105484
0.105486
0.105498
0.105497
0.105512
0.105543
0.105571
0.105572
0.10558
0.105591
0.105601
0.105599
0.105625
0.105638
0.105647
0.105652
0.105674
0.105684
0.105697
0.105705
0.105715
0.105729
0.105752
0.105769
0.105779
0.105807
0.105826
0.105842
0.105836
0.105848
0.105866
0.105859
0.105876
0.105881
0.105879
0.105902
0.105899
0.105903
0.105914
0.105927
0.105942
0.10597
0.105987
0.106008
0.106035
0.10605
0.106077
0.106096
0.106098
0.106113
0.106116
0.106121
0.106121
0.106139
0.106147
0.106157
0.106175
0.106183
0.106203
0.106206
0.10623
0.106245
0.10625
0.106257
0.106268
0.106278
0.106298
0.106337
0.106336
0.106339
0.106355
0.106375
0.106392
0.106422
0.10643
0.106434
0.106435
0.106453
0.106471
0.10649
0.106491
0.106489
0.106491
0.106503
0.106516
0.106521
0.106554
0.106557
0.106574
0.10659
0.106616
0.106622
0.106624
0.106635
0.106645
0.106666
0.106687
0.106692
0.1067
0.106705
0.106731
0.106754
0.106755
0.106771
0.106768
0.106784
0.1068
0.106823
0.106846
0.106841
0.106864
0.106886
0.106892
0.106907
0.106928
0.106945
0.106946
0.106958
0.106967
0.10699
0.106994
0.107008
0.107028
0.107032
0.107036
0.107049
0.107061
0.10706
0.107077
0.107091
0.107107
0.107123
0.107147
0.107146
0.107156
0.107174
0.107183
0.107202
0.107219
0.107236
0.107249
0.107275
0.107277
0.107293
0.107312
0.107337
0.10736
0.107381
0.107393
0.107408
0.107413
0.107427
0.10743
0.107438
0.107461
0.107454
0.107461
0.107462
0.107469
0.107499
0.107505
0.107519
0.107533
0.107538
0.107535
0.10755
0.107557
0.107571
0.107578
0.107595
0.107604
0.107606
0.107628
0.107647
0.107668
0.107678
0.107688
0.107695
0.107722
0.107742
0.10776
0.107763
0.107775
0.107788
0.107796
0.107812
0.10782
0.107821
0.107832
0.107849
0.107854
0.107856
0.107878
0.107899
0.107898
0.107897
0.107912
0.107914
0.107915
0.107923
0.107942
0.107951
0.107966
0.107981
0.107993
0.107996
0.108
0.108002
0.108023
0.10803
0.108055
0.108076
0.108082
0.108097
0.10811
0.108123
0.108134
0.108142
0.108164
0.108178
0.108174
0.108182
0.108193
0.108206
0.108206
0.108213
0.108225
0.108237
0.108233
0.108245
0.108256
0.108271
0.108284
0.108299
0.108303
0.108323
0.10835
0.108357
0.108364
0.108367
0.108376
0.108376
0.108371
0.108384
0.108395
0.108414
0.108426
0.108423
0.10844
0.108458
0.108477
0.108488
0.108503
0.108511
0.108524
0.108527
0.108535
0.108555
0.10856
0.108587
0.108595
0.108606
0.108601
0.108608
0.108618
0.108633
0.108638
0.108643
0.108662
0.108673
0.108686
0.108697
0.108726
0.108721
0.108736
0.108743
0.108761
