0.19305
0.172075
0.181226
0.182885
0.182174
0.182966
0.183956
0.189039
0.188574
0.192427
0.19993
0.20584
0.207319
0.209098
0.209941
0.21117
0.213096
0.21263
0.212772
0.21603
0.21592
0.218315
0.218186
0.215842
0.215834
0.212713
0.21069
0.207582
0.204629
0.202882
0.201153
0.198789
0.19817
0.19726
0.197482
0.196876
0.197566
0.197961
0.196488
0.195999
0.197932
0.198449
0.199154
0.199716
0.199815
0.200947
0.201564
0.202021
0.203447
0.204321
0.204659
0.204965
0.205392
0.205797
0.206807
0.206675
0.206748
0.206973
0.206539
0.206172
0.206564
0.207206
0.207345
0.207484
0.207462
0.207719
0.208135
0.208624
0.208371
0.208933
0.208988
0.209414
0.209512
0.209644
0.209494
0.209765
0.209628
0.209758
0.209916
0.210043
0.210607
0.211177
0.211712
0.212058
0.212558
0.212473
0.21283
0.212591
0.21241
0.212669
0.212981
0.213224
0.213575
0.214364
0.214966
0.215463
0.21584
0.216079
0.216726
0.216954
0.217381
0.217904
0.218165
0.218505
0.218299
0.218478
0.21849
0.218316
0.218203
0.218821
0.219088
0.21956
0.219656
0.219559
0.220007
0.220162
0.220417
0.22063
0.220736
0.220724
0.220834
0.221013
0.221671
0.221622
0.221747
0.221566
0.221889
0.222364
0.222399
0.223006
0.223198
0.223631
0.223548
0.223633
0.223755
0.223848
0.224034
0.224098
0.224214
0.224193
0.224204
0.224348
0.22428
0.224398
0.224637
0.224557
0.224378
0.224476
0.224259
0.224145
0.224197
0.224324
0.224332
0.224287
0.224219
0.224318
0.224191
0.22448
0.224728
0.224903
0.224863
0.224909
0.225023
0.225034
0.225011
0.224986
0.224956
0.224987
0.224874
0.224856
0.224656
0.224821
0.225019
0.225075
0.225136
0.22542
0.225729
0.225866
0.226237
0.226192
0.225922
0.225997
0.226064
0.226013
0.226061
0.226377
0.226023
0.226163
0.225969
0.225928
0.225929
0.225786
0.225763
0.225767
0.225408
0.225466
0.225434
0.225224
0.225171
0.225123
0.225159
0.225141
0.225216
0.225423
0.225418
0.225256
0.22521
0.225179
0.22529
0.225567
0.225561
0.225684
0.225623
0.225524
0.225482
0.225124
0.225139
0.225029
0.224977
0.225009
0.225191
0.22514
0.225053
0.225115
0.225319
0.225335
0.225362
0.225337
0.225348
0.225337
0.225542
0.225794
0.225928
0.226104
0.226123
0.226171
0.226307
0.226403
0.226602
0.226679
0.226735
0.226834
0.226826
0.226737
0.226696
0.226542
0.226596
0.226672
0.226775
0.226693
0.226669
0.226845
0.226833
0.226843
0.226785
0.226738
0.226737
0.226654
0.226693
0.226795
0.226801
0.226843
0.226892
0.22681
0.226938
0.226943
0.226895
0.226991
0.227028
0.227063
0.227167
0.227178
0.227157
0.227267
0.227031
0.227044
0.227015
0.227049
0.22726
0.227342
0.227475
0.227529
0.227641
0.227737
0.22771
0.22789
0.227877
0.22796
0.228023
0.227897
0.227778
0.227626
0.227627
0.227667
0.227755
0.227661
0.227725
0.227797
0.227723
0.227653
0.227742
0.227754
0.22774
0.227522
0.227566
0.227619
0.227607
0.227588
0.227587
0.227582
0.227493
0.227467
0.227462
0.227395
0.22731
0.227401
0.227478
0.227584
0.227569
0.227684
0.227725
0.227805
0.227831
0.227745
0.227761
0.227723
0.227675
0.227785
0.227851
0.227877
0.22799
0.228019
0.22804
0.228116
0.228125
0.228016
0.227974
0.227963
0.227989
0.228024
0.22795
0.227986
0.227964
0.228112
0.228051
0.228062
0.228129
0.228053
0.227892
0.227735
0.227704
0.227747
0.227784
0.227665
0.227641
0.227581
0.227565
0.227581
0.227584
0.227571
0.227593
0.227508
0.227502
0.22751
0.227621
0.227533
0.227475
0.227519
0.227591
0.227603
0.227658
0.227811
0.227846
0.227843
0.227887
0.227839
0.227717
0.227697
0.227641
0.227649
0.227531
0.227526
0.227515
0.227443
0.227391
0.227302
0.227239
0.227131
0.227013
0.227013
0.227002
0.227049
0.226961
0.226948
0.226878
0.226928
0.226875
0.226931
0.227005
0.227011
0.226985
0.226984
0.226935
0.22694
0.226955
0.226973
0.226938
0.226951
0.226973
0.226944
0.226919
0.226915
0.22695
0.226919
0.22681
0.226851
0.226908
0.226933
0.226929
0.226867
0.226869
0.226841
0.226855
0.226964
0.226972
0.226966
0.22701
0.227057
0.226933
0.226977
0.226958
0.226769
0.226725
0.22675
0.226769
0.226724
0.226665
0.226666
0.226631
0.226655
0.226502
0.226397
0.226434
0.226424
0.226345
0.226168
0.226197
0.226167
0.226123
0.226073
0.22613
0.22619
0.226224
0.226194
0.226175
0.226184
0.226221
0.226246
0.226264
0.226208
0.226097
0.226158
0.226081
0.226157
0.226193
0.226253
0.226172
0.226224
0.226236
0.226165
0.22619
0.226268
0.226275
0.226275
0.226265
0.226357
0.226482
0.226455
0.226546
0.226597
0.226727
0.226759
0.22671
0.22668
0.226654
0.226583
0.226606
0.226657
0.226645
0.226598
0.226559
0.226635
0.226733
0.226723
0.226694
0.22667
0.226675
0.226714
0.226751
0.226755
0.226808
0.22672
0.226702
0.226644
0.226643
0.226612
0.226539
0.226558
0.226588
0.226608
0.226624
0.226683
0.226718
0.226787
0.22682
0.226867
0.226872
0.226968
0.227033
0.227023
0.227096
0.227135
0.227128
0.227066
0.227094
0.227054
0.227095
0.22713
0.227157
0.22725
0.227283
0.22728
0.227298
0.22734
0.227312
0.227348
0.227367
0.227348
0.227349
0.227367
0.227357
0.227357
0.227353
0.227351
0.227318
0.227166
0.227067
0.227044
0.227056
0.227026
0.227042
0.227042
0.227012
0.227009
0.226956
0.226904
0.226947
0.227001
0.227051
0.227104
0.227086
0.227159
0.227237
0.227231
0.227237
0.227227
0.227225
0.227187
0.227214
0.227264
0.227298
0.227335
0.227319
0.227345
0.227344
0.227341
0.227296
0.227178
0.227163
0.227155
0.227152
0.227148
0.227136
0.227036
0.227042
0.227109
0.227192
0.227156
0.227121
0.227075
0.227072
0.227109
0.227162
0.227181
0.227107
0.227105
0.227099
0.227113
0.227104
0.227158
0.227113
0.227102
0.227085
0.227166
0.227177
0.227139
0.227154
0.227178
0.227172
0.22716
0.227171
0.227163
0.227126
0.227182
0.227166
0.227157
0.227177
0.227134
0.227166
0.227224
0.227159
0.227186
0.227194
0.227211
0.227169
0.22716
0.22721
0.227215
0.227201
0.227279
0.227332
0.227403
0.227413
0.227406
0.227392
0.227345
0.227375
0.22736
0.227388
0.227384
0.227373
0.227378
0.22737
0.227462
0.227495
0.227552
0.227541
0.227541
0.227609
0.227526
0.227571
0.22763
0.227665
0.227704
0.227679
0.227657
0.227679
0.227698
0.227728
0.227694
0.227708
0.227756
0.227766
0.227785
0.227844
0.227857
0.227948
0.227979
0.228028
0.228032
0.228025
0.228114
0.228092
0.228116
0.228202
0.228206
0.228201
0.22822
0.228251
0.228259
0.228241
0.228188
0.228153
0.228164
0.228132
0.228135
0.228159
0.228157
0.228121
0.228128
0.228118
0.228173
0.228132
0.228152
0.228218
0.228229
0.228174
0.228186
0.228205
0.22813
0.22814
0.228139
0.228147
0.228101
0.22814
0.228235
0.228281
0.228319
0.22829
0.228277
0.228257
0.228322
0.22838
0.228343
0.228295
0.228308
0.228323
0.22831
0.228356
0.22839
0.228391
0.22841
0.228432
0.228395
0.228366
0.228385
0.22841
0.228437
0.228471
0.228461
0.228483
0.228495
0.228498
0.228446
0.228387
0.228386
0.228458
0.228452
0.228497
0.228525
0.228474
0.22849
0.228448
0.228415
0.22842
0.228411
0.228384
0.228406
0.228411
0.228427
0.228424
0.228441
0.22841
0.228412
0.228411
0.228461
0.228482
0.228466
0.228447
0.228469
0.228481
0.228508
0.228505
0.22855
0.228519
0.228402
0.228389
0.228413
0.228425
0.228402
0.22834
0.228332
0.228336
0.228392
0.2284
0.228342
0.228305
0.228287
0.228293
0.228318
0.228328
0.228357
0.228378
0.228379
0.228358
0.22833
0.228298
0.228285
0.228231
0.228255
0.228198
0.228167
0.228121
0.228125
0.228142
0.228137
0.228112
0.228132
0.228084
0.228016
0.228055
0.228034
0.228025
0.227997
0.22798
0.227979
0.227981
0.22796
0.227932
0.227945
0.227992
0.228028
0.228095
0.228163
0.228225
0.228232
0.228256
0.228264
0.22828
0.228242
0.228254
0.228246
0.228215
0.228173
0.228135
0.228098
0.228091
0.228097
0.228102
0.228116
0.228152
0.228085
0.228097
0.22811
0.22816
0.228086
0.228055
0.228083
0.228089
0.22808
0.228018
0.227973
0.227968
0.227942
0.227891
0.227882
0.227849
0.227855
0.227861
0.227863
0.22781
0.227825
0.227865
0.227897
0.22792
0.227908
0.227896
0.227917
0.227904
0.227876
0.227904
0.227857
0.227922
0.227887
0.227877
0.227878
0.227848
0.227865
0.227837
0.227775
0.227812
0.227788
0.227799
0.227808
0.227849
0.227841
0.227841
0.227873
0.227859
0.227881
0.227877
0.227881
0.227864
0.22784
0.227807
0.227771
0.227771
0.227737
0.227732
0.22772
0.227703
0.227713
0.227707
0.227708
0.227721
0.227697
0.227677
0.227695
0.22768
0.227683
0.227702
0.227704
0.227672
0.227679
0.227703
0.22766
0.227602
0.227618
0.227641
0.227649
0.227632
0.227598
0.227595
0.227537
0.227561
0.227596
0.22757
0.22759
0.227628
0.227593
0.227573
0.227606
0.227592
0.227544
0.227561
0.227541
0.227492
0.227446
0.227406
0.227401
0.227377
0.227352
0.227367
0.227367
0.227358
0.22736
0.227337
0.227309
0.227266
0.227228
0.227264
0.227298
0.227317
0.227303
0.22733
0.227327
0.22731
0.227323
0.227342
0.227321
0.227312
0.227327
0.227352
0.227352
0.227372
0.22739
0.227426
0.227409
0.227389
0.227414
0.227438
0.227455
0.227488
0.227508
0.227511
0.227563
0.227547
0.227523
0.22753
0.227521
0.227502
0.227491
0.227487
0.227551
0.227551
0.227572
0.227591
0.227568
0.22755
0.227563
0.227556
0.227535
0.227543
0.227566
0.227533
0.227528
0.227534
0.227584
0.227585
0.227559
0.227537
0.227517
0.227493
0.227529
0.227529
0.227524
0.227514
0.22751
0.227476
0.227476
0.227498
0.227485
0.227493
0.227509
0.227494
0.227495
0.227529
0.227521
0.227518
0.227507
0.227518
0.227478
0.227472
0.227483
0.227477
0.227462
0.227486
0.227483
0.227499
0.227487
0.227458
0.227451
0.227475
0.227505
0.227516
0.227468
0.227478
0.227485
0.22747
0.227465
0.227471
0.227517
0.227524
0.227546
0.227553
0.227543
0.22753
0.227533
0.227478
0.227455
0.227459
0.227479
0.227498
0.227529
0.227523
0.227552
0.2276
0.227609
0.227611
0.227633
0.227627
0.227622
0.227612
0.227545
0.22756
0.227558
0.227574
0.227561
0.227538
0.227515
0.227506
0.227485
0.227465
0.227436
0.22743
0.227443
0.227439
0.227418
0.227406
0.227412
0.227401
0.227433
0.227422
0.227416
0.227409
0.227421
0.227421
0.227425
0.227441
0.227439
0.2275
0.227507
0.227491
0.227458
0.227478
0.227489
0.227479
0.227455
0.227436
0.227418
0.227402
0.227421
0.227443
0.227436
0.227438
0.227435
0.22743
0.227438
0.227422
0.227432
0.227422
0.227456
0.227442
0.227431
0.227407
0.227426
0.227412
0.227394
0.227368
0.227349
0.227356
0.227368
0.227355
0.227334
0.227306
0.227293
0.227262
0.227224
0.227226
0.22726
0.227264
0.22724
0.227248
0.227256
0.227233
0.227221
0.227187
0.227175
0.227222
0.227225
0.227243
0.227312
0.227277
0.227303
0.227314
0.227293
0.227306
0.227338
0.227349
0.227332
0.227366
0.227398
0.227379
0.227382
0.227407
0.227401
0.227384
0.227397
0.227397
0.227395
0.227404
0.227429
0.227459
0.227479
0.227472
0.227478
0.227522
0.227524
0.227536
0.227525
0.227505
0.227511
0.227506
0.227507
0.227511
0.227476
0.227509
0.227509
0.227476
0.227447
0.227446
0.22747
0.227473
0.227463
0.227447
0.227442
0.227431
0.227463
0.227479
0.227516
0.227543
0.227587
0.227604
0.22761
0.227606
0.227621
0.227639
0.227634
0.227655
0.227634
0.22758
0.22759
0.227516
0.227543
0.227547
0.227571
0.227576
0.22758
0.227612
0.227612
0.227626
0.227612
0.227606
0.22757
0.227551
0.227525
0.227509
0.227499
0.227487
0.227477
0.227469
0.227452
0.227459
0.227483
0.227455
0.227471
0.227477
0.227506
0.227491
0.227511
0.227492
0.227464
0.227457
0.22745
0.227444
0.22745
0.227456
0.227454
0.227452
0.227425
0.227451
0.227445
0.227416
0.227413
0.227401
0.227418
0.227408
0.227399
0.227364
0.227358
0.227349
0.227334
0.227338
0.227371
0.227365
0.227343
0.227331
0.22736
0.227372
0.227375
0.227354
0.227322
0.227335
0.227357
0.22733
0.227263
0.227262
0.227263
0.227258
0.227244
0.227303
0.227284
0.227296
0.227307
0.227336
0.227338
0.227351
0.227365
0.227368
0.227363
0.227358
0.227368
0.227359
0.227351
0.227319
0.227336
0.227329
0.227331
0.227321
0.227324
0.227295
0.227285
0.227319
0.227303
0.227314
0.22731
0.227333
0.22737
0.22739
0.227408
0.227402
0.227416
0.227421
0.22742
0.227414
0.227375
0.227357
0.22736
0.227345
0.227331
0.227312
0.227319
0.227267
0.227273
0.227282
0.227316
0.227331
0.22733
0.227311
0.227256
0.227248
0.227269
0.227297
0.22729
0.227295
0.227273
0.227281
0.227315
0.22729
0.227325
0.227347
0.227337
0.227326
0.227335
0.227362
0.227351
0.227376
0.22739
0.227397
0.227385
0.227402
0.227412
0.227415
0.227423
0.227433
0.227429
0.22743
0.227403
0.227416
0.227428
0.227443
0.227482
0.227453
0.227494
0.227541
0.227599
0.227599
0.227584
0.227574
0.227603
0.227594
0.227624
0.227629
0.227633
0.227632
0.22763
0.227601
0.227588
0.22759
0.227609
0.227599
0.227598
0.227605
0.227578
0.227544
0.227563
0.227548
0.227588
0.227579
0.227594
0.227578
0.227588
0.22757
0.227591
0.227614
0.227645
0.227639
0.227637
0.227619
0.227597
0.227586
0.227584
0.227553
0.227517
0.227509
0.227507
0.227474
0.227494
0.227482
0.227474
0.227463
0.22747
0.22746
0.227448
0.227446
0.227473
0.227487
0.227499
0.227485
0.227487
0.227492
0.227478
0.227482
0.227477
0.227489
0.227514
0.227496
0.2275
0.227469
0.227461
0.227427
0.227411
0.2274
0.227399
0.22739
0.227393
0.227392
0.227372
0.227399
0.227419
0.227416
0.227401
0.227389
0.227379
0.227411
0.227393
0.227395
0.227382
0.227379
0.227355
0.227319
0.227343
0.227371
0.227347
0.227343
0.227335
0.227291
0.227319
0.227326
0.227324
0.227321
0.227325
0.227352
0.22737
0.227355
0.227369
0.22737
0.227361
0.227337
0.227342
0.227324
0.227311
0.227326
0.227334
0.227343
0.227322
0.227324
0.227329
0.227338
0.227326
0.227301
0.227292
0.227292
0.227297
0.227311
0.227307
0.227344
0.22736
0.227355
0.227352
0.227334
0.227311
0.227312
0.227322
0.227321
0.227329
0.227366
0.227378
0.227379
0.227398
0.227405
0.22741
0.227411
0.227409
0.227421
0.227425
0.227426
0.227432
0.227438
0.22743
0.227428
0.227435
0.227411
0.2274
0.227402
0.227397
0.227422
0.227417
0.227418
0.227396
0.227375
0.227374
0.227381
0.227364
0.227362
0.227355
0.227317
0.227316
0.227315
0.227332
0.227323
0.227321
0.22735
0.22735
0.227346
0.227344
0.227347
0.227301
0.227296
0.227274
0.227282
0.227283
0.227284
0.227273
0.227252
0.227245
0.227208
0.227209
0.227195
0.227185
0.22719
0.227188
0.227171
0.227157
0.227158
0.227135
0.227126
0.2271
0.227099
0.22709
0.227078
0.227088
0.227083
0.227092
0.227081
0.227081
0.227089
0.227104
0.2271
0.227083
0.227071
0.227056
0.227085
0.227116
0.227105
0.227093
0.227084
0.227089
0.227075
0.227068
0.227062
0.227032
0.227021
0.227036
0.22701
0.227006
0.226999
0.227006
0.227011
0.227021
0.227013
0.227022
0.227003
0.226995
0.226984
0.226982
0.22698
0.226965
0.226947
0.226945
0.226923
0.226925
0.226887
0.226883
0.226898
0.226909
0.226922
0.226894
0.226906
0.2269
0.22691
0.22693
0.22694
0.226963
0.226956
0.226951
0.226932
0.226927
0.226927
0.226929
0.226956
0.226956
0.226952
0.226969
0.226987
0.226979
0.226957
0.226945
0.226934
0.226949
0.226975
0.226965
0.226968
0.226984
0.226963
0.226982
0.226967
0.226992
0.226979
0.226972
0.226975
0.226991
0.226997
0.226985
0.226987
0.226972
0.226984
0.226997
0.226989
0.226978
0.227004
0.227005
0.226995
0.227002
0.227015
0.227005
0.227008
0.227014
0.226996
0.226999
0.226967
0.226961
0.226966
0.226982
0.226974
0.226959
0.226956
0.226937
0.226914
0.226915
0.226897
0.226894
0.226913
0.226898
0.226901
0.226913
0.226907
0.226912
0.226944
0.226939
0.226934
0.226938
0.226932
0.226907
0.226917
0.22694
0.226924
0.226907
0.226897
0.226907
0.226902
0.226886
0.226879
0.226876
0.22689
0.226901
0.226892
0.226894
0.226898
0.226908
0.226916
0.226883
0.226898
0.226894
0.22689
0.226868
0.226868
0.226867
0.226846
0.226849
0.22685
0.226837
0.226843
0.22685
0.226861
0.226855
0.226831
0.226827
0.226853
0.226867
0.22686
0.226856
0.226866
0.226859
0.226838
0.226826
0.226801
0.226792
0.226802
0.22681
0.226825
0.226816
0.226826
0.226793
0.226814
0.226836
0.226852
0.226859
0.226864
0.226876
0.226841
0.22685
0.226849
0.226833
0.226842
0.226853
0.226857
0.226865
0.226869
0.226899
0.226884
0.226899
0.226889
0.226875
0.226874
0.226872
0.22689
0.226892
0.226896
0.226918
0.226947
0.226973
0.226983
0.226975
0.226949
0.226963
0.226942
0.226949
0.226948
0.226957
0.226974
0.226977
0.226999
0.226991
0.227021
0.227034
0.227026
0.227023
0.227046
0.227053
0.227046
0.227049
0.22706
0.227051
0.227036
0.227026
0.227019
0.227006
0.227021
0.227027
0.22702
0.227006
0.226985
0.22697
0.226967
0.226956
0.226943
0.226945
0.226929
0.226902
0.226895
0.226899
0.226884
0.226875
0.226874
0.226862
0.226837
0.226847
0.226821
0.226826
0.226834
0.226838
0.226821
0.226817
0.226795
0.226784
0.226778
0.226763
0.226758
0.226747
0.226755
0.226739
0.226715
0.226707
0.226722
0.226686
0.226696
0.226707
0.226717
0.226705
0.226696
0.226696
0.2267
0.226712
0.226712
0.226716
0.226716
0.226727
0.226739
0.226724
0.226721
0.226729
0.226718
0.226719
0.226714
0.226715
0.226718
0.226717
0.226715
0.226732
0.226714
0.226717
0.226733
0.22674
0.226747
0.226751
0.22676
0.226757
0.226766
0.226773
0.226773
0.226774
0.226766
0.226774
0.226787
0.226807
0.226811
0.226814
0.226817
0.226815
0.226804
0.226805
0.226796
0.226802
0.226798
0.22679
0.226802
0.226809
0.226795
0.226791
0.226784
0.22678
0.226803
0.226794
0.226804
0.226797
0.226809
0.226808
0.226808
0.226824
0.226826
0.226826
0.226824
0.226848
0.226852
0.226858
0.226876
0.226876
0.226866
0.226869
0.226867
0.226865
0.22687
0.226905
0.226884
0.226881
0.226878
0.226881
0.226897
0.22689
0.226882
0.226878
0.226878
0.226908
0.226901
0.22691
0.22692
0.226911
0.226899
0.2269
0.226916
0.226935
0.226957
0.226969
0.226974
0.226979
0.226986
0.226979
0.226979
0.226975
0.226972
0.226965
0.226972
0.226978
0.226992
0.226966
0.226944
0.226935
0.226914
0.22691
0.226916
0.226931
0.226933
0.226941
0.226939
0.226948
0.226938
0.226946
0.226945
0.226935
0.226922
0.226924
0.226943
0.226953
0.226942
0.226944
0.226943
0.226931
0.226931
0.226935
0.226943
0.226942
0.226937
0.226946
0.22696
0.226959
0.226937
0.226942
0.226932
0.226928
0.226942
0.226935
0.226937
0.226945
0.226944
0.226943
0.226945
0.226941
0.226943
0.226935
0.226919
0.22692
0.226924
0.226911
0.226915
0.226903
0.226882
0.226897
0.226904
0.226911
0.226909
0.226898
0.226919
0.226919
0.226927
0.226935
0.226949
0.226944
0.226967
0.226975
0.226962
0.226975
0.226966
0.226969
0.226976
0.226971
0.226981
0.226977
0.226971
0.22699
0.226976
0.226975
0.226973
0.22697
0.226944
0.22693
0.226927
0.226904
0.226887
0.226867
0.226872
0.226874
0.226864
0.226877
0.226898
0.226895
0.226892
0.226918
0.22691
0.22693
0.226942
0.226946
0.226953
0.226956
0.226958
0.226956
0.226953
0.226956
0.226958
0.226972
0.226973
0.226972
0.226982
0.226969
0.22696
0.226958
0.226947
0.226944
0.226945
0.226954
0.226976
0.226952
0.226962
0.226973
0.226959
0.226958
0.226952
0.226932
0.226921
0.226915
0.226888
0.226893
0.226886
0.226879
0.226874
0.226866
0.226877
0.226882
0.226865
0.226881
0.226879
0.226887
0.226894
0.226883
0.226867
0.226876
0.226871
0.226859
0.226856
0.226849
0.226879
0.226886
0.226883
0.226877
0.226886
0.226875
0.22687
0.226882
0.226849
0.22686
0.226847
0.226847
0.226842
0.226825
0.226818
0.226806
0.226789
0.226785
0.226797
0.22678
0.226786
0.226802
0.226805
0.226814
0.226807
0.226822
0.226839
0.226836
0.22684
0.226841
0.226836
0.226821
0.226814
0.226836
0.226852
0.226839
0.226842
0.226852
0.226859
0.226863
0.22686
0.226869
0.226873
0.226882
0.22689
0.226884
0.226899
0.226889
0.226928
0.226927
0.226942
0.226935
0.226932
0.226931
0.226938
0.226932
0.226942
0.22695
0.226946
0.226936
0.226923
0.226912
0.22692
0.226936
0.226916
0.226914
0.226895
0.226888
0.226901
0.226896
0.226904
0.226911
0.226921
0.22691
0.226919
0.226908
0.226915
0.226928
0.22692
0.226924
0.226931
0.22697
0.226987
0.226981
0.226982
0.227007
0.227032
0.227022
0.227027
0.227036
0.227058
0.227062
0.227055
0.227037
0.227033
0.227056
0.227027
0.227016
0.227034
0.227049
0.227027
0.227029
0.227038
0.227038
0.227038
0.227045
0.227056
0.227059
0.227063
0.22706
0.227055
0.22705
0.227053
0.227071
0.22707
0.227072
0.227068
0.227078
0.227072
0.227061
0.227046
0.227039
0.227035
0.22703
0.227015
0.227006
0.227004
0.227004
0.227009
0.227025
0.227022
0.227026
0.227023
0.227014
0.227026
0.227014
0.226997
0.226992
0.226982
0.226978
0.226979
0.226995
0.226993
0.227008
0.227
0.226977
0.226976
0.226983
0.226973
0.226969
0.226969
0.226969
0.226974
0.226986
0.226983
0.226975
0.226975
0.226987
0.226971
0.226986
0.226976
0.226987
0.226973
0.226958
0.226952
0.226941
0.226944
0.226935
0.226938
0.226923
0.226937
0.226964
0.22698
0.226993
0.226991
0.22699
0.226982
0.226978
0.226979
0.226992
0.227005
0.227008
0.227017
0.227002
0.227022
0.227027
0.227045
0.227046
0.227062
0.227082
0.227093
0.227086
0.227064
0.227058
0.227077
0.227055
0.227054
0.227047
0.227058
0.227058
0.227067
0.227068
0.22709
0.227106
0.227106
0.2271
0.227118
0.227125
0.227107
0.227104
0.227095
0.227095
0.227085
0.227096
0.227107
0.22711
0.227105
0.227116
0.227119
0.227128
0.227117
0.227114
0.227114
0.227104
0.227107
0.227104
0.2271
0.227101
0.227092
0.2271
0.227099
0.227093
0.227074
0.227075
0.227063
0.22706
0.227043
0.227039
0.22704
0.227038
0.227036
0.227037
0.227042
0.227025
0.227016
0.226998
0.226986
0.226976
0.226986
0.226984
0.226971
0.226977
0.226985
0.226988
0.22699
0.22699
0.226993
0.226991
0.226987
0.226982
0.226979
0.226972
0.226982
0.22698
0.226961
0.226989
0.226989
0.227002
0.226998
0.226995
0.226984
0.226999
0.226993
0.226995
0.226983
0.22698
0.226983
0.22699
0.226986
0.226968
0.226973
0.226986
0.226977
0.226983
0.226989
0.226979
0.226995
0.227015
0.226998
0.227017
0.227033
0.227034
0.227043
0.227049
0.227038
0.227045
0.227053
0.227042
0.227025
0.227027
0.227032
0.227042
0.227047
0.227054
0.227058
0.227048
0.227038
0.227024
0.227006
0.227003
0.227009
0.227002
0.227007
0.227018
0.227015
0.22702
0.227014
0.227005
0.227014
0.227016
0.227027
0.227018
0.22702
0.227006
0.226998
0.226984
0.226985
0.22697
0.226967
0.226959
0.226965
0.226961
0.226962
0.226947
0.226953
0.226939
0.226945
0.226965
0.226971
0.22697
0.226979
0.226954
0.226944
0.226938
0.226943
0.226928
0.226917
0.226936
0.226925
0.22691
0.226909
0.226914
0.226929
0.226918
0.226925
0.226946
0.226925
0.22693
0.226922
0.226916
0.226905
0.226901
0.2269
0.226885
0.226861
0.226871
0.226868
0.22686
0.226843
0.226844
0.226834
0.226832
0.226825
0.226816
0.226828
0.226814
0.226807
0.226826
0.226809
0.226798
0.226798
0.226792
0.226783
0.22678
0.226786
0.226795
0.226789
0.226792
0.226784
0.226785
0.226778
0.226776
0.226777
0.226772
0.226767
0.22677
0.226758
0.226744
0.226728
0.226729
0.226736
0.226746
0.226754
0.226764
0.226794
0.226792
0.226785
0.226781
0.22678
0.226785
0.226783
0.226775
0.226773
0.22676
0.226757
0.226761
0.226758
0.226757
0.226757
0.226758
0.226767
0.226768
0.226757
0.226754
0.226752
0.226763
0.226781
0.226793
0.226806
0.226827
0.226826
0.226833
0.226815
0.226799
0.226806
0.226803
0.226791
0.226809
0.226792
0.22679
0.22679
0.226785
0.226788
0.226791
0.226792
0.226772
0.226785
0.226798
0.226807
0.226807
0.226796
0.226794
0.226798
0.226791
0.226796
0.226785
0.226781
0.226782
0.226775
0.226767
0.226759
0.226749
0.22675
0.226748
0.226737
0.226732
0.226722
0.226723
0.22673
0.22674
0.226729
0.226735
0.226747
0.22675
0.226758
0.226752
0.226746
0.226737
0.226725
0.226715
0.226711
0.2267
0.226696
0.226697
0.22668
0.22667
0.226674
0.226658
0.226661
0.226662
0.22666
0.226665
0.226665
0.226642
0.226636
0.226642
0.226641
0.226651
0.226644
0.22664
0.226649
0.226631
0.226637
0.22664
0.226637
0.226637
0.226651
0.226635
0.226641
0.226635
0.226651
0.226643
0.226643
0.22664
0.226656
0.226654
0.226656
0.226658
0.226665
0.22665
0.226658
0.22665
0.22665
0.226642
0.226654
0.226644
0.226659
0.22668
0.226665
0.22668
0.226682
0.226674
0.226662
0.226679
0.226689
0.226685
0.226677
0.226678
0.226663
0.226641
0.226644
0.226656
0.226664
0.226664
0.226647
0.226634
0.226639
0.226638
0.226645
0.226644
0.226658
0.226657
0.226656
0.226656
0.226644
0.226641
0.226649
0.226634
0.226647
0.226648
0.226632
0.226635
0.22664
0.226625
0.226625
0.226607
0.226607
0.226604
0.2266
0.226593
0.226575
0.226577
0.226578
0.226574
0.226582
0.226565
0.226571
0.226556
0.226543
0.226535
0.226525
0.226517
0.226517
0.226514
0.226526
0.226537
0.226552
0.22655
0.22654
0.226518
0.226516
0.226505
0.226511
0.226503
0.226506
0.22649
0.226486
0.226485
0.226466
0.226463
0.226463
0.22646
0.226459
0.22647
0.226482
0.226497
0.226486
0.226485
0.226489
0.226491
0.226503
0.226504
0.226508
0.22651
0.226517
0.22652
0.22653
0.226542
0.226545
0.226546
0.226545
0.226553
0.226549
0.226556
0.226555
0.226553
0.226556
0.226551
0.226548
0.226555
0.226554
0.226545
0.226554
0.226543
0.226541
0.226548
0.226537
0.226528
0.226528
0.22652
0.226531
0.226519
0.226509
0.22651
0.226509
0.226507
0.226502
0.226494
0.226502
0.226502
0.2265
0.226493
0.226488
0.226491
0.226502
0.226508
0.226506
0.226507
0.226501
0.226497
0.226507
0.226505
0.22652
0.226516
0.226512
0.226514
0.226526
0.226533
0.22654
0.226556
0.226555
0.226568
0.22658
0.226569
0.226562
0.226566
0.226568
0.226567
0.226567
0.226563
0.226556
0.226565
0.22656
0.226544
0.226544
0.226554
0.226549
0.22655
0.226554
0.226543
0.226538
0.226545
0.226543
0.226536
0.226545
0.22654
0.22654
0.226537
0.226547
0.226557
0.226545
0.226554
0.226565
0.22656
0.226557
0.226539
0.22656
0.226564
0.226556
0.226547
0.226546
0.226542
0.226551
0.226543
0.226539
0.22654
0.226544
0.226533
0.226531
0.226531
0.22654
0.226556
0.226562
0.226559
0.226524
0.226528
0.226534
0.226537
0.226543
0.226537
0.226528
0.226543
0.226532
0.226522
0.226527
0.22654
0.226537
0.226541
0.226531
0.226525
0.226524
0.226521
0.226515
0.226511
0.226501
0.22649
0.226498
0.226499
0.226491
0.226489
0.22649
0.226478
0.226479
0.226487
0.226495
0.226497
0.226498
0.226507
0.226508
0.226505
0.226498
0.226505
0.226505
0.226507
0.226502
0.226508
0.226498
0.226502
0.226522
0.226536
0.226528
0.226523
0.22651
0.226498
0.2265
0.226494
0.226501
0.226505
0.226509
0.226517
0.22651
0.226513
0.226511
0.226526
0.226536
0.226526
0.226536
0.226528
0.226524
0.226498
0.226493
0.226482
0.226476
0.22647
0.226486
0.226485
0.226487
0.22651
0.226523
0.226514
0.226534
0.226526
0.226517
0.226511
0.226524
0.226537
0.226531
0.226513
0.226491
0.226496
0.2265
0.226501
0.226495
0.2265
0.226503
0.226494
0.226494
0.226509
0.226514
0.226504
0.226505
0.226508
0.22651
0.226504
0.226505
0.226512
0.226511
0.226517
0.22652
0.226523
0.226521
0.226527
0.226525
0.226544
0.226546
0.226548
0.226543
0.226561
0.226563
0.226562
0.226551
0.22655
0.226551
0.226568
0.226564
0.226561
0.226559
0.22655
0.226547
0.226535
0.226532
0.226524
0.226539
0.226529
0.226526
0.22652
0.226522
0.226514
0.226512
0.2265
0.226509
0.22652
0.226522
0.226517
0.22653
0.226533
0.226528
0.226534
0.226526
0.226537
0.22654
0.226545
0.226548
0.226544
0.226542
0.226555
0.226557
0.226572
0.226568
0.226576
0.226586
0.226585
0.226595
0.226592
0.226588
0.226577
0.226579
0.226575
0.226579
0.226577
0.226581
0.226567
0.226564
0.226563
0.226549
0.226554
0.226551
0.226545
0.226545
0.226541
0.226528
0.22653
0.226526
0.226535
0.226538
0.226551
0.226557
0.226555
0.226556
0.226556
0.226566
0.226562
0.226562
0.226581
0.226585
0.226586
0.226582
0.226585
0.226588
0.226581
0.226593
0.226593
0.226595
0.226606
0.2266
0.226595
0.226597
0.226594
0.226598
0.226601
0.226594
0.226583
0.226578
0.226576
0.226566
0.226568
0.226563
0.226555
0.226546
0.226536
0.226537
0.226542
0.226542
0.226535
0.226541
0.226543
0.226531
0.226529
0.226526
0.22653
0.226534
0.226539
0.226544
0.226546
0.226548
0.226555
0.22656
0.226569
0.226561
0.226561
0.226561
0.226549
0.226549
0.226546
0.226547
0.22654
0.22654
0.22654
0.226535
0.226544
0.226548
0.226542
0.226542
0.226543
0.226543
0.226534
0.226538
0.226544
0.226537
0.226528
0.226513
0.226519
0.226524
0.226517
0.226517
0.226521
0.226523
0.226526
0.22653
0.226534
0.226542
0.226548
0.226562
0.226563
0.226577
0.226572
0.226557
0.226567
0.226572
0.226578
0.226598
0.226609
0.226613
0.226615
0.226615
0.226605
0.226615
0.226626
0.226628
0.226625
0.226635
0.226631
0.22663
0.226627
0.226622
0.226622
0.226625
0.22662
0.226623
0.226622
0.226614
0.226624
0.226614
0.226615
0.2266
0.226598
0.226596
0.226599
0.226618
0.226616
0.226621
0.226625
0.226622
0.226634
0.226629
0.226635
0.22663
0.226631
0.226634
0.226634
0.226628
0.226637
0.226639
0.226635
0.226643
0.226651
0.226645
0.226647
0.226645
0.226646
0.226637
0.226627
0.226638
0.22664
0.226641
0.22665
0.226654
0.226646
0.226637
0.226626
0.22662
0.22661
0.226613
0.226614
0.226613
0.226616
0.226598
0.226604
0.226606
0.2266
0.226596
0.226595
0.226574
0.226567
0.22656
0.226564
0.226565
0.226558
0.226559
0.226566
0.226562
0.226581
0.226568
0.226575
0.226574
0.226563
0.226566
0.226567
0.226559
0.226569
0.226579
0.226582
0.226586
0.226587
0.226588
0.226601
0.226601
0.226601
0.226603
0.226598
0.226602
0.226601
0.2266
0.226602
0.226605
0.22661
0.226605
0.226595
0.226588
0.226576
0.226582
0.226586
0.226583
0.226583
0.226583
0.22659
0.226595
0.226593
0.226608
0.226609
0.226599
0.226603
0.226609
0.226598
0.226591
0.226595
0.226585
0.226576
0.226569
0.226564
0.226571
0.226567
0.22656
0.226564
0.226563
0.226562
0.226573
0.226562
0.226553
0.226554
0.226546
0.226547
0.226544
0.226541
0.226538
0.226533
0.22654
0.226538
0.226547
0.226558
0.22655
0.226554
0.22655
0.226552
0.226562
0.226565
0.226551
0.226531
0.226519
0.226526
0.226533
0.226533
0.226529
0.226533
0.226534
0.226531
0.226522
0.22651
0.226502
0.226509
0.226515
0.226526
0.226532
0.226541
0.226531
0.226532
0.226538
0.226528
0.226532
0.22654
0.226526
0.226519
0.22652
0.226524
0.226526
0.226513
0.226512
0.226516
0.226504
0.226501
0.226495
0.226489
0.226483
0.226472
0.22647
0.226453
0.22645
0.226452
0.226435
0.226429
0.22642
0.226418
0.226405
0.226411
0.226402
0.226398
0.226394
0.226396
0.226398
0.22639
0.226387
0.226393
0.226394
0.226403
0.226406
0.22641
0.226404
0.226407
0.226403
0.226415
0.22642
0.226413
0.226415
0.226408
0.226412
0.226422
0.226426
0.226433
0.22645
0.22646
0.226464
0.22646
0.226464
0.226479
0.226479
0.22648
0.22648
0.226483
0.226488
0.226481
0.226479
0.226477
0.22647
0.226474
0.226474
0.226483
0.226478
0.226476
0.226465
0.226461
0.226452
0.226418
0.226415
0.226414
0.226412
0.226418
0.226411
0.226399
0.226405
0.226402
0.226405
0.226399
0.226396
0.226398
0.226389
0.2264
0.2264
0.226388
0.22638
0.226385
0.226384
0.226389
0.226392
0.226388
0.226387
0.226404
0.226407
0.226402
0.226399
0.226406
0.226403
0.226399
0.226387
0.226367
0.226361
0.226361
0.226365
0.226373
0.226387
0.22639
0.226395
0.226398
0.226394
0.226383
0.226384
0.226383
0.226386
0.226388
0.226372
0.226374
0.226377
0.226379
0.226383
0.226386
0.22639
0.226383
0.226384
0.22637
0.226373
0.226371
0.226368
0.226368
0.226377
0.226391
0.2264
0.226402
0.226412
0.226421
0.226417
0.226415
0.226417
0.226413
0.22642
0.226436
0.226437
0.226439
0.22644
0.226449
0.226452
0.226439
0.226442
0.226443
0.226454
0.226449
0.226446
0.226434
0.226442
0.226439
0.226439
0.226436
0.226428
0.226432
0.226429
0.226431
0.226427
0.226429
0.226423
0.226426
0.226425
0.226426
0.226439
0.226439
0.226457
0.226461
0.226462
0.226457
0.226475
0.226466
0.226463
0.226461
0.226458
0.226461
0.226458
0.226451
0.226454
0.226451
0.22645
0.226445
0.226436
0.22644
0.226438
0.226429
0.226433
0.226426
0.226425
0.226419
0.226425
0.226428
0.226425
0.226429
0.226437
0.226436
0.226439
0.22644
0.226437
0.226448
0.226453
0.226462
0.226484
0.226489
0.226476
0.226465
0.226472
0.226468
0.226473
0.226477
0.226468
0.226468
0.226475
0.226474
0.226465
0.226461
0.226463
0.226469
0.226477
0.226475
0.226485
0.226486
0.226471
0.226473
0.22648
0.226482
0.226471
0.226473
0.226468
0.226478
0.22648
0.226486
0.226486
0.22649
0.226483
0.226485
0.226473
0.226481
0.226486
0.226489
0.226486
0.226477
0.226475
0.226489
0.226488
0.226483
0.226474
0.226467
0.226468
0.226469
0.226453
0.226447
0.226442
0.226444
0.226438
0.226423
0.226433
0.226434
0.226425
0.226421
0.226421
0.226423
0.226424
0.226421
0.226422
0.226431
0.22643
0.226429
0.226429
0.226438
0.226436
0.226426
0.226425
0.226425
0.226425
0.226413
0.226415
0.226404
0.22641
0.226411
0.226406
0.226404
0.226398
0.226395
0.226395
0.226386
0.226388
0.226396
0.226397
0.226397
0.226396
0.226404
0.226407
0.226394
0.22639
0.226385
0.226386
0.226376
0.226365
0.226366
0.226362
0.226361
0.226355
0.226368
0.226369
0.226359
0.226369
0.226373
0.226377
0.226377
0.226377
0.226363
0.226371
0.226384
0.22639
0.22639
0.226384
0.226393
0.226399
0.226393
0.226389
0.226386
0.226391
0.226384
0.226376
0.226376
0.226375
0.226374
0.226383
0.226389
0.226395
0.226396
0.226401
0.226405
0.226404
0.226413
0.226412
0.226418
0.226427
0.226438
0.226434
0.226429
0.22643
0.226439
0.226442
0.226435
0.22643
0.226439
0.226446
0.226446
0.226443
0.226438
0.226425
0.226432
0.226429
0.226429
0.226432
0.226422
0.226404
0.226402
0.226399
0.226392
0.226393
0.226397
0.226392
0.226393
0.226387
0.226391
0.226403
0.226401
0.226387
0.226389
0.226394
0.226395
0.226399
0.226395
0.226387
0.226379
0.226386
0.226386
0.226383
0.226393
0.226398
0.226396
0.226399
0.226393
0.22639
0.226391
0.226391
0.2264
0.226401
0.226407
0.22641
0.226413
0.226419
0.226416
0.226418
0.226422
0.22641
0.226413
0.226413
0.226408
0.226399
0.226412
0.22642
0.226418
0.226415
0.226419
0.226426
0.226426
0.226426
0.226426
0.226433
0.226427
0.226424
0.22642
0.226422
0.22642
0.226418
0.226413
0.226404
0.22641
0.226403
0.226406
0.226418
0.226414
0.226418
0.226417
0.226418
0.226414
0.226404
0.226411
0.22642
0.226427
0.226433
0.226443
0.226432
0.226429
0.226434
0.226435
0.226436
0.226427
0.226431
0.226428
0.226434
0.22644
0.226442
0.226442
0.226449
0.226446
0.226448
0.22645
0.226457
0.226461
0.226461
0.226462
0.226459
0.226453
0.226458
0.226462
0.226461
0.226462
0.226454
0.226446
0.22644
0.226429
0.226435
0.226429
0.226434
0.22643
0.226432
0.226428
0.226437
0.226434
0.226425
0.226423
0.226409
0.226407
0.226405
0.22641
0.226413
0.226416
0.226422
0.226423
0.226425
0.226422
0.226415
0.22642
0.226417
0.226408
0.226399
0.226396
0.226397
0.226397
0.226396
0.226394
0.226397
0.226401
0.226403
0.226393
0.226396
0.226393
0.226407
0.226408
0.226395
0.226383
0.226382
0.226384
0.226388
0.226384
0.226384
0.226374
0.226376
0.226368
0.226372
0.226374
0.226368
0.226359
0.226354
0.226357
