0.346429
0.436823
0.462206
0.477502
0.492764
0.496368
0.503605
0.509001
0.518371
0.520543
0.521826
0.523187
0.526888
0.527192
0.530029
0.532603
0.531546
0.533017
0.537797
0.538414
0.5408
0.540879
0.541078
0.541972
0.543343
0.54416
0.542615
0.542965
0.542905
0.542479
0.543051
0.543074
0.54169
0.541995
0.545608
0.546895
0.547247
0.547547
0.545744
0.547465
0.548053
0.549009
0.55034
0.549609
0.550161
0.549614
0.549352
0.550494
0.550772
0.551766
0.552571
0.552416
0.552176
0.551791
0.552131
0.552368
0.552456
0.552502
0.55306
0.552892
0.553611
0.553589
0.55299
0.553974
0.554259
0.555044
0.554795
0.555832
0.555641
0.555317
0.554729
0.554201
0.554854
0.554979
0.55531
0.555605
0.555689
0.556049
0.556282
0.556769
0.555736
0.555741
0.556086
0.556151
0.555696
0.55608
0.556338
0.556602
0.556824
0.556891
0.556684
0.557172
0.557409
0.557257
0.557431
0.557516
0.55739
0.557135
0.557546
0.55816
0.558364
0.557987
0.55787
0.558067
0.558081
0.557908
0.557495
0.557844
0.558056
0.557896
0.558109
0.558041
0.558257
0.558478
0.558322
0.558754
0.558202
0.558293
0.558619
0.558844
0.558895
0.558904
0.558953
0.559059
0.559203
0.559702
0.559885
0.560158
0.559972
0.559737
0.56004
0.560299
0.560522
0.560472
0.560202
0.560269
0.560446
0.560344
0.560324
0.560336
0.560566
0.561175
0.560519
0.560573
0.560355
0.560122
0.559969
0.560152
0.560164
0.560136
0.559833
0.559103
0.558848
0.558807
0.558566
0.558634
0.5586
0.558996
0.559177
0.559389
0.559429
0.559614
0.559756
0.559723
0.559473
0.559754
0.559786
0.559974
0.560247
0.560141
0.560545
0.560678
0.560496
0.560622
0.560924
0.561067
0.560971
0.561085
0.561041
0.561283
0.561241
0.56112
0.561268
0.560671
0.560624
0.5605
0.560644
0.560959
0.560951
0.56062
0.56086
0.560687
0.560846
0.560831
0.560912
0.560567
0.560373
0.560166
0.560096
0.560161
0.56026
0.560449
0.560925
0.560977
0.561083
0.561088
0.560948
0.560966
0.560815
0.560936
0.560918
0.561139
0.56108
0.561421
0.561646
0.561738
0.561662
0.561354
0.561191
0.561408
0.561771
0.562073
0.562172
0.562259
0.562001
0.56205
0.561634
0.561501
0.561816
0.562082
0.562272
0.562258
0.562241
0.562167
0.562063
0.562112
0.56237
0.562389
0.56228
0.562497
0.562496
0.562459
0.562712
0.562767
0.562718
0.56269
0.562672
0.562805
0.56256
0.562517
0.562499
0.562298
0.562323
0.561986
0.561984
0.562041
0.562091
0.562232
0.562148
0.562275
0.5622
0.562165
0.562076
0.561988
0.562098
0.562126
0.56215
0.562362
0.562394
0.562501
0.562547
0.562889
0.56288
0.562752
0.562905
0.562899
0.562505
0.562638
0.562435
0.562304
0.562342
0.562384
0.562321
0.562155
0.561805
0.561856
0.561875
0.561685
0.561738
0.561723
0.562062
0.562208
0.562203
0.562058
0.562144
0.562125
0.56223
0.562145
0.562062
0.561967
0.561975
0.562237
0.562298
0.562217
0.562417
0.562449
0.562551
0.562722
0.562794
0.562856
0.562977
0.562923
0.562897
0.563022
0.563041
0.563049
0.563166
0.563245
0.563333
0.563307
0.56341
0.563486
0.563514
0.56344
0.563342
0.563293
0.563275
0.563238
0.563297
0.563254
0.563266
0.563326
0.563336
0.563236
0.563205
0.563158
0.563059
0.562926
0.56285
0.562829
0.562827
0.562916
0.563001
0.563089
0.562953
0.56294
0.562867
0.563141
0.56314
0.562965
0.563029
0.563089
0.563139
0.5634
0.563351
0.563427
0.563467
0.563372
0.563459
0.563579
0.563554
0.563486
0.563476
0.563494
0.563385
0.563445
0.563365
0.563314
0.56313
0.562939
0.562863
0.562982
0.563061
0.563192
0.563278
0.563376
0.56354
0.563677
0.563529
0.563413
0.563475
0.563463
0.563563
0.563504
0.563547
0.563574
0.563506
0.563715
0.563635
0.563788
0.563865
0.563907
0.563994
0.564096
0.564024
0.564079
0.564185
0.564227
0.564202
0.564254
0.56418
0.564205
0.564349
0.56435
0.564389
0.564308
0.564301
0.564275
0.564337
0.564294
0.564368
0.564384
0.564405
0.564464
0.564486
0.564372
0.564346
0.564388
0.564356
0.564419
0.564389
0.564411
0.564413
0.564581
0.56443
0.564281
0.564303
0.564446
0.564426
0.564455
0.564389
0.564408
0.5645
0.564537
0.564482
0.564366
0.564255
0.564306
0.564427
0.564423
0.564501
0.564419
0.564377
0.564429
0.564556
0.564675
0.564709
0.564647
0.564615
0.564599
0.564727
0.564589
0.56453
0.564552
0.564547
0.564529
0.564606
0.564669
0.564758
0.564804
0.564794
0.564769
0.564731
0.56466
0.56458
0.564514
0.564615
0.564692
0.564717
0.564721
0.564705
0.564695
0.564607
0.564562
0.564555
0.564605
0.564485
0.564445
0.564268
0.564261
0.564285
0.564444
0.564536
0.564456
0.564554
0.564488
0.564601
0.564603
0.56457
0.564566
0.564661
0.564653
0.564607
0.56456
0.564585
0.564515
0.56456
0.564509
0.564444
0.564559
0.56449
0.564504
0.564559
0.564525
0.564494
0.564227
0.5639
0.563484
0.563321
0.563163
0.563014
0.562886
0.562685
0.56255
0.562391
0.562413
0.562275
0.562312
0.562255
0.562351
0.562284
0.562172
0.562086
0.562151
0.56215
0.562239
0.562226
0.562124
0.56211
0.561995
0.561793
0.561758
0.561701
0.561668
0.561636
0.561581
0.561655
0.561501
0.561582
0.56147
0.561397
0.561445
0.561427
0.561486
0.561546
0.561559
0.561564
0.56147
0.561362
0.561288
0.561233
0.56114
0.561255
0.561116
0.561044
0.561125
0.561049
0.561022
0.561069
0.561123
0.561122
0.561217
0.561245
0.56128
0.561338
0.561361
0.561411
0.561396
0.561383
0.561398
0.561351
0.561402
0.561519
0.561581
0.561529
0.56147
0.561354
0.561202
0.561227
0.561118
0.561225
0.561189
0.561108
0.561203
0.561268
0.56123
0.561192
0.561266
0.561212
0.561165
0.561308
0.56141
0.561446
0.561401
0.561374
0.561374
0.56136
0.56133
0.561408
0.561455
0.56143
0.561383
0.561288
0.561367
0.561464
0.561578
0.561587
0.561563
0.561488
0.561466
0.561385
0.561523
0.56145
0.561529
0.56149
0.561529
0.561542
0.56143
0.56148
0.561534
0.561398
0.561278
0.561374
0.561396
0.56146
0.561469
0.561581
0.561611
0.56165
0.5617
0.56163
0.561718
0.56182
0.561794
0.561702
0.561659
0.561668
0.561725
0.561742
0.561737
0.561605
0.561689
0.561739
0.561626
0.561632
0.56154
0.561544
0.561456
0.561469
0.561374
0.5613
0.561284
0.561298
0.561334
0.561308
0.561395
0.561312
0.561333
0.561248
0.561256
0.561248
0.561316
0.561293
0.561201
0.561139
0.561226
0.561255
0.561176
0.561205
0.561122
0.561161
0.561061
0.561027
0.560954
0.560945
0.560899
0.560958
0.560955
0.560984
0.561043
0.561081
0.561146
0.561148
0.561227
0.561187
0.561173
0.561172
0.561236
0.56121
0.561274
0.561296
0.561357
0.56134
0.561403
0.561348
0.561337
0.561359
0.561447
0.561503
0.561585
0.561667
0.561637
0.5617
0.561704
0.561631
0.561604
0.561651
0.561696
0.561662
0.561627
0.561689
0.561714
0.561734
0.561822
0.561848
0.561843
0.561839
0.561906
0.562018
0.562019
0.562059
0.562064
0.562117
0.562063
0.562075
0.562084
0.562154
0.562137
0.562045
0.562049
0.562023
0.561921
0.561879
0.561862
0.561845
0.561801
0.561786
0.561861
0.561865
0.561792
0.561822
0.561834
0.56182
0.561798
0.561838
0.561824
0.561846
0.561968
0.561974
0.561992
0.562002
0.561993
0.561933
0.56198
0.561872
0.561717
0.561783
0.561821
0.561774
0.561719
0.561697
0.561704
0.561674
0.561743
0.561727
0.56173
0.561819
0.56177
0.561746
0.561757
0.561788
0.56178
0.561819
0.561797
0.561785
0.561771
0.561707
0.561765
0.561826
0.561873
0.561938
0.561974
0.561947
0.561928
0.562047
0.56204
0.562108
0.562098
0.562201
0.562227
0.562242
0.56223
0.562215
0.562307
0.562392
0.562436
0.562418
0.56247
0.562465
0.562517
0.562594
0.562609
0.562611
0.562531
0.562515
0.562572
0.562534
0.56246
0.562436
0.562427
0.562477
0.562413
0.562477
0.562458
0.562482
0.562484
0.562478
0.562421
0.562462
0.562508
0.562528
0.56255
0.562572
0.562621
0.56252
0.562525
0.562445
0.562432
0.562421
0.562357
0.562356
0.562377
0.562371
0.562325
0.562305
0.56225
0.562261
0.562288
0.562275
0.562241
0.562219
0.56225
0.562194
0.562166
0.562152
0.562151
0.562177
0.562292
0.562265
0.562246
0.56227
0.562287
0.562317
0.562312
0.562334
0.562332
0.562397
0.56241
0.562393
0.562492
0.562506
0.562507
0.56255
0.562446
0.562456
0.56239
0.562432
0.562406
0.562384
0.56235
0.56239
0.562334
0.562354
0.562329
0.562341
0.562318
0.562281
0.562264
0.562194
0.562264
0.562175
0.562253
0.562228
0.562166
0.562195
0.562234
0.562284
0.562365
0.562392
0.562439
0.56247
0.562552
0.562597
0.562639
0.562556
0.562538
0.562567
0.562532
0.562536
0.562562
0.562552
0.562544
0.562496
0.562571
0.56258
0.562529
0.562561
0.562552
0.562544
0.562581
0.562502
0.56254
0.562551
0.562501
0.562441
0.562379
0.56238
0.562417
0.562389
0.562421
0.562428
0.562357
0.562381
0.56234
0.562305
0.562308
0.562275
0.562235
0.562264
0.562326
0.562371
0.562407
0.56241
0.562387
0.56239
0.562426
0.562464
0.562509
0.562489
0.562549
0.562549
0.562554
0.562585
0.562608
0.562623
0.562649
0.562676
0.56269
0.562723
0.562717
0.562767
0.562751
0.562713
0.562704
0.56273
0.562765
0.562713
0.562654
0.562649
0.562648
0.562675
0.562643
0.562637
0.56269
0.562723
0.562692
0.56273
0.562703
0.562661
0.562666
0.562688
0.562688
0.562694
0.562628
0.562617
0.5626
0.562542
0.562513
0.562477
0.562505
0.562565
0.562583
0.562625
0.562621
0.562562
0.562624
0.56268
0.562671
0.562668
0.562684
0.562733
0.562748
0.562734
0.562732
0.562737
0.562745
0.562767
0.562795
0.562812
0.562777
0.562763
0.562774
0.562816
0.562769
0.562784
0.56275
0.562689
0.562691
0.562672
0.562674
0.562655
0.562661
0.562582
0.562601
0.562573
0.562605
0.562639
0.562671
0.562658
0.562668
0.562666
0.562638
0.562659
0.562692
0.562704
0.562745
0.562757
0.562848
0.562766
0.562712
0.562709
0.562727
0.562733
0.562734
0.562678
0.562658
0.562624
0.562641
0.562641
0.562605
0.5626
0.562595
0.562604
0.562603
0.562592
0.56258
0.562511
0.562493
0.562522
0.562504
0.562515
0.562547
0.562519
0.562526
0.562568
0.562618
0.562604
0.562569
0.562536
0.56251
0.562553
0.562513
0.562547
0.562532
0.562589
0.562583
0.562565
0.562637
0.562644
0.562638
0.562629
0.562668
0.562692
0.562676
0.562678
0.562649
0.56267
0.562724
0.562729
0.562708
0.562639
0.562682
0.562739
0.562759
0.562768
0.562774
0.562699
0.562767
0.562798
0.56283
0.562876
0.562902
0.562936
0.562953
0.562972
0.562898
0.56289
0.562858
0.562892
0.562858
0.562862
0.562874
0.562928
0.562938
0.562985
0.56293
0.562889
0.562868
0.562865
0.562908
0.562934
0.562925
0.562947
0.562951
0.562949
0.562966
0.562971
0.562984
0.562907
0.562912
0.562952
0.562964
0.562993
0.563006
0.563006
0.562983
0.562979
0.563018
0.56307
0.563056
0.563051
0.563038
0.563088
0.563072
0.563071
0.563058
0.563048
0.563058
0.563055
0.563025
0.56301
0.563024
0.563041
0.56305
0.563083
0.563085
0.563089
0.563106
0.563131
0.563187
0.563168
0.563134
0.563102
0.563078
0.563114
0.563121
0.563138
0.563183
0.563201
0.563171
0.563226
0.563243
0.563273
0.56334
0.563353
0.563381
0.563437
0.56341
0.563404
0.563459
0.563477
0.563447
0.563462
0.563493
0.563461
0.563451
0.563431
0.563434
0.563435
0.563474
0.563426
0.563429
0.563458
0.563485
0.563433
0.563419
0.563442
0.563503
0.563515
0.563495
0.56347
0.563423
0.563481
0.563486
0.563463
0.56351
0.563524
0.563521
0.563495
0.563538
0.563559
0.563581
0.563586
0.563598
0.563598
0.563609
0.563555
0.563564
0.563564
0.563574
0.563586
0.563628
0.563637
0.563623
0.563642
0.563636
0.563642
0.563621
0.563626
0.563668
0.563674
0.563698
0.563636
0.563646
0.563687
0.563667
0.563682
0.563682
0.563722
0.56377
0.563822
0.563812
0.563779
0.563769
0.563726
0.563698
0.563695
0.563695
0.563624
0.563615
0.563683
0.563648
0.563658
0.563649
0.563665
0.563697
0.563669
0.563636
0.563652
0.563591
0.563594
0.563579
0.563592
0.563616
0.563599
0.563615
0.563622
0.563611
0.563621
0.563595
0.563601
0.56361
0.56359
0.563539
0.56351
0.563573
0.563558
0.563596
0.563583
0.563622
0.563627
0.563648
0.563666
0.563639
0.563623
0.56366
0.563719
0.563742
0.563771
0.563756
0.563762
0.563775
0.563749
0.563719
0.563744
0.563726
0.563682
0.563748
0.563776
0.563838
0.563819
0.56379
0.56378
0.56382
0.563859
0.56383
0.563851
0.563838
0.563843
0.563867
0.563858
0.563864
0.563894
0.563881
0.563894
0.563896
0.563901
0.563952
0.56395
0.563975
0.564006
0.563995
0.563986
0.563988
0.564029
0.564096
0.564059
0.564063
0.56405
0.564018
0.563995
0.563989
0.563947
0.563966
0.563965
0.563996
0.563985
0.563988
0.564055
0.564038
0.564001
0.564
0.56399
0.563995
0.564015
0.563986
0.564036
0.564068
0.564115
0.564095
0.564058
0.56404
0.564089
0.564091
0.564066
0.56408
0.564075
0.564105
0.564097
0.564103
0.564091
0.564102
0.564131
0.564133
0.564185
0.564209
0.564174
0.564167
0.564195
0.564172
0.56422
0.564225
0.564217
0.564201
0.564233
0.564214
0.564239
0.564283
0.564286
0.564318
0.564341
0.564355
0.564339
0.564315
0.564336
0.564377
0.564404
0.564426
0.564448
0.564442
0.56446
0.564453
0.564467
0.564464
0.564426
0.564402
0.564396
0.564449
0.564466
0.564481
0.564481
0.564436
0.564483
0.564474
0.564456
0.564507
0.564475
0.564499
0.564502
0.564498
0.564487
0.56445
0.564453
0.564482
0.564508
0.564511
0.56452
0.564531
0.564563
0.564542
0.564545
0.56456
0.564604
0.564611
0.564641
0.564632
0.564637
0.564658
0.564668
0.564696
0.56471
0.564699
0.564705
0.56469
0.564716
0.564707
0.564721
0.564749
0.564731
0.564728
0.564719
0.564738
0.564722
0.56477
0.564771
0.564781
0.564807
0.564781
0.564801
0.564804
0.564797
0.564817
0.564826
0.56482
0.564818
0.564851
0.56483
0.56481
0.564854
0.564901
0.56493
0.564913
0.564928
0.564909
0.564942
0.564944
0.564935
0.564896
0.56489
0.564888
0.564833
0.564839
0.56483
0.564854
0.564846
0.564831
0.564871
0.56485
0.56482
0.564809
0.56482
0.564838
0.564854
0.564841
0.564863
0.564874
0.564894
0.564914
0.564923
0.564935
0.56495
0.564955
0.56495
0.564941
0.564931
0.564958
0.564967
0.56496
0.564942
0.564908
0.564872
0.564834
0.564861
0.564904
0.564904
0.564901
0.564904
0.564932
0.564939
0.564954
0.564935
0.564907
0.564897
0.564913
0.56491
0.564928
0.56491
0.564911
0.564911
0.564948
0.564972
0.564963
0.564973
0.565005
0.564997
0.564977
0.565001
0.565005
0.565013
0.565013
0.565037
0.565056
0.565029
0.565014
0.565017
0.565021
0.564986
0.564972
0.564977
0.56498
0.564981
0.564943
0.564965
0.564995
0.565
0.564993
0.565027
0.56503
0.565033
0.565046
0.565015
0.564991
0.565014
0.564993
0.564972
0.564955
0.56494
0.564959
0.565017
0.564983
0.564994
0.565001
0.564992
0.565017
0.564983
0.565015
0.565012
0.56498
0.565003
0.56501
0.565042
0.565036
0.565034
0.565049
0.56507
0.565077
0.565053
0.565063
0.565084
0.565117
0.565112
0.565104
0.565115
0.56511
0.565141
0.565119
0.565141
0.565095
0.565107
0.565126
0.565108
0.565118
0.565112
0.565114
0.565098
0.565133
0.56515
0.565164
0.565185
0.565157
0.565124
0.5651
0.56508
0.565111
0.565118
0.565105
0.565095
0.565064
0.565059
0.56506
0.56509
0.565104
0.565108
0.565097
0.565046
0.565044
0.565026
0.565064
0.565045
0.565061
0.565045
0.565071
0.565062
0.565086
0.565095
0.565099
0.565093
0.565109
0.565109
0.565105
0.565101
0.565083
0.565084
0.565073
0.565083
0.56507
0.565088
0.565082
0.565066
0.565091
0.565028
0.564967
0.564984
0.564989
0.564998
0.565001
0.565029
0.565032
0.565026
0.565024
0.565033
0.565052
0.565075
0.565056
0.565033
0.565011
0.565009
0.565009
0.565044
0.565057
0.565067
0.56508
0.565084
0.565055
0.565022
0.565061
0.565069
0.565094
0.565095
0.565087
0.56508
0.565079
0.565077
0.565073
0.565085
0.56507
0.565062
0.565059
0.565089
0.565072
0.565062
0.56506
0.565045
0.565056
0.565044
0.565001
0.565023
0.565004
0.565021
0.564996
0.56496
0.564929
0.564913
0.564889
0.564888
0.564904
0.564887
0.564873
0.564905
0.564889
0.56485
0.564841
0.564856
0.564824
0.564804
0.564765
0.564757
0.564752
0.564751
0.564738
0.564721
0.564733
0.564729
0.56473
0.564695
0.564685
0.564673
0.56468
0.564673
0.564706
0.56472
0.564729
0.564702
0.564699
0.564689
0.564689
0.564704
0.564696
0.564679
0.56466
0.56464
0.56461
0.564599
0.564596
0.56459
0.564562
0.564553
0.564529
0.564511
0.564509
0.564507
0.564535
0.564577
0.564613
0.564595
0.564569
0.56458
0.564585
0.564586
0.564628
0.564639
0.56463
0.564647
0.564633
0.564612
0.564608
0.564641
0.564631
0.564639
0.564638
0.564628
0.564618
0.564604
0.564577
0.564535
0.564539
0.564546
0.564538
0.564494
0.564473
0.564443
0.564416
0.564392
0.56441
0.564413
0.564411
0.564401
0.564416
0.564437
0.564414
0.564407
0.564388
0.564427
0.564407
0.564405
0.564412
0.564378
0.564373
0.564366
0.564318
0.564304
0.564335
0.564339
0.564332
0.56433
0.564309
0.564304
0.564309
0.564307
0.564312
0.564311
0.564313
0.564286
0.564308
0.564315
0.564307
0.564337
0.564365
0.56433
0.564342
0.564303
0.564315
0.564283
0.564298
0.564292
0.564278
0.564268
0.564301
0.564287
0.564284
0.564134
0.564034
0.563905
0.563777
0.56365
0.563568
0.563474
0.563392
0.563323
0.563244
0.563183
0.563107
0.563071
0.562985
0.562929
0.562891
0.562847
0.56279
0.562787
0.562779
0.562748
0.562668
0.56258
0.562563
0.562574
0.562553
0.562551
0.562569
0.562573
0.562573
0.56255
0.562537
0.562481
0.562493
0.56253
0.56255
0.562566
0.562585
0.562601
0.562589
0.562599
0.562592
0.562569
0.562583
0.562597
0.562598
0.562594
0.562603
0.562605
0.562642
0.562636
0.562637
0.562641
0.56263
0.562632
0.562649
0.562663
0.562668
0.562674
0.562682
0.562703
0.562681
0.562689
0.562702
0.562712
0.562708
0.562708
0.562735
0.562731
0.562742
0.562751
0.562718
0.562713
0.562739
0.56271
0.562717
0.562732
0.562751
0.562789
0.562787
0.562804
0.562813
0.562821
0.562827
0.562836
0.562828
0.562811
0.562838
0.562805
0.562834
0.562862
0.562887
0.5629
0.56293
0.562928
0.562945
0.562896
0.562872
0.562851
0.562868
0.562862
0.562875
0.56284
0.562872
0.562911
0.562911
0.562938
0.562932
0.562942
0.562947
0.562934
0.562952
0.562968
0.562954
0.562942
0.562931
0.562942
0.562937
0.562949
0.562948
0.563005
0.562987
0.562975
0.562983
0.563004
0.563028
0.563043
0.563062
0.563078
0.563058
0.563058
0.563067
0.563057
0.563085
0.563092
0.563077
0.563094
0.563116
0.56311
0.563084
0.563117
0.563126
0.563134
0.56315
0.563148
0.563125
0.563117
0.56313
0.563113
0.56311
0.56313
0.563131
0.563121
0.563071
0.563081
0.563117
0.563119
0.563106
0.563106
0.563094
0.563095
0.563099
0.56307
0.563094
0.563081
0.563058
0.563059
0.563072
0.563055
0.563031
0.563037
0.56306
0.563037
0.563036
0.563031
0.563022
0.563025
0.563045
0.563055
0.563057
0.563055
0.563046
0.563047
0.563062
0.563053
0.563047
0.56305
0.563055
0.563041
0.56301
0.562967
0.562958
0.562964
0.562973
0.562978
0.562951
0.562929
0.56294
0.56296
0.562954
0.56294
0.562965
0.56299
0.562993
0.563002
0.563012
0.562985
0.563004
0.562992
0.562963
0.562972
0.562973
0.562967
0.562974
0.562963
0.562993
0.562987
0.562957
0.562927
0.562948
0.562944
0.562952
0.56295
0.562948
0.562979
0.562984
0.562993
0.562997
0.563002
0.56301
0.562996
0.562999
0.563013
0.563012
0.56301
0.56302
0.563
0.562999
0.563007
0.56301
0.563026
0.563003
0.563045
0.563046
0.56307
0.563097
0.563085
0.56306
0.563067
0.563058
0.563055
0.563049
0.563068
0.563095
0.563089
0.56309
0.563098
0.563084
0.563093
0.563095
0.56308
0.563062
0.563086
0.563113
0.563108
0.563083
0.563052
0.563065
0.563089
0.563073
0.563027
0.56302
0.562997
0.563029
0.563037
0.563036
0.563021
0.563025
0.563031
0.563032
0.56299
0.563014
0.563064
0.563054
0.563049
0.563046
0.563037
0.563049
0.563076
0.56308
0.563083
0.563089
0.563105
0.563116
0.563131
0.563122
0.563175
0.563162
0.563153
0.56315
0.563164
0.563167
0.563175
0.56315
0.563157
0.56315
0.563153
0.563173
0.563206
0.563218
0.563231
0.563233
0.563224
0.563215
0.563193
0.563197
0.563214
0.563204
0.563183
0.563194
0.563209
0.563218
0.563242
0.563281
0.563301
0.563291
0.563317
0.563326
0.563319
0.563286
0.563274
0.563277
0.563265
0.563255
0.563224
0.563217
0.563217
0.563222
0.563206
0.56318
0.563178
0.563176
0.563165
0.563166
0.563166
0.563162
0.563166
0.563197
0.563204
0.563249
0.563249
0.56326
0.563244
0.563252
0.563286
0.563281
0.563299
0.56329
0.563292
0.563285
0.563247
0.563249
0.563259
0.563265
0.563268
0.563269
0.563262
0.563255
0.563244
0.563265
0.563241
0.563232
0.56324
0.563238
0.563237
0.563217
0.563222
0.563212
0.563207
0.563197
0.563175
0.563159
0.563192
0.563207
0.563206
0.563201
0.563203
0.563188
0.563183
0.563183
0.563193
0.563198
0.563205
0.56322
0.563229
0.563233
0.563207
0.563187
0.563175
0.563193
0.563187
0.563176
0.563209
0.563212
0.563188
0.563198
0.563176
0.563185
0.563187
0.563207
0.563223
0.563228
0.563242
0.56325
0.563276
0.563271
0.563271
0.563243
0.563248
0.563224
0.563204
0.563209
0.563224
0.563232
0.56322
0.563216
0.56322
0.56322
0.563243
0.563259
0.563268
0.563298
0.563297
0.563312
0.563312
0.563303
0.563316
0.563297
0.563313
0.563281
0.563281
0.563263
0.563274
0.563256
0.563249
0.563269
0.563279
0.563303
0.563314
0.563303
0.563316
0.563302
0.56331
0.563304
0.563309
0.563314
0.563307
0.563295
0.563297
0.563298
0.563295
0.563282
0.563303
0.563308
0.563312
0.563312
0.563331
0.563334
0.563343
0.563342
0.563363
0.56336
0.563355
0.563366
0.563386
0.5634
0.563378
0.563386
0.563357
0.563357
0.563363
0.563368
0.563359
0.563382
0.563355
0.563343
0.563323
0.563335
0.563321
0.563342
0.563364
0.563366
0.563363
0.563369
0.563385
0.563371
0.56337
0.563384
0.56339
0.563389
0.563384
0.56337
0.563358
0.563361
0.563365
0.563345
0.563376
0.563376
0.563345
0.563328
0.563336
0.563319
0.563312
0.563279
0.563293
0.563314
0.563288
0.563296
0.563261
0.56324
0.563241
0.563249
0.563244
0.563234
0.563188
0.563211
0.563229
0.563207
0.563209
0.563232
0.563244
0.563227
0.563245
0.563237
0.563212
0.563198
0.563201
0.563212
0.56323
0.56323
0.56323
0.563211
0.563186
0.563189
0.563193
0.563209
0.563236
0.56326
0.563244
0.563215
0.56321
0.563201
0.563199
0.563195
0.563182
0.563163
0.563149
0.563159
0.563167
0.563169
0.563166
0.563174
0.563173
0.563188
0.563194
0.563214
0.563241
0.563249
0.563261
0.563259
0.563284
0.563296
0.563292
0.563313
0.563321
0.563316
0.563322
0.563316
0.563298
0.5633
0.563295
0.563303
0.563316
0.563316
0.563333
0.563327
0.563349
0.563383
0.563343
0.56337
0.563378
0.563374
0.563382
0.563377
0.563361
0.563363
0.563364
0.563363
0.563351
0.563343
0.563334
0.563352
0.563378
0.563372
0.563369
0.563373
0.563369
0.563358
0.563359
0.563349
0.563324
0.563313
0.563318
0.563323
0.563295
0.563302
0.563306
0.563304
0.563304
0.563313
0.563303
0.563299
0.563303
0.563298
0.5633
0.563302
0.563305
0.563305
0.563278
0.563272
0.563276
0.563289
0.563271
0.563277
0.563265
0.56326
0.563267
0.563279
0.563288
0.563251
0.563254
0.563258
0.563241
0.563244
0.563225
0.563233
0.563243
0.563253
0.563263
0.563237
0.563242
0.563235
0.563211
0.563227
0.563242
0.563233
0.563226
0.563225
0.563213
0.563219
0.563205
0.563204
0.563209
0.563184
0.563204
0.563205
0.56321
0.563218
0.563213
0.563208
0.563212
0.563231
0.563249
0.56326
0.563258
0.563247
0.563257
0.563237
0.563223
0.563239
0.56322
0.563215
0.563219
0.563215
0.563229
0.56322
0.563224
0.563212
0.563196
0.563205
0.563211
0.563234
0.563223
0.56322
0.563244
0.563235
0.563242
0.563238
0.563255
0.56326
0.563283
0.56327
0.563294
0.563296
0.563293
0.563289
0.563288
0.563265
0.563299
0.563304
0.563305
0.563316
0.56333
0.563335
0.563348
0.563336
0.563341
0.56331
0.563304
0.563288
0.563314
0.563324
0.563331
0.563378
0.56335
0.563369
0.56338
0.563375
0.563389
0.563411
0.56339
0.563381
0.563392
0.563409
0.563422
0.563437
0.563452
0.563479
0.563477
0.563495
0.56351
0.563516
0.563511
0.563497
0.563508
0.563482
0.563484
0.563497
0.563504
0.563508
0.563512
0.563547
0.563541
0.563515
0.563507
0.563498
0.563521
0.563519
0.563512
0.56351
0.563512
0.563505
0.56349
0.563477
0.563494
0.563475
0.563475
0.563498
0.563487
0.563491
0.563467
0.563487
0.563492
0.56348
0.563476
0.563467
0.563499
0.563508
0.563508
0.563527
0.563522
0.56353
0.56354
0.563539
0.563535
0.563537
0.563555
0.563565
0.563592
0.563577
0.563597
0.563604
0.563609
0.56361
0.563609
0.563617
0.56361
0.563598
0.563587
0.563585
0.563586
0.563585
0.563598
0.563602
0.563616
0.563627
0.563615
0.563644
0.563618
0.563627
0.563617
0.563624
0.563663
0.563641
0.563657
0.563671
0.563667
0.563678
0.563666
0.563675
0.56366
0.563638
0.563646
0.56364
0.563648
0.563655
0.563666
0.563653
0.563693
0.563713
0.563712
0.563703
0.563728
0.563735
0.563739
0.563742
0.563754
0.563753
0.563754
0.563744
0.563746
0.563757
0.563763
0.563764
0.563728
0.563692
0.563703
0.563704
0.563713
0.563703
0.563689
0.563691
0.563673
0.563661
0.563683
0.563671
0.563688
0.563704
0.563715
0.563719
0.563714
0.563715
0.563706
0.563696
0.563688
0.563688
0.563692
0.563695
0.563692
0.563693
0.56369
0.563686
0.56368
0.56368
0.56367
0.563665
0.563689
0.563698
0.563708
0.563693
0.563688
0.563689
0.563689
0.563697
0.563717
0.563709
0.563707
0.563703
0.56372
0.563717
0.563722
0.563736
0.563726
0.563742
0.56376
0.563782
0.563788
0.56381
0.563817
0.563831
0.563838
0.563849
0.563862
0.563884
0.563867
0.563849
0.56387
0.563858
0.56388
0.563877
0.563875
0.563885
0.563901
0.56389
0.563891
0.563884
0.563892
0.563894
0.563918
0.563927
0.563935
0.563925
0.563914
0.563891
0.563901
0.563909
0.563928
0.563933
0.563967
0.563972
0.563979
0.563974
0.563964
0.563978
0.563973
0.563969
0.563982
0.563983
0.56398
0.563973
0.56398
0.563993
0.563985
0.563976
0.563992
0.563983
0.564002
0.563997
0.563987
0.564002
0.564023
0.564023
0.564024
0.564022
0.564027
0.564037
0.564036
0.564036
0.564043
0.564046
0.564029
0.564039
0.564036
0.564047
0.564053
0.56407
0.564062
0.564085
0.564062
0.564062
0.564086
0.564095
0.564107
0.564091
0.564078
0.564084
0.564081
0.564084
0.564092
0.564087
0.564073
0.564085
0.56409
0.564078
0.564092
0.564091
0.564097
0.564091
0.564095
0.564106
0.564111
0.56411
0.564117
0.564108
0.564131
0.564131
0.564145
0.564141
0.564148
0.564154
0.564139
0.564125
0.564093
0.564102
0.564106
0.564119
0.564121
0.564118
0.56412
0.564126
0.564121
0.564133
0.564153
0.564154
0.56416
0.564165
0.564163
0.564169
0.564175
0.56419
0.564207
