0.248322
0.326087
0.379717
0.401739
0.419532
0.427107
0.421616
0.425894
0.434389
0.441701
0.448875
0.452739
0.458286
0.45759
0.460784
0.464656
0.465656
0.46715
0.469494
0.468595
0.469437
0.469122
0.469154
0.466976
0.469409
0.46998
0.47135
0.473503
0.473748
0.477507
0.478273
0.4782
0.479037
0.478881
0.482083
0.484107
0.484244
0.485893
0.487736
0.487878
0.488703
0.489348
0.487668
0.490454
0.492624
0.493103
0.494333
0.495903
0.49608
0.496625
0.497057
0.497832
0.4977
0.497651
0.49769
0.498738
0.498261
0.49764
0.497354
0.497944
0.498833
0.499464
0.501208
0.501193
0.500588
0.50029
0.499785
0.499788
0.499512
0.500344
0.499592
0.500738
0.500463
0.500914
0.501224
0.502289
0.503518
0.503842
0.504344
0.505189
0.50619
0.507065
0.50824
0.50844
0.508135
0.509213
0.509882
0.510222
0.509942
0.509914
0.511026
0.511219
0.511618
0.511616
0.511656
0.512693
0.512597
0.512798
0.512106
0.511585
0.511819
0.512477
0.512541
0.512479
0.513237
0.512759
0.513706
0.51366
0.514355
0.515443
0.515098
0.515247
0.515465
0.515517
0.51625
0.516255
0.515747
0.516928
0.51661
0.516612
0.516845
0.517172
0.517252
0.517844
0.517372
0.518062
0.517953
0.517732
0.518493
0.518552
0.518569
0.518015
0.517522
0.517512
0.517444
0.517413
0.517221
0.517284
0.517276
0.517697
0.517246
0.51757
0.517739
0.517652
0.517388
0.517357
0.517972
0.518254
0.518548
0.518605
0.518374
0.518458
0.518289
0.517828
0.517195
0.516996
0.517114
0.517077
0.517754
0.517504
0.517654
0.518009
0.517567
0.517216
0.517022
0.516951
0.516806
0.516587
0.516707
0.517106
0.517088
0.517542
0.517432
0.517552
0.517287
0.517018
0.517066
0.516947
0.517729
0.517954
0.517761
0.51769
0.517901
0.517371
0.517695
0.517835
0.518108
0.518088
0.517976
0.51792
0.51805
0.517567
0.517761
0.518455
0.518292
0.518175
0.518373
0.51843
0.518706
0.518658
0.51796
0.518012
0.518367
0.518078
0.517874
0.518272
0.518443
0.518752
0.518833
0.5191
0.519466
0.519488
0.519264
0.518917
0.518889
0.519099
0.518876
0.518982
0.519122
0.519295
0.519103
0.519042
0.519106
0.519207
0.51944
0.519231
0.519064
0.519271
0.519518
0.5193
0.519673
0.519742
0.519855
0.519701
0.519579
0.519838
0.519776
0.519491
0.519525
0.519464
0.51958
0.519758
0.519924
0.519682
0.519866
0.519577
0.519426
0.519331
0.518981
0.518611
0.518449
0.518426
0.518163
0.518072
0.518144
0.518074
0.518283
0.51832
0.518329
0.518377
0.518368
0.518257
0.51828
0.51839
0.518405
0.518428
0.518895
0.519148
0.519025
0.519017
0.518937
0.518921
0.518857
0.518949
0.519102
0.519012
0.518953
0.519326
0.519226
0.518977
0.518765
0.519032
0.519066
0.518984
0.519
0.519008
0.519222
0.51906
0.5188
0.51892
0.5193
0.519632
0.519357
0.51947
0.519326
0.519416
0.519521
0.519297
0.519414
0.519036
0.518975
0.519089
0.519012
0.518836
0.518886
0.518829
0.518817
0.518779
0.518963
0.518942
0.519137
0.519341
0.519453
0.519228
0.519057
0.518901
0.518985
0.519106
0.519036
0.518932
0.519059
0.519192
0.519068
0.519109
0.519333
0.519163
0.519446
0.519389
0.519401
0.51933
0.519328
0.519368
0.519435
0.519415
0.519603
0.519651
0.519549
0.519652
0.519557
0.519612
0.519489
0.519448
0.519456
0.51926
0.51918
0.51928
0.519465
0.51941
0.519391
0.519437
0.519386
0.51953
0.5197
0.519761
0.519655
0.519731
0.519757
0.519629
0.519579
0.519432
0.519307
0.519324
0.519579
0.519625
0.51977
0.519854
0.519801
0.519894
0.519879
0.51971
0.519968
0.520024
0.52011
0.519913
0.520083
0.520237
0.520325
0.520465
0.520668
0.520782
0.520675
0.520766
0.52071
0.520463
0.520572
0.520558
0.520582
0.520814
0.520807
0.520641
0.52058
0.520657
0.520758
0.520954
0.52101
0.520953
0.520762
0.520763
0.520919
0.520962
0.521213
0.521224
0.521376
0.521451
0.521374
0.52131
0.52134
0.521216
0.521183
0.521135
0.5211
0.521283
0.521456
0.521416
0.521376
0.52134
0.521628
0.521663
0.521697
0.521456
0.521303
0.521245
0.521136
0.521173
0.521134
0.521083
0.521093
0.521199
0.521262
0.521253
0.521467
0.521332
0.521184
0.521302
0.521119
0.521185
0.521224
0.521458
0.521533
0.52137
0.521561
0.521638
0.521442
0.521436
0.52138
0.521353
0.52139
0.521333
0.52145
0.521435
0.521313
0.521515
0.521449
0.521438
0.521378
0.521352
0.521368
0.521522
0.521664
0.521559
0.521685
0.521533
0.521495
0.521587
0.521666
0.521622
0.521623
0.52171
0.521853
0.521823
0.521725
0.521796
0.521924
0.521768
0.521705
0.521757
0.521621
0.521567
0.521729
0.52187
0.521675
0.521686
0.521614
0.521645
0.521482
0.521528
0.521465
0.521454
0.521275
0.52115
0.521241
0.521281
0.521362
0.521497
0.521619
0.521641
0.521719
0.521677
0.521853
0.521903
0.521821
0.521959
0.52208
0.52202
0.52194
0.521453
0.521261
0.521015
0.52066
0.520431
0.520229
0.520073
0.519833
0.519774
0.519542
0.519543
0.519483
0.519336
0.519279
0.519162
0.518995
0.518922
0.519035
0.518948
0.518812
0.51886
0.518751
0.518872
0.518666
0.518624
0.518755
0.518914
0.518478
0.518393
0.518595
0.5187
0.518706
0.518823
0.518916
0.518829
0.518778
0.51877
0.518754
0.518952
0.519135
0.519085
0.519045
0.519006
0.519025
0.519054
0.519098
0.518988
0.519054
0.519053
0.519066
0.519015
0.519119
0.518817
0.518854
0.518835
0.518899
0.518905
0.518778
0.518949
0.518908
0.518821
0.518721
0.518692
0.518729
0.518836
0.518777
0.518871
0.519011
0.519142
0.519078
0.519014
0.519096
0.519195
0.519025
0.519013
0.518951
0.518976
0.519111
0.519205
0.519236
0.519175
0.519057
0.518994
0.519101
0.519002
0.519123
0.519008
0.51896
0.518938
0.518989
0.518909
0.518868
0.518965
0.51895
0.518946
0.518902
0.518879
0.518854
0.51894
0.518914
0.51882
0.518767
0.518668
0.518648
0.518743
0.518753
0.518777
0.518814
0.51899
0.518917
0.518961
0.518897
0.518797
0.518828
0.518803
0.518826
0.518833
0.518852
0.518841
0.518886
0.518681
0.518669
0.518623
0.518568
0.518574
0.518649
0.518734
0.518687
0.51868
0.518739
0.518866
0.518845
0.518836
0.518722
0.518734
0.51871
0.518752
0.518896
0.518928
0.518957
0.518775
0.518704
0.518702
0.51882
0.518874
0.518961
0.518832
0.518926
0.518856
0.518713
0.518728
0.518689
0.518683
0.518576
0.518626
0.518583
0.518579
0.518737
0.518654
0.518618
0.5186
0.518616
0.518451
0.518469
0.518516
0.518502
0.518551
0.518485
0.518534
0.518367
0.518302
0.518397
0.518474
0.518424
0.518345
0.518376
0.518378
0.51833
0.518202
0.518379
0.518427
0.518503
0.518448
0.518437
0.518478
0.518439
0.518532
0.518494
0.518529
0.518494
0.518454
0.518529
0.518586
0.518598
0.518586
0.518625
0.518684
0.518697
0.518763
0.518847
0.518861
0.518899
0.519021
0.5191
0.519204
0.51922
0.519326
0.519244
0.51932
0.519355
0.519218
0.519119
0.519026
0.519061
0.518963
0.518833
0.518931
0.518883
0.518907
0.518873
0.518741
0.518855
0.518908
0.518855
0.518922
0.518868
0.518891
0.51894
0.518934
0.518883
0.518789
0.518879
0.518886
0.51884
0.518714
0.518634
0.518608
0.518598
0.518521
0.518413
0.518453
0.518543
0.518562
0.518466
0.518548
0.518575
0.518605
0.518652
0.518666
0.518579
0.518513
0.518407
0.518508
0.518521
0.518508
0.51853
0.518507
0.51846
0.518409
0.51835
0.518406
0.518399
0.518423
0.518456
0.518479
0.518457
0.518595
0.518642
0.518721
0.518805
0.518803
0.518855
0.518863
0.518919
0.518745
0.518607
0.518578
0.518628
0.518579
0.518514
0.518507
0.518496
0.518487
0.518632
0.518744
0.518726
0.518713
0.518786
0.518872
0.518891
0.518927
0.51887
0.518971
0.518911
0.518964
0.518925
0.518936
0.518985
0.519045
0.519077
0.519108
0.519069
0.519123
0.519121
0.519191
0.519228
0.519178
0.519211
0.51921
0.519371
0.519296
0.519388
0.519385
0.519392
0.519292
0.519295
0.519353
0.519455
0.519449
0.51935
0.519232
0.519194
0.519158
0.51907
0.519085
0.51899
0.519013
0.519022
0.519025
0.519072
0.519018
0.519095
0.519209
0.519174
0.519076
0.519013
0.519075
0.519126
0.519133
0.519072
0.519096
0.51905
0.519184
0.519119
0.519131
0.519062
0.519198
0.519151
0.519175
0.519146
0.519123
0.519145
0.519035
0.519105
0.519223
0.519242
0.519179
0.519068
0.51917
0.519108
0.519155
0.519215
0.519272
0.519277
0.519306
0.519356
0.519351
0.519376
0.519296
0.519343
0.519385
0.519465
0.519578
0.519597
0.519571
0.51956
0.51956
0.519525
0.519462
0.519555
0.519524
0.519495
0.519587
0.519622
0.519676
0.519683
0.519695
0.519677
0.519732
0.519712
0.519685
0.51963
0.519613
0.51971
0.519684
0.519634
0.519645
0.519535
0.519493
0.51953
0.519627
0.51968
0.519676
0.519667
0.519685
0.519651
0.519804
0.519745
0.519856
0.519852
0.519863
0.519807
0.519831
0.519873
0.519825
0.519824
0.519829
0.519812
0.519858
0.519901
0.519914
0.519988
0.520054
0.520077
0.520105
0.52008
0.520083
0.520081
0.519995
0.520034
0.52001
0.52002
0.520004
0.519967
0.519951
0.519989
0.520009
0.520073
0.52015
0.520159
0.520181
0.520156
0.520148
0.520106
0.520186
0.520189
0.520169
0.520281
0.52029
0.52026
0.520301
0.520238
0.520284
0.52028
0.520315
0.520448
0.520391
0.520504
0.520469
0.520525
0.520539
0.520535
0.520529
0.5206
0.520597
0.520672
0.520735
0.52074
0.520624
0.52058
0.520517
0.520565
0.520506
0.520562
0.520564
0.52057
0.520598
0.520565
0.520486
0.520469
0.520434
0.520445
0.520376
0.520363
0.520329
0.52028
0.520284
0.5203
0.520259
0.520238
0.520219
0.520216
0.520277
0.520281
0.520127
0.520119
0.520156
0.520234
0.520222
0.520147
0.520115
0.5201
0.520004
0.519964
0.519988
0.519987
0.520005
0.520023
0.520052
0.520013
0.520038
0.519983
0.52001
0.520081
0.52006
0.519992
0.519919
0.519954
0.519977
0.519972
0.520014
0.519958
0.519907
0.519814
0.519904
0.519968
0.519979
0.519998
0.52003
0.520098
0.520088
0.520135
0.520249
0.520268
0.520173
0.520174
0.520188
0.520161
0.520109
0.520148
0.520103
0.520097
0.52014
0.520176
0.520179
0.520195
0.520187
0.520144
0.520167
0.520202
0.520268
0.520297
0.520352
0.520259
0.52027
0.520248
0.520257
0.520223
0.520226
0.520197
0.520147
0.520087
0.520084
0.520024
0.520089
0.520063
0.52009
0.520027
0.520056
0.520077
0.52007
0.520075
0.520168
0.520187
0.520105
0.520067
0.520009
0.519957
0.519948
0.519949
0.51999
0.519972
0.519989
0.519999
0.520008
0.519997
0.519956
0.519978
0.519953
0.519997
0.5199
0.51993
0.519936
0.519983
0.519967
0.519952
0.519944
0.519928
0.519952
0.520003
0.520004
0.52004
0.519999
0.520073
0.520157
0.520139
0.520053
0.520074
0.520089
0.520084
0.520081
0.520097
0.52002
0.519964
0.519985
0.519955
0.519918
0.519953
0.519957
0.519964
0.519984
0.520057
0.520046
0.520035
0.519983
0.520029
0.52011
0.520132
0.520118
0.52007
0.520059
0.520086
0.520059
0.520103
0.520185
0.520257
0.520281
0.52027
0.520286
0.520212
0.520206
0.520193
0.520206
0.520285
0.520321
0.520403
0.520309
0.520322
0.520267
0.520273
0.520237
0.520296
0.520335
0.520361
0.520343
0.520317
0.520294
0.520328
0.520333
0.520342
0.520388
0.520449
0.520481
0.520509
0.520509
0.520546
0.520484
0.520546
0.520544
0.520517
0.520538
0.520578
0.520629
0.520597
0.520568
0.520608
0.520537
0.520523
0.52059
0.520627
0.520675
0.520734
0.52073
0.520812
0.520843
0.520883
0.520865
0.520869
0.520858
0.520884
0.520915
0.52091
0.52097
0.520964
0.520934
0.520974
0.520903
0.520862
0.520856
0.520855
0.520804
0.520808
0.520872
0.520886
0.5209
0.520951
0.520995
0.520991
0.5211
0.521086
0.521041
0.521131
0.521149
0.521152
0.521094
0.521094
0.521162
0.52119
0.521203
0.521293
0.521256
0.521258
0.521253
0.521213
0.521227
0.52127
0.52138
0.521375
0.521314
0.521358
0.521312
0.521315
0.521288
0.521243
0.521228
0.521199
0.521169
0.521164
0.521153
0.521196
0.5212
0.521203
0.521203
0.521193
0.521218
0.52112
0.521167
0.521141
0.521147
0.521152
0.521128
0.521112
0.521066
0.521094
0.521095
0.521119
0.521109
0.521155
0.521167
0.52115
0.521173
0.521198
0.521168
0.521178
0.521128
0.521088
0.521041
0.521042
0.520973
0.520912
0.520836
0.520877
0.520796
0.520821
0.520786
0.520822
0.520771
0.520753
0.52069
0.520763
0.520761
0.520753
0.520705
0.520753
0.520811
0.520877
0.520791
0.520781
0.520803
0.520804
0.520835
0.5208
0.520682
0.520638
0.520698
0.520665
0.520699
0.520726
0.52067
0.520751
0.520776
0.520792
0.520778
0.520848
0.52082
0.520821
0.520816
0.520814
0.520787
0.520793
0.520758
0.520794
0.520821
0.520826
0.520865
0.520873
0.520883
0.520846
0.520839
0.520818
0.520835
0.52073
0.520769
0.520761
0.520706
0.520671
0.520782
0.52076
0.520795
0.520821
0.520878
0.520864
0.520926
0.520931
0.520874
0.520882
0.520847
0.520881
0.520894
0.520856
0.520833
0.520813
0.52085
0.520903
0.520892
0.520907
0.520871
0.520871
0.520905
0.520917
0.520865
0.520911
0.52091
0.520936
0.520977
0.520951
0.520935
0.520955
0.520916
0.520902
0.520941
0.520911
0.521008
0.521033
0.521014
0.52104
0.52099
0.521013
0.52101
0.521047
0.521035
0.521016
0.521033
0.52099
0.520974
0.521016
0.520984
0.52099
0.521046
0.52105
0.521053
0.521082
0.521039
0.521005
0.52092
0.520932
0.520956
0.520951
0.520965
0.521
0.521025
0.52107
0.521068
0.521095
0.5211
0.521122
0.521138
0.521181
0.521174
0.521209
0.521188
0.521237
0.521268
0.521255
0.521249
0.521293
0.521328
0.521338
0.521347
0.521347
0.52136
0.521286
0.521333
0.521345
0.521346
0.52135
0.521323
0.521287
0.521273
0.521213
0.521232
0.521264
0.521298
0.521315
0.521337
0.52135
0.521335
0.521339
0.521361
0.521428
0.521432
0.521452
0.521459
0.521483
0.521465
0.52143
0.521411
0.521383
0.521301
0.521356
0.521358
0.521368
0.521356
0.521327
0.521317
0.521367
0.521332
0.52135
0.521314
0.521384
0.521424
0.521447
0.521444
0.521423
0.521425
0.521398
0.521443
0.521459
0.521456
0.521434
0.52142
0.521424
0.521478
0.521508
0.521549
0.521539
0.521508
0.521522
0.521542
0.521602
0.521612
0.521594
0.521571
0.521583
0.521571
0.52156
0.52157
0.521621
0.521621
0.52165
0.521566
0.521583
0.521562
0.521601
0.52157
0.521511
0.521537
0.521472
0.521456
0.521379
0.521391
0.521386
0.521363
0.521349
0.521384
0.521383
0.521425
0.521513
0.521459
0.521456
0.52151
0.521522
0.521575
0.521568
0.521513
0.521509
0.521541
0.521557
0.521552
0.521558
0.52149
0.521536
0.52153
0.52155
0.521551
0.521466
0.52148
0.521515
0.521492
0.521473
0.521439
0.521472
0.521481
0.521464
0.521469
0.521449
0.521425
0.521456
0.521456
0.521502
0.521458
0.521408
0.521343
0.521393
0.521408
0.521377
0.52141
0.521379
0.521395
0.521458
0.521547
0.521558
0.52161
0.521645
0.52166
0.521661
0.521685
0.521655
0.521627
0.521625
0.521645
0.521672
0.52171
0.521717
0.521713
0.521754
0.521739
0.521709
0.521725
0.521679
0.52166
0.521602
0.521619
0.521638
0.521576
0.521566
0.521563
0.521581
0.521579
0.521624
0.521614
0.521572
0.521584
0.521568
0.521579
0.521671
0.521696
0.521708
0.521704
0.521626
0.521677
0.5217
0.521667
0.521637
0.521626
0.521706
0.521669
0.521624
0.521663
0.52172
0.521679
0.521667
0.521669
0.521589
0.521613
0.521606
0.521567
0.521603
0.521579
0.52155
0.521555
0.521567
0.521569
0.521581
0.521612
0.521579
0.521638
0.521594
0.521604
0.521579
0.52163
0.521605
0.521594
0.521619
0.52162
0.521642
0.521677
0.521712
0.52174
0.521738
0.521736
0.521763
0.521817
0.521829
0.521848
0.521812
0.52174
0.521701
0.521708
0.521727
0.521769
0.521795
0.521849
0.521872
0.52183
0.521843
0.521911
0.521879
0.521852
0.521871
0.521924
0.521931
0.521923
0.521978
0.521995
0.522007
0.522028
0.522017
0.521967
0.521985
0.522031
0.521981
0.521977
0.521982
0.521905
0.521893
0.521872
0.521884
0.521858
0.521885
0.521874
0.52189
0.521879
0.521897
0.521935
0.521878
0.521868
0.521841
0.521793
0.521799
0.521786
0.521798
0.521769
0.521735
0.521758
0.521739
0.52174
0.521671
0.521683
0.521696
0.521644
0.521583
0.521588
0.521597
0.521573
0.521566
0.52159
0.521602
0.521604
0.521526
0.521522
0.521587
0.521585
0.521556
0.521591
0.521586
0.521576
0.521548
0.521554
0.5215
0.521493
0.521505
0.521508
0.521436
0.521439
0.521429
0.521425
0.521424
0.521424
0.52138
0.521435
0.521427
0.521431
0.521428
0.521418
0.521448
0.521437
0.521438
0.521454
0.521453
0.52144
0.521454
0.521432
0.521413
0.521386
0.521349
0.521363
0.52135
0.521352
0.521316
0.521319
0.521265
0.521319
0.521363
0.521356
0.52132
0.5213
0.521284
0.521293
0.521288
0.521296
0.521243
0.521248
0.521296
0.521283
0.521298
0.521316
0.521313
0.521284
0.521259
0.521264
0.52125
0.521242
0.521235
0.521255
0.521245
0.521219
0.52121
0.521219
0.521232
0.521268
0.521258
0.52122
0.521202
0.521279
0.521281
0.521244
0.521241
0.521215
0.521221
0.52118
0.521143
0.52113
0.521083
0.521073
0.521035
0.521018
0.520994
0.520989
0.521
0.520974
0.520923
0.52088
0.52089
0.520911
0.520932
0.520932
0.520971
0.520993
0.52095
0.520945
0.520953
0.520924
0.520896
0.520935
0.52092
0.520923
0.520907
0.520865
0.520839
0.520774
0.520765
0.520807
0.520779
0.52073
0.520546
0.520406
0.520328
0.520201
0.520118
0.519978
0.51989
0.519747
0.519661
0.51959
0.519536
0.519443
0.519405
0.519365
0.519256
0.519171
0.519124
0.519075
0.519065
0.519029
0.519035
0.518954
0.518859
0.518838
0.518875
0.518873
0.518879
0.518899
0.518953
0.518982
0.518959
0.518954
0.518943
0.51894
0.518922
0.518922
0.518904
0.518944
0.518912
0.518891
0.518924
0.518902
0.518879
0.518841
0.518832
0.518856
0.518887
0.518862
0.51886
0.518859
0.518882
0.518882
0.51887
0.518888
0.518894
0.518867
0.518827
0.518835
0.518875
0.518882
0.518911
0.518886
0.518911
0.518914
0.518933
0.518957
0.518961
0.518941
0.518886
0.518884
0.518943
0.518966
0.518989
0.518972
0.519025
0.519013
0.519018
0.519045
0.519076
0.519076
0.519117
0.519099
0.519055
0.519038
0.518966
0.518978
0.51899
0.519009
0.519026
0.519053
0.519049
0.519039
0.519021
0.519035
0.519006
0.519022
0.519016
0.519019
0.519062
0.519079
0.519079
0.519106
0.519084
0.519079
0.519118
0.519098
0.519101
0.519116
0.519077
0.519103
0.51911
0.519132
0.519131
0.519166
0.519174
0.519218
0.519207
0.519199
0.519228
0.519222
0.519203
0.5192
0.519181
0.519206
0.519207
0.519212
0.51922
0.519209
0.519197
0.519187
0.519211
0.519224
0.519214
0.519228
0.519231
0.519217
0.519233
0.519241
0.519247
0.519233
0.519249
0.519296
0.51931
0.51931
0.51932
0.51933
0.519343
0.519376
0.519411
0.519398
0.519441
0.519435
0.519416
0.51946
0.519444
0.519418
0.519386
0.51939
0.519404
0.519409
0.519433
0.519448
0.51948
0.519505
0.519449
0.519447
0.51944
0.519404
0.519387
0.519392
0.519433
0.519427
0.519396
0.519393
0.519349
0.519376
0.519372
0.519363
0.519387
0.519397
0.519334
0.519376
0.519393
0.519396
0.519409
0.519453
0.519442
0.519449
0.519504
0.519484
0.51949
0.519484
0.51952
0.519507
0.519478
0.519428
0.51944
0.519477
0.519488
0.519503
0.519521
0.519531
0.519558
0.519568
0.519523
0.519478
0.51949
0.51947
0.519471
0.519476
0.519469
0.519495
0.51954
0.519537
0.519573
0.51961
0.519595
0.519577
0.519582
0.51957
0.519574
0.519616
0.519621
0.519645
0.519658
0.519683
0.519661
0.519642
0.519666
0.519672
0.519644
0.519637
0.51966
0.519696
0.519704
0.519708
0.519784
0.519791
0.51979
0.519769
0.519796
0.519815
0.519857
0.519849
0.51988
0.519862
0.519839
0.519839
0.519852
0.519835
0.51975
0.519728
0.51972
0.519737
0.519747
0.519755
0.519769
0.519794
0.519796
0.519816
0.519823
0.519828
0.519842
0.519824
0.519823
0.519823
0.519822
0.519823
0.519856
0.519821
0.519825
0.519812
0.519792
0.519781
0.519815
0.519807
0.51981
0.519793
0.51981
0.519788
0.519788
0.519801
0.519797
0.519829
0.519804
0.519811
0.519788
0.519777
0.519808
0.51987
0.519839
0.519874
0.519854
0.519882
0.519848
0.519842
0.519849
0.519868
0.519881
0.51994
0.519951
0.519962
0.520014
0.520022
0.52001
0.52001
0.519997
0.519994
0.519999
0.519975
0.519975
0.520004
0.519972
0.519938
0.519989
0.520007
0.520028
0.52005
0.520013
0.52003
0.520047
0.520027
0.520051
0.520073
0.520079
0.520062
0.520047
0.520034
0.520051
0.52007
0.52005
0.520062
0.52006
0.520031
0.520032
0.519994
0.520047
0.520034
0.520049
0.520032
0.520078
0.520075
0.520052
0.520083
0.520125
0.520121
0.520128
0.520131
0.520113
0.520084
0.520072
0.520043
0.520037
0.52004
0.520084
0.520098
0.520106
0.520122
0.520138
0.520119
0.52012
0.520148
0.520108
0.520099
0.520137
0.520167
0.520153
0.520158
0.520178
0.520212
0.520206
0.520219
0.520228
0.520218
0.520252
0.520245
0.520274
0.520286
0.520284
0.520274
0.520278
0.520264
0.520307
0.520307
0.520317
0.520341
0.520359
0.520357
0.52038
0.520376
0.520335
0.520338
0.520331
0.520316
0.520306
0.52028
0.520286
0.520304
0.520302
0.520299
0.520288
0.52024
0.520236
0.520229
0.520247
0.520273
0.520223
0.52023
0.520201
0.520218
0.520233
0.520211
0.520207
0.520226
0.520221
0.520224
0.52021
0.520195
0.520199
0.520219
0.520254
0.520267
0.520297
0.5203
0.520309
0.520343
0.520369
0.520381
0.520401
0.520405
0.520395
0.520417
0.520416
0.520421
0.520426
0.52044
0.520451
0.520453
0.520424
0.52044
0.520443
0.520409
0.520406
0.52041
0.520398
0.520399
0.520396
0.520382
0.520365
0.520356
0.520393
0.520384
0.520385
0.520357
0.520371
0.520386
0.520388
0.520392
0.520392
0.520396
0.520367
0.520365
0.520373
0.520386
0.520366
0.520355
0.520366
0.520387
0.520407
0.520382
0.520361
0.520378
0.52039
0.520415
0.5204
0.520406
0.52042
0.520473
0.520489
0.520478
0.520436
0.520439
0.520458
0.520423
0.520408
0.520398
0.520392
0.520401
0.520353
0.520327
0.520335
0.520335
0.52033
0.520345
0.520347
0.520329
0.520329
0.520338
0.520335
0.520343
0.520336
0.520338
0.520337
0.520347
0.520318
0.520322
0.520325
0.520339
0.520374
0.520421
0.520448
0.520434
0.520449
0.520464
0.520451
0.520462
0.520456
0.52046
0.520446
0.520439
0.520445
0.520469
0.520466
0.520445
0.520408
0.520418
0.520439
0.520433
0.520437
0.520462
0.520445
0.520477
0.520494
0.520496
0.520529
0.520539
0.520557
0.520578
0.520601
0.520539
0.520568
0.520558
0.520552
0.520548
0.520547
0.520537
0.520553
0.520537
0.520528
0.520527
0.520576
0.520605
0.520612
0.520585
0.520555
0.520573
0.520544
0.520562
0.520565
0.520587
0.52058
0.520575
0.520557
0.520566
0.520544
0.520551
0.520545
0.520599
0.520575
0.520572
0.520561
0.520588
0.520583
0.520626
0.520629
0.520601
0.52063
0.520624
0.52062
0.520653
0.520636
0.520637
0.520629
0.520662
0.520688
0.520686
0.52069
0.520694
0.520698
0.520709
0.520706
0.520723
0.52073
0.520753
0.520751
0.520778
0.520801
0.520816
0.520858
0.520865
0.520866
0.520862
0.520862
0.520856
0.520879
0.520855
0.520853
0.520885
0.520875
0.520858
0.520847
0.520829
0.52082
0.520833
0.520826
0.520809
0.520798
0.520816
0.520795
0.520761
0.520769
0.520752
0.520787
0.520745
0.520753
0.520741
0.520736
0.520723
0.520725
0.520713
0.520725
0.52074
0.520765
0.520771
0.520794
0.520801
0.520849
0.520859
0.520857
0.52085
0.520841
0.520828
0.520766
0.520765
0.520776
0.520748
0.520751
0.52075
0.520788
0.520786
0.520789
0.520784
0.520801
0.520794
0.520792
0.520811
0.520799
0.520806
0.52082
0.520843
0.520887
0.520894
0.520879
0.520924
0.5209
0.520925
0.520912
0.520905
0.520908
0.520926
0.520944
0.520949
0.520965
0.520947
0.520923
0.520913
0.520942
0.52095
0.520922
0.520929
0.520938
0.520934
0.520939
0.520943
0.520933
0.520943
0.520928
0.520933
0.520956
0.520988
0.520986
0.520995
0.521032
0.521028
0.52102
0.521038
0.521019
0.521021
0.521023
0.521041
0.52104
0.52104
0.521041
0.521041
0.521055
0.521049
0.521053
0.521068
0.52107
0.521065
0.521056
0.521068
0.521069
0.521088
0.521124
0.521129
0.52116
0.521144
0.521166
0.521126
0.521115
0.52111
0.521121
0.521103
0.521093
0.521095
0.521151
0.521174
0.521178
0.521205
0.521226
0.521248
0.521233
0.521203
0.521179
0.521187
0.521182
0.52119
0.521196
0.521195
0.521188
0.521162
0.521179
0.521175
0.52119
0.521136
0.521154
0.521175
0.52115
0.521144
0.52114
0.521155
0.521153
0.521135
0.521163
0.521165
0.521163
0.521178
0.521144
0.521165
0.521156
0.521168
0.52116
0.521172
0.521131
0.521124
0.52113
0.521146
0.521131
0.521153
0.521171
0.521138
0.521161
0.521206
0.521219
0.521216
0.521229
0.521235
0.521223
0.521203
0.521218
0.521244
0.521246
0.52123
0.521238
0.521229
0.521211
0.521205
0.521201
0.521195
0.52119
0.521221
0.521192
0.521207
0.521201
0.521208
0.521213
0.521227
0.5212
0.521192
0.521211
0.521169
0.52118
0.521184
0.521179
0.521196
0.521184
0.521165
0.521138
0.521144
0.521116
0.521111
0.521095
0.52109
0.521088
0.521062
0.521068
0.52106
0.52106
0.521067
0.521055
0.521066
0.521079
0.521063
0.521049
0.521089
0.521107
0.521098
0.521096
0.521106
0.521098
0.521093
0.521109
0.521101
0.521121
0.521108
0.521122
0.521159
0.521149
0.521121
0.521104
0.521092
0.521104
0.521115
0.521103
0.521097
0.521102
0.521103
0.521119
0.521123
0.521106
0.521112
0.521122
0.521138
0.521134
0.521117
0.521129
0.521148
0.521166
0.521175
0.521142
0.521148
0.521111
0.521102
0.521123
0.521114
0.521125
0.521123
0.52112
0.521119
0.52114
0.521121
0.521113
0.521107
0.521083
0.521061
0.521056
0.521077
0.521052
0.521066
0.521068
0.521056
0.521064
0.521076
0.521048
0.521032
0.52105
0.521085
0.521078
0.521097
0.521092
0.521084
0.521075
0.521086
0.52108
0.521101
0.521117
0.521106
0.521114
0.521107
0.521096
0.521101
0.521116
0.521119
0.521098
0.5211
0.521121
0.521136
0.521122
0.521175
0.52119
0.521196
0.521198
0.521202
0.521248
0.521264
0.521229
0.52123
0.521221
0.521241
0.52124
0.521239
0.521232
0.52124
0.521238
0.521194
0.521204
0.521209
0.521219
0.521215
0.521201
0.521182
0.521193
0.521233
0.52125
0.521246
0.52121
0.521197
0.521188
0.52121
0.521181
0.521178
0.521207
0.521219
0.521216
0.521238
0.521232
0.521219
0.521229
0.521237
0.521264
0.521266
0.521229
0.521229
0.521213
0.52121
0.521193
0.521186
0.521217
0.521201
0.521158
0.521177
0.521215
0.521207
0.521187
0.521197
0.521196
0.521181
0.521194
0.521212
0.521212
0.521193
0.521157
0.521148
0.521129
0.521137
0.521158
0.521161
0.521183
0.521193
0.521182
0.521183
0.521167
0.521166
0.521175
0.521167
0.521161
0.521125
0.521149
0.521166
0.521159
0.52116
0.521148
0.521137
0.521141
0.521163
0.52114
0.521122
0.52111
0.521138
0.521144
0.52115
0.521141
0.521146
0.521112
0.521113
0.521107
0.521113
0.521121
0.521114
0.521124
0.521122
0.521116
0.521104
0.521132
0.52112
0.521132
0.521118
0.521114
0.521128
0.521117
