0.5625
0.568182
0.579208
0.581325
0.581972
0.58224
0.582245
0.57585
0.575975
0.577771
0.575639
0.579341
0.581517
0.581334
0.579889
0.579587
0.577774
0.578187
0.577451
0.577578
0.577533
0.576885
0.577763
0.578752
0.578882
0.578186
0.576534
0.576375
0.576133
0.575382
0.575821
0.576358
0.576815
0.576418
0.577242
0.575443
0.574622
0.574723
0.574473
0.575102
0.57472
0.574267
0.575339
0.574362
0.574719
0.574472
0.574311
0.573785
0.572953
0.572773
0.573199
0.572585
0.572595
0.573539
0.572934
0.572626
0.573358
0.573368
0.573499
0.573099
0.573645
0.57414
0.574236
0.574065
0.573477
0.573063
0.573136
0.57323
0.574238
0.574031
0.57379
0.573855
0.573838
0.573619
0.573444
0.573296
0.572968
0.572875
0.573487
0.573548
0.573338
0.572993
0.572774
0.572982
0.572554
0.572731
0.572434
0.572372
0.57256
0.572431
0.572001
0.572087
0.571984
0.571776
0.571852
0.571788
0.572043
0.572042
0.572424
0.572435
0.572491
0.572455
0.572127
0.572108
0.572195
0.572275
0.572081
0.571744
0.57164
0.571244
0.571337
0.571271
0.571323
0.571595
0.572117
0.572122
0.572238
0.571946
0.572083
0.571904
0.571908
0.571882
0.572109
0.572257
0.572476
0.572769
0.57249
0.572123
0.572128
0.572027
0.572163
0.571964
0.571877
0.572105
0.572332
0.572494
0.572219
0.572185
0.57231
0.572203
0.572059
0.571983
0.571797
0.571637
0.571572
0.571535
0.571567
0.571396
0.571408
0.571178
0.570937
0.570995
0.571142
0.571139
0.570946
0.570972
0.570705
0.570533
0.570759
0.570724
0.570885
0.5707
0.570908
0.570846
0.570836
0.571074
0.571235
0.571331
0.57135
0.571228
0.571162
0.571099
0.571012
0.571126
0.571166
0.571142
0.571034
0.571026
0.571038
0.570832
0.570742
0.570833
0.570798
0.570832
0.570941
0.571029
0.571102
0.570814
0.571141
0.571186
0.571014
0.571048
0.571096
0.57118
0.571231
0.571311
0.571159
0.571181
0.571164
0.57146
0.571352
0.571262
0.571237
0.571134
0.570978
0.571018
0.571069
0.571222
0.571285
0.571264
0.571192
0.570961
0.571277
0.571255
0.571422
0.571361
0.571011
0.570716
0.570881
0.570968
0.570747
0.570597
0.570547
0.570559
0.570435
0.570195
0.570112
0.570417
0.570148
0.570167
0.570191
0.57025
0.57017
0.570161
0.570137
0.569984
0.569815
0.569806
0.569876
0.569918
0.569922
0.569888
0.570038
0.570185
0.570213
0.570196
0.570309
0.570405
0.570368
0.570257
0.570324
0.570248
0.570135
0.570093
0.570257
0.570134
0.57033
0.570442
0.570487
0.570531
0.570423
0.570439
0.570374
0.570421
0.570353
0.570197
0.570338
0.570294
0.570359
0.570284
0.570301
0.570336
0.570352
0.570495
0.570469
0.570347
0.570325
0.570079
0.570011
0.570043
0.569922
0.56988
0.569718
0.569842
0.56968
0.569857
0.569912
0.569914
0.56993
0.57009
0.570091
0.569938
0.570146
0.570017
0.57012
0.570214
0.57038
0.570418
0.570373
0.570391
0.570331
0.570402
0.570435
0.57042
0.570439
0.570324
0.570342
0.570215
0.57023
0.570246
0.570229
0.570254
0.570293
0.570296
0.570246
0.570109
0.570072
0.570199
0.570298
0.570252
0.570265
0.570259
0.570285
0.570427
0.5704
0.570508
0.570558
0.570499
0.57053
0.570374
0.570186
0.570145
0.570192
0.570128
0.570108
0.570193
0.570098
0.570091
0.57017
0.570292
0.57032
0.570234
0.570162
0.570275
0.570078
0.569991
0.569883
0.569943
0.569877
0.569859
0.569773
0.569765
0.569778
0.569785
0.569733
0.569634
0.56973
0.569615
0.569515
0.569485
0.569477
0.569514
0.569587
0.56953
0.569499
0.569527
0.569466
0.569586
0.569616
0.569604
0.569574
0.569592
0.569603
0.569523
0.569505
0.569454
0.569355
0.569435
0.569396
0.56939
0.569453
0.569453
0.56961
0.569737
0.569854
0.569817
0.569921
0.56996
0.569927
0.569917
0.569926
0.569922
0.569874
0.569984
0.570026
0.570092
0.570133
0.570128
0.570255
0.570172
0.57006
0.570075
0.570137
0.570073
0.570096
0.570008
0.570071
0.570158
0.570267
0.570323
0.570321
0.570279
0.570208
0.570241
0.570293
0.570235
0.570262
0.570294
0.570322
0.570214
0.570195
0.570146
0.570112
0.570141
0.570159
0.570183
0.570193
0.570241
0.570287
0.570387
0.570291
0.570305
0.570321
0.570206
0.570227
0.570439
0.570515
0.570541
0.570488
0.570392
0.570485
0.570409
0.570445
0.570365
0.570486
0.570414
0.570339
0.570261
0.570194
0.570189
0.570142
0.570162
0.570114
0.570012
0.570049
0.569972
0.569989
0.56995
0.570044
0.570026
0.569932
0.569944
0.569881
0.569915
0.569955
0.569956
0.569894
0.569883
0.569781
0.569783
0.569769
0.569835
0.569875
0.569912
0.569893
0.569936
0.569998
0.57002
0.570061
0.570081
0.570077
0.570089
0.570061
0.57
0.570044
0.570032
0.570042
0.570016
0.570009
0.570192
0.570211
0.570197
0.570147
0.570232
0.570877
0.571547
0.572247
0.572894
0.573561
0.574244
0.574922
0.575506
0.576198
0.576922
0.576809
0.576807
0.576651
0.57664
0.576546
0.576465
0.576455
0.576404
0.576318
0.576277
0.576407
0.576355
0.576354
0.57639
0.576306
0.576353
0.576306
0.576267
0.576249
0.576284
0.576266
0.576209
0.576132
0.57604
0.575943
0.575925
0.576055
0.576146
0.576213
0.576183
0.576214
0.576254
0.576266
0.576241
0.576291
0.576199
0.576196
0.576142
0.576117
0.576099
0.575989
0.575879
0.575781
0.575754
0.575739
0.5757
0.575594
0.575582
0.575611
0.57554
0.575566
0.575482
0.575443
0.575329
0.575323
0.575277
0.575274
0.575203
0.575225
0.57511
0.575088
0.575103
0.575115
0.575095
0.575017
0.575012
0.575052
0.575107
0.575041
0.575112
0.575147
0.575128
0.575158
0.575248
0.575165
0.575148
0.575143
0.575199
0.57529
0.575322
0.575301
0.575342
0.575447
0.57547
0.575433
0.575438
0.575441
0.575485
0.575487
0.575482
0.575407
0.575409
0.57533
0.575316
0.575255
0.575216
0.575237
0.575248
0.575236
0.575186
0.575166
0.575156
0.575109
0.575109
0.575137
0.57519
0.575182
0.57519
0.575147
0.575158
0.575195
0.575124
0.575131
0.575159
0.575171
0.575142
0.575165
0.575143
0.575051
0.575153
0.575199
0.575139
0.575095
0.575189
0.575186
0.57523
0.575184
0.575102
0.574999
0.57503
0.574966
0.574937
0.574937
0.574951
0.574956
0.574873
0.574823
0.574756
0.574756
0.57481
0.574838
0.574876
0.574801
0.574799
0.574704
0.574723
0.574645
0.574634
0.574537
0.574539
0.574412
0.574433
0.574477
0.574404
0.574494
0.57447
0.574438
0.574491
0.57446
0.574398
0.574408
0.574373
0.574416
0.574443
0.574469
0.574487
0.574443
0.574448
0.574467
0.574382
0.574336
0.574323
0.574372
0.574352
0.574321
0.57436
0.574398
0.574443
0.574434
0.574444
0.574439
0.574388
0.574328
0.574299
0.574347
0.574402
0.57441
0.574353
0.574324
0.574218
0.574218
0.574237
0.574213
0.574196
0.5742
0.574248
0.57428
0.574291
0.574281
0.574358
0.574305
0.57431
0.574324
0.574257
0.574245
0.574221
0.574135
0.574038
0.574096
0.574196
0.574265
0.574254
0.574153
0.574201
0.574177
0.574156
0.574061
0.574086
0.57403
0.574072
0.574138
0.574138
0.574191
0.574153
0.574177
0.574139
0.57414
0.574136
0.574054
0.574116
0.574132
0.57415
0.574137
0.574104
0.574099
0.574126
0.574139
0.574066
0.574025
0.573966
0.573976
0.57396
0.573933
0.573867
0.573871
0.573829
0.573907
0.573861
0.573912
0.574001
0.574044
0.574001
0.573941
0.573983
0.574001
0.574006
0.574006
0.573983
0.573961
0.574028
0.573981
0.574017
0.573967
0.573948
0.57391
0.573916
0.573932
0.573964
0.573944
0.573912
0.57392
0.573974
0.573972
0.573982
0.574001
0.574004
0.574039
0.574059
0.574045
0.574022
0.573978
0.573966
0.573947
0.573943
0.573961
0.574011
0.574032
0.574041
0.574053
0.574091
0.574047
0.574065
0.574023
0.574011
0.574008
0.574015
0.573932
0.573922
0.573949
0.573956
0.57393
0.573999
0.573912
0.573885
0.573863
0.573854
0.57389
0.573911
0.573886
0.573887
0.57388
0.573828
0.573833
0.573832
0.573884
0.573884
0.573924
0.573971
0.573962
0.573941
0.573987
0.573955
0.573936
0.573937
0.57393
0.573946
0.573961
0.573953
0.573894
0.573974
0.573994
0.574065
0.57408
0.574089
0.574103
0.574117
0.574092
0.574122
0.574165
0.574199
0.57419
0.574166
0.574171
0.574091
0.574104
0.574088
0.574049
0.574119
0.574155
0.574169
0.574211
0.574182
0.574176
0.574176
0.574119
0.574106
0.574126
0.574104
0.574024
0.574048
0.574075
0.574042
0.574091
0.57401
0.573951
0.573893
0.573884
0.573921
0.573875
0.573872
0.573868
0.573885
0.57385
0.573813
0.573794
0.57379
0.573835
0.573811
0.573824
0.573845
0.573834
0.573834
0.57383
0.573833
0.573832
0.573809
0.573805
0.573824
0.573792
0.573767
0.57371
0.573749
0.573797
0.573768
0.573788
0.573822
0.573822
0.573849
0.573899
0.573888
0.573895
0.57385
0.573815
0.573872
0.573844
0.573814
0.573804
0.573804
0.573759
0.573732
0.573723
0.573677
0.57367
0.573635
0.573648
0.573695
0.573761
0.573753
0.57375
0.573752
0.57372
0.573714
0.573735
0.573762
0.573762
0.573811
0.573798
0.573778
0.573834
0.573815
0.573739
0.573706
0.573702
0.573735
0.573721
0.573652
0.573649
0.573681
0.573653
0.573657
0.573676
0.573659
0.573635
0.573616
0.57362
0.573645
0.573616
0.573647
0.573667
0.573642
0.573663
0.573618
0.573633
0.573644
0.573607
0.573673
0.573654
0.573651
0.573701
0.573707
0.573693
0.573682
0.573675
0.573697
0.573729
0.573715
0.573734
0.573779
0.573813
0.573799
0.573791
0.573794
0.57381
0.573825
0.573817
0.573819
0.573825
0.57379
0.573795
0.573799
0.573782
0.573754
0.57375
0.573705
0.573733
0.573716
0.573659
0.573668
0.573691
0.573702
0.573722
0.573716
0.573693
0.573705
0.573716
0.57372
0.573672
0.573693
0.573714
0.573733
0.573782
0.573766
0.573723
0.573717
0.573673
0.573654
0.573675
0.573633
0.573613
0.573624
0.573615
0.573621
0.573602
0.573589
0.573577
0.573581
0.573567
0.573557
0.573553
0.573558
0.573587
0.573595
0.573631
0.573667
0.573667
0.57365
0.573601
0.573644
0.573621
0.573643
0.573631
0.573637
0.573593
0.573591
0.573576
0.573564
0.57358
0.573557
0.573571
0.573542
0.573525
0.573535
0.573529
0.573548
0.573566
0.573582
0.573593
0.573553
0.57356
0.573596
0.5736
0.573585
0.573559
0.57358
0.573574
0.57359
0.573594
0.573617
0.573595
0.573637
0.573624
0.573595
0.573592
0.573579
0.57356
0.573589
0.5736
0.573583
0.573564
0.573556
0.573581
0.573603
0.573631
0.573647
0.573698
0.573645
0.573625
0.573665
0.573594
0.573598
0.57359
0.573512
0.573498
0.573475
0.573425
0.573444
0.573425
0.573455
0.57348
0.573473
0.573457
0.57343
0.573429
0.573421
0.573423
0.573371
0.573376
0.573401
0.573366
0.573311
0.57331
0.573299
0.573338
0.57333
0.573336
0.573367
0.573374
0.573386
0.57339
0.573355
0.573352
0.573368
0.573304
0.573335
0.573308
0.573253
0.573251
0.573206
0.573182
0.573183
0.573178
0.573166
0.573182
0.573157
0.573107
0.573094
0.573065
0.573042
0.573013
0.572987
0.572993
0.573002
0.573012
0.573031
0.573004
0.572989
0.572976
0.572981
0.572979
0.57295
0.572958
0.572921
0.572912
0.572958
0.572943
0.572909
0.572912
0.572936
0.572946
0.572955
0.572961
0.572945
0.572913
0.572938
0.572937
0.57293
0.572957
0.572955
0.572931
0.572968
0.57295
0.57298
0.572995
0.573027
0.573002
0.572972
0.573004
0.572996
0.573
0.572988
0.572986
0.57297
0.572983
0.572956
0.572954
0.572945
0.572924
0.572892
0.572925
0.572883
0.572891
0.572868
0.572871
0.572884
0.572887
0.572875
0.572828
0.572855
0.572834
0.57284
0.572865
0.572843
0.572861
0.572869
0.572862
0.572847
0.572901
0.572877
0.572856
0.572906
0.572915
0.572931
0.572916
0.572868
0.572881
0.572881
0.572828
0.572849
0.572814
0.572844
0.572848
0.572856
0.572845
0.572891
0.572903
0.572903
0.5729
0.572924
0.57291
0.572894
0.57291
0.572864
0.572861
0.572873
0.572882
0.572861
0.572852
0.572875
0.572883
0.572889
0.572878
0.572871
0.572875
0.572873
0.572883
0.572858
0.572887
0.572865
0.572856
0.572879
0.572914
0.572964
0.572956
0.572961
0.573001
0.573007
0.573003
0.573015
0.573008
0.573016
0.572996
0.573008
0.572993
0.572993
0.572986
0.573012
0.572987
0.572966
0.572949
0.572957
0.572924
0.572902
0.572895
0.572875
0.572835
0.572818
0.572753
0.572765
0.572728
0.572726
0.572701
0.572705
0.572689
0.572712
0.572696
0.572702
0.572724
0.572719
0.572744
0.572743
0.572749
0.57275
0.572792
0.572777
0.572778
0.572778
0.572774
0.572761
0.572814
0.572846
0.572841
0.572805
0.572813
0.572812
0.57283
0.572828
0.572859
0.572843
0.572834
0.57286
0.572886
0.5729
0.572909
0.572897
0.572917
0.572906
0.572923
0.572917
0.572887
0.572897
0.572894
0.572889
0.572892
0.57292
0.572889
0.572897
0.572894
0.572897
0.572862
0.572848
0.572872
0.572849
0.572826
0.57283
0.572841
0.572852
0.572864
0.572871
0.57289
0.572887
0.572883
0.572885
0.572853
0.572875
0.572867
0.572866
0.572852
0.572847
0.57288
0.572927
0.572889
0.572862
0.572873
0.572885
0.572923
0.572944
0.572929
0.572973
0.572956
0.572938
0.572932
0.572949
0.572972
0.57301
0.573022
0.573034
0.573061
0.573033
0.573028
0.573037
0.573046
0.573062
0.573057
0.573037
0.573046
0.573036
0.573038
0.573024
0.573018
0.573044
0.573033
0.573022
0.572978
0.572969
0.572982
0.572939
0.572929
0.57292
0.572922
0.572944
0.57291
0.572931
0.57289
0.572871
0.572855
0.57287
0.572858
0.572857
0.572835
0.572833
0.572837
0.572835
0.572858
0.572866
0.572873
0.572895
0.572901
0.572913
0.572877
0.572864
0.57285
0.572857
0.572839
0.572863
0.57287
0.572891
0.57288
0.572874
0.57287
0.572872
0.572852
0.57287
0.572876
0.572907
0.572915
0.572886
0.572857
0.572886
0.572833
0.572821
0.572802
0.572783
0.572752
0.572743
0.572753
0.572747
0.572722
0.572717
0.572695
0.572684
0.572682
0.572698
0.572716
0.572723
0.572719
0.572687
0.572692
0.572687
0.572696
0.57271
0.572723
0.572742
0.572707
0.572688
0.572682
0.572683
0.57268
0.572665
0.572655
0.572634
0.572646
0.572629
0.572648
0.572671
0.572624
0.572616
0.572597
0.572626
0.572636
0.57267
0.572643
0.572678
0.572667
0.572682
0.572697
0.572651
0.572676
0.572679
0.572689
0.572729
0.572714
0.572754
0.572776
0.572754
0.572738
0.572735
0.572729
0.572727
0.572702
0.572704
0.572683
0.572679
0.572678
0.57267
0.572655
0.572661
0.57269
0.572712
0.572715
0.572714
0.572715
0.572729
0.572725
0.572714
0.572677
0.572654
0.572672
0.572672
0.572682
0.572695
0.572737
0.572704
0.572683
0.57268
0.572646
0.572659
0.572646
0.572642
0.572659
0.572676
0.572676
0.572658
0.572645
0.572632
0.572651
0.572637
0.572641
0.572619
0.572596
0.572596
0.572574
0.572601
0.572575
0.572566
0.572538
0.572553
0.572529
0.57249
0.572467
0.572473
0.572478
0.572482
0.572487
0.57249
0.572518
0.572556
0.572537
0.572545
0.572552
0.572526
0.572532
0.572512
0.572519
0.572538
0.57251
0.5725
0.572483
0.572496
0.572494
0.572507
0.572491
0.572484
0.572473
0.572465
0.572474
0.572458
0.572452
0.57244
0.572433
0.572403
0.572393
0.572383
0.572319
0.572307
0.572285
0.572266
0.57225
0.572259
0.572237
0.572224
0.572181
0.572192
0.57219
0.572201
0.572185
0.572186
0.572198
0.572204
0.572208
0.572165
0.572163
0.572174
0.572155
0.57217
0.57218
0.572193
0.572204
0.572193
0.57217
0.572169
0.572167
0.572175
0.572187
0.572206
0.572212
0.572196
0.572221
0.572204
0.572192
0.572213
0.572222
0.572202
0.572183
0.572181
0.572201
0.572188
0.5722
0.572206
0.572181
0.572196
0.572192
0.572208
0.572197
0.572177
0.572178
0.57218
0.572155
0.572148
0.572148
0.57215
0.572172
0.572182
0.572167
0.572176
0.572185
0.572144
0.572148
0.572171
0.572213
0.572203
0.57217
0.572172
0.572197
0.572186
0.572178
0.572171
0.572164
0.572175
0.572148
0.572161
0.572134
0.572113
0.572079
0.572058
0.572026
0.571999
0.571972
0.571968
0.57196
0.571942
0.571934
0.571941
0.571941
0.571944
0.571945
0.571947
0.571948
0.571946
0.571923
0.57191
0.571903
0.571902
0.571903
0.571884
0.571879
0.571884
0.571868
0.571868
0.571874
0.571856
0.571847
0.571846
0.571848
0.571852
0.571867
0.571921
0.571925
0.571919
0.571932
0.571965
0.571976
0.572011
0.572019
0.572033
0.572033
0.572027
0.57202
0.572028
0.572038
0.572053
0.572054
0.572056
0.572061
0.572054
0.57205
0.572054
0.572043
0.572018
0.572029
0.572038
0.572028
0.572004
0.572011
0.571999
0.572041
0.572039
0.572067
0.572037
0.572006
0.572019
0.571994
0.572002
0.571986
0.571962
0.571956
0.571949
0.571974
0.571955
0.571963
0.571983
0.57199
0.571974
0.571984
0.571947
0.571951
0.571939
0.571937
0.571938
0.571933
0.571927
0.571927
0.571935
0.571921
0.571898
0.571907
0.571892
0.571928
0.571912
0.571899
0.571906
0.57191
0.571904
0.571909
0.57189
0.571862
0.571858
0.571852
0.571861
0.571872
0.57187
0.571859
0.571876
0.571877
0.571874
0.571888
0.571918
0.571914
0.571894
0.571895
0.571901
0.571923
0.571938
0.571898
0.571893
0.571901
0.571899
0.571878
0.571879
0.57187
0.571846
0.571836
0.571848
0.57185
0.571839
0.571831
0.571846
0.571833
0.571833
0.571817
0.571805
0.571833
0.571829
0.571804
0.5718
0.571798
0.571816
0.571834
0.571847
0.571853
0.571846
0.571849
0.571857
0.571849
0.571873
0.571881
0.572134
0.572328
0.572541
0.572752
0.572962
0.573189
0.5734
0.573624
0.573849
0.574052
0.574065
0.574048
0.574029
0.573987
0.573979
0.573965
0.573962
0.573926
0.573888
0.573865
0.573885
0.573893
0.573892
0.57413
0.574364
0.574599
0.57483
0.575056
0.575281
0.575524
0.575765
0.576009
0.576242
0.576203
0.5762
0.57618
0.576152
0.576131
0.576134
0.576104
0.576084
0.576064
0.576065
0.576055
0.576055
0.576041
0.576027
0.576035
0.576029
0.576017
0.576026
0.576013
0.576015
0.576021
0.576013
0.575989
0.576008
0.575995
0.575963
0.575979
0.575972
0.575963
0.575962
0.575943
0.575949
0.575953
0.575961
0.575965
0.575981
0.576005
0.575996
0.576005
0.575995
0.575999
0.575996
0.576014
0.576022
0.576023
0.576025
0.576015
0.575998
0.575987
0.575972
0.57597
0.575962
0.575942
0.575927
0.575928
0.575932
0.575912
0.575917
0.575922
0.57589
0.575881
0.575869
0.575852
0.575852
0.575854
0.575848
0.575855
0.575844
0.575819
0.575835
0.57583
0.575832
0.575834
0.575816
0.575801
0.575774
0.575765
0.575748
0.575735
0.575743
0.575739
0.575732
0.575737
0.575728
0.575736
0.575735
0.575737
0.575754
0.575734
0.57573
0.575729
0.575733
0.57573
0.575714
0.57571
0.575705
0.575683
0.575667
0.575652
0.575632
0.575636
0.575632
0.575634
0.575656
0.575658
0.575658
0.575629
0.575639
0.575619
0.575606
0.575571
0.575578
0.575572
0.575561
0.575553
0.575574
0.575577
0.575563
0.57559
0.575574
0.575551
0.575532
0.575536
0.575527
0.575521
0.575517
0.575544
0.575541
0.575547
0.575523
0.575518
0.575522
0.575526
0.57553
0.575532
0.575538
0.575538
0.575537
0.57553
0.575544
0.575546
0.575543
0.575531
0.575527
0.575552
0.575516
0.575523
0.575533
0.575526
0.575522
0.575512
0.575493
0.575482
0.575461
0.575434
0.575429
0.575412
0.575403
0.575383
0.575386
0.575392
0.575393
0.575374
0.575381
0.575374
0.575372
0.575359
0.575351
0.575341
0.575323
0.575299
0.575278
0.575284
0.575279
0.575271
0.575261
0.575245
0.575239
0.57522
0.575197
0.57518
0.575171
0.575163
0.575181
0.575166
0.575151
0.575123
0.575103
0.575084
0.575083
0.575072
0.575049
0.57503
0.575006
0.575003
0.575003
0.574956
0.574947
0.57492
0.574927
0.574921
0.574923
0.574919
0.574914
0.574911
0.574896
0.574911
0.57491
0.574902
0.574897
0.574913
0.574909
0.574884
0.574871
0.574862
0.574867
0.57488
0.574882
0.574858
0.574826
0.574789
0.574804
0.574807
0.574807
0.5748
0.574802
0.574816
0.574807
0.574804
0.574829
0.574818
0.574812
0.574797
0.574778
0.574785
0.574778
0.574787
0.574751
0.574716
0.574681
0.574666
0.574655
0.574666
0.574677
0.574677
0.574651
0.574643
0.574651
0.574654
0.57463
0.574624
0.574611
0.574617
0.574612
0.574626
0.574616
0.574622
0.574597
0.574613
0.574599
0.574586
0.574552
0.574536
0.574544
0.57453
0.574518
0.574492
0.574514
0.574497
0.5745
0.574499
0.574484
0.574482
0.574481
0.574478
0.574465
0.574473
0.574467
0.574448
0.57444
0.574428
0.574428
0.57443
0.574426
0.574433
0.574423
0.57439
0.574375
0.574349
0.574357
0.574355
0.574374
0.574384
0.574389
0.574387
0.574408
0.574416
0.574428
0.574416
0.574403
0.574383
0.574366
0.574352
0.574337
0.574313
0.574277
0.574251
0.574223
0.574174
0.574146
0.574138
0.574139
0.574132
0.574123
0.574126
0.574108
0.574098
0.574106
0.574095
0.574118
0.574101
0.574084
0.574109
0.57412
0.574098
0.574117
0.574092
0.574095
0.574092
0.574089
0.574088
0.574079
0.574096
0.574074
0.574062
0.574074
0.574076
0.574053
0.574067
0.574059
0.574049
0.574045
0.574034
0.574031
0.574039
0.574027
0.574049
0.574039
0.57404
0.574043
0.574058
0.574068
0.574074
0.574072
0.57406
0.574056
0.574062
0.574053
0.574059
0.574064
0.57408
0.574085
0.574094
0.57411
0.574124
0.574127
0.574119
0.57411
0.574107
0.574098
0.57411
0.574105
0.574091
0.574097
0.574097
0.574075
0.57407
0.574093
0.574102
0.574138
0.574143
0.574143
0.574131
0.574137
0.574102
0.574094
0.574084
0.574072
0.574068
0.574083
0.574059
0.574075
0.574055
0.574058
0.574052
0.574058
0.574062
0.574031
0.574009
0.573989
0.573964
0.573969
0.573956
0.573938
0.573932
0.573917
0.57392
0.573912
0.573906
0.573888
0.573929
0.573912
0.573952
0.573948
0.573937
0.573917
0.57391
0.573898
0.573912
0.573928
0.573907
0.5739
0.573863
0.57387
0.573869
0.573879
0.573877
0.573848
0.57384
0.573833
0.573848
0.573841
0.57384
0.573839
0.573834
0.573826
0.573811
0.573816
0.573809
0.573803
0.573781
0.573785
0.573764
0.573772
0.573771
0.573771
0.573751
0.573748
0.573746
0.573744
0.57375
0.573727
0.573712
0.573706
0.573703
0.573692
0.573676
0.573651
0.573641
0.573637
0.573652
0.573647
0.573611
0.573601
0.573575
0.573582
0.573565
0.573551
0.573535
0.573527
0.573508
0.573512
0.5735
0.573505
0.57349
0.573495
0.573504
0.573508
0.573524
0.57354
0.573523
0.573516
0.573507
0.573477
0.573468
0.573479
0.573495
0.573494
0.573493
0.573514
0.573496
0.573494
0.573517
0.573508
0.573507
0.5735
0.573505
0.573509
0.573511
0.573515
0.573518
0.573536
0.573521
0.57352
0.573514
0.573506
0.573505
0.573496
0.573487
0.573457
0.573439
0.573431
0.573437
0.57343
0.573424
0.573419
0.573432
0.573436
0.573435
0.573417
0.573417
0.573421
0.573408
0.573415
0.573409
0.573401
0.573391
0.573375
0.573363
0.573372
0.573374
0.573365
0.573375
0.573378
0.573384
0.573386
0.573399
0.573384
0.573385
0.573388
0.573385
0.573398
0.573384
0.573347
0.573361
0.573361
0.573371
0.573354
0.573364
0.573359
0.573359
0.573344
0.573343
0.573339
0.573323
0.573318
0.573335
0.573344
0.57335
0.573351
0.573332
0.573313
0.573311
0.573297
0.573308
0.573317
0.573313
0.573294
0.573272
0.573267
0.573257
0.573255
0.573259
0.573257
0.57327
0.573279
0.573283
0.57328
0.573278
0.573275
0.57327
0.573271
0.573255
0.573271
0.573251
0.573279
0.573259
0.573245
0.573223
0.573222
0.573228
0.573221
0.573225
0.573215
0.5732
0.573203
0.573216
0.573223
0.573219
0.573255
0.573252
0.573257
0.573272
0.573277
0.573291
0.573291
0.57331
0.573323
0.573318
0.57332
0.573304
0.573292
0.573299
0.573311
0.573304
0.573308
0.573295
0.573283
0.573264
0.573266
0.57324
0.573219
0.573214
0.573194
0.573199
0.573179
0.57319
0.573183
0.57319
0.573191
0.573204
0.573191
0.573196
0.573189
0.573187
0.573177
0.573166
0.573176
0.57318
0.57318
0.573154
0.573164
0.573161
0.573153
0.573148
0.573138
0.57315
0.573156
0.573164
0.573176
0.573165
0.573156
0.573144
0.573155
0.573152
0.573159
0.573158
0.573158
0.573139
0.573138
0.573141
0.573159
0.57317
0.573192
0.573182
0.57319
0.573197
0.573199
0.573211
0.573196
0.573207
0.573193
0.573182
0.573183
0.573185
0.573185
0.573194
0.573193
0.573184
0.573188
0.573181
0.57318
0.57316
0.573149
0.573144
0.573118
0.573114
0.573105
0.573106
0.573101
0.573104
0.573105
0.57311
0.573108
0.573099
0.573112
0.573102
0.573096
0.573096
0.573079
0.573078
0.573057
0.573049
0.57306
0.573066
0.573079
0.573079
0.573064
0.573068
0.573077
0.573071
0.573076
0.573074
0.573057
0.573059
0.573063
0.573065
0.573046
0.573043
0.57305
0.57305
0.573071
0.573081
0.573091
0.573092
0.573103
0.573097
0.573113
0.573111
0.573113
0.573103
0.573099
0.573083
0.57309
0.573099
0.573095
0.573088
0.57308
0.573084
0.573061
0.573068
0.573076
0.57308
0.57307
0.573076
0.57309
0.573088
0.573097
0.573086
0.573105
0.5731
0.573102
0.573101
0.573101
0.573092
0.573081
0.573066
0.57306
0.573066
0.573055
0.57306
0.573061
0.573056
0.573067
0.573071
0.573064
0.573038
0.573026
0.573031
0.573009
0.573006
0.573008
0.572997
0.572985
0.572992
0.573003
0.572976
0.572966
0.572954
0.57296
0.57295
0.572938
0.572943
0.57294
0.572929
0.572914
0.572924
0.572936
0.572931
0.572938
0.572942
0.572943
0.572929
0.572935
0.572967
0.572965
0.572969
0.572952
0.572971
0.572953
0.572955
0.572944
0.572932
0.572941
0.572947
0.572961
0.572953
0.572943
0.572949
0.57295
0.572947
0.572922
0.572919
0.572909
0.572893
0.57292
0.572917
0.572915
0.5729
0.572889
0.572888
0.572891
0.572889
0.572885
0.572877
0.572877
0.572877
0.572864
0.572852
0.572836
0.572816
0.572808
0.572806
0.572803
0.572797
0.572815
0.57281
0.572822
0.572839
0.57283
0.572817
0.572815
0.5728
0.572808
0.572791
0.572792
0.572775
0.572773
0.572786
0.572792
0.572784
0.572804
0.572807
0.572813
0.572792
0.572786
0.572789
0.572777
0.572777
0.572783
0.572776
0.572769
0.572758
0.572749
0.572733
0.572723
0.572716
0.572714
0.572703
0.572711
0.572683
0.572676
0.572679
0.572668
0.572672
0.572676
0.57267
0.57267
0.572658
0.572644
0.572631
0.572634
0.572644
0.572651
0.572656
0.572645
0.572644
0.572656
0.572639
0.572635
0.572641
0.57264
0.572633
0.572638
0.572659
0.572662
0.572671
0.572682
0.572694
0.572696
0.572689
0.572681
0.572676
0.572681
0.572682
0.572682
0.572676
0.572673
0.572692
0.572676
0.572673
0.572663
0.572647
0.572656
0.572653
0.572648
0.572667
0.572682
0.572701
0.572716
0.572717
0.572707
0.572725
0.572724
0.572716
0.572718
0.572715
0.572724
0.57273
0.572731
0.572722
0.57271
0.572705
0.572704
0.572688
0.572684
0.572692
0.572691
0.572706
0.572711
0.572688
0.572667
0.572675
0.572673
0.572676
0.572677
0.572676
0.572685
0.572687
0.57269
0.572674
0.572676
0.572673
0.572657
0.572656
0.572666
0.572675
0.572694
0.572708
0.572717
0.572717
0.57271
0.572705
0.572722
0.572717
0.572709
0.572707
0.572702
0.572703
0.572701
0.572695
0.572696
0.572697
0.572698
0.572695
0.572681
0.572686
0.572682
0.572687
0.572697
0.572693
0.572683
0.57268
0.572686
0.572688
0.572673
0.572678
0.572682
0.572673
