0.345679
0.317647
0.27758
0.284916
0.268623
0.262774
0.261006
0.267229
0.271941
0.274033
0.269777
0.280303
0.282258
0.284635
0.283773
0.286478
0.287373
0.288408
0.29136
0.289726
0.291286
0.293184
0.293718
0.295767
0.295238
0.295082
0.29637
0.298757
0.300183
0.300534
0.300174
0.301486
0.300331
0.299435
0.299328
0.296995
0.298794
0.297935
0.298929
0.301012
0.299898
0.300599
0.299349
0.299616
0.300882
0.299196
0.298626
0.29763
0.298499
0.300463
0.29983
0.297463
0.297201
0.296585
0.298306
0.2962
0.296751
0.296222
0.297384
0.297356
0.297969
0.298002
0.297705
0.298446
0.299753
0.299934
0.300284
0.299094
0.298956
0.299811
0.300104
0.300492
0.301151
0.301413
0.30195
0.302004
0.302209
0.303456
0.302195
0.303002
0.304308
0.304922
0.304542
0.304386
0.304674
0.304011
0.304082
0.303734
0.303652
0.304226
0.304781
0.303983
0.303771
0.302896
0.303443
0.303331
0.303174
0.303099
0.303496
0.303622
0.303917
0.303611
0.303977
0.303326
0.303457
0.303239
0.304881
0.304564
0.304532
0.304289
0.304126
0.303583
0.30317
0.303141
0.303942
0.303732
0.303615
0.303529
0.303193
0.302834
0.302899
0.303082
0.303941
0.303755
0.30392
0.304591
0.304579
0.30564
0.305859
0.306734
0.307833
0.307596
0.307796
0.307882
0.307444
0.30714
0.307321
0.307525
0.308192
0.308446
0.308326
0.308805
0.308976
0.308492
0.308824
0.308991
0.308799
0.309524
0.30948
0.309507
0.310234
0.309865
0.309571
0.310467
0.310227
0.310516
0.310498
0.310292
0.310299
0.309818
0.310832
0.311036
0.311347
0.311539
0.311586
0.312454
0.311801
0.311159
0.311403
0.311672
0.3122
0.312655
0.311978
0.311922
0.311275
0.311368
0.311336
0.311593
0.312097
0.312426
0.312658
0.312505
0.312635
0.312526
0.312356
0.312536
0.312047
0.31215
0.312168
0.312114
0.31234
0.312396
0.312189
0.311837
0.311962
0.312558
0.312892
0.312914
0.313199
0.313324
0.313641
0.313338
0.31347
0.313582
0.312964
0.31311
0.31324
0.313136
0.313082
0.313541
0.31382
0.313863
0.313808
0.313313
0.313394
0.313416
0.313473
0.313919
0.313452
0.313659
0.313705
0.313422
0.313328
0.313043
0.313003
0.312748
0.312781
0.313005
0.312919
0.312488
0.312249
0.312356
0.311965
0.311902
0.311876
0.31202
0.311773
0.311508
0.31113
0.311389
0.311489
0.311835
0.312175
0.311989
0.311722
0.311775
0.312122
0.31194
0.312037
0.312035
0.312109
0.312232
0.312432
0.31229
0.312691
0.312998
0.312886
0.312925
0.31264
0.312735
0.312745
0.31278
0.312692
0.312471
0.312125
0.31179
0.311735
0.312126
0.312447
0.312369
0.31257
0.312542
0.31299
0.313232
0.313118
0.313342
0.313429
0.313567
0.313268
0.313187
0.31299
0.313128
0.313468
0.313579
0.31339
0.313461
0.313438
0.313431
0.313487
0.313768
0.313958
0.313963
0.314233
0.314244
0.314394
0.314345
0.314418
0.314444
0.314767
0.314641
0.31472
0.314624
0.314662
0.314729
0.314653
0.314474
0.314141
0.314089
0.314351
0.314322
0.314234
0.314524
0.314508
0.314453
0.314137
0.314158
0.314389
0.314541
0.314777
0.314425
0.314582
0.314666
0.314765
0.314678
0.314671
0.314643
0.314871
0.315039
0.314821
0.31465
0.314872
0.314897
0.314683
0.314689
0.314528
0.314484
0.314663
0.314714
0.314643
0.314786
0.314619
0.314732
0.31495
0.314656
0.314525
0.314545
0.3145
0.314513
0.314653
0.314492
0.314526
0.314367
0.314062
0.314054
0.3142
0.31419
0.314368
0.314372
0.314542
0.314726
0.314747
0.314781
0.314857
0.314755
0.3148
0.314915
0.315096
0.315087
0.314942
0.314752
0.314927
0.314879
0.314814
0.315059
0.315186
0.314962
0.314782
0.314726
0.314511
0.314622
0.314517
0.314203
0.314234
0.314238
0.314124
0.314004
0.313874
0.313753
0.313632
0.313676
0.313547
0.313762
0.313674
0.313752
0.313665
0.313684
0.313533
0.313391
0.31346
0.313609
0.313501
0.313284
0.313518
0.313551
0.313655
0.313813
0.314029
0.31407
0.314078
0.314133
0.313993
0.314274
0.314372
0.31425
0.314132
0.313877
0.314072
0.313923
0.313904
0.313972
0.314219
0.314148
0.314085
0.313907
0.314005
0.314305
0.31442
0.314597
0.314521
0.314361
0.31431
0.314267
0.314231
0.314276
0.314344
0.314465
0.31456
0.314593
0.31444
0.314485
0.31449
0.314544
0.31442
0.314366
0.314252
0.314244
0.313946
0.313867
0.313956
0.313977
0.313933
0.313944
0.313739
0.313532
0.313591
0.313709
0.313501
0.313576
0.313766
0.313505
0.313813
0.313956
0.314164
0.314227
0.314328
0.314164
0.314365
0.314499
0.314574
0.314911
0.314776
0.314741
0.314632
0.314523
0.314538
0.314748
0.314745
0.314829
0.314873
0.314872
0.314901
0.314928
0.31491
0.314969
0.314974
0.314867
0.314944
0.315
0.315111
0.315055
0.315079
0.314927
0.314873
0.314816
0.314872
0.314968
0.314985
0.314921
0.314671
0.31465
0.314577
0.31449
0.314451
0.314377
0.314404
0.3144
0.314457
0.314519
0.314657
0.314657
0.314695
0.314794
0.314692
0.314746
0.314863
0.31485
0.314777
0.31486
0.314819
0.314848
0.314884
0.314842
0.31484
0.314799
0.314769
0.31482
0.314829
0.314778
0.314795
0.314816
0.314988
0.315039
0.315049
0.315079
0.315209
0.31525
0.315221
0.315141
0.315105
0.315157
0.315143
0.315227
0.315215
0.315352
0.315364
0.315275
0.315192
0.315276
0.315205
0.315187
0.315311
0.315342
0.315261
0.315262
0.315203
0.315154
0.315117
0.315067
0.315215
0.315066
0.315016
0.315011
0.314911
0.315091
0.315147
0.31506
0.314987
0.315058
0.315024
0.315084
0.315313
0.315239
0.31504
0.315141
0.315059
0.315039
0.314903
0.314867
0.314888
0.3147
0.314689
0.314574
0.314628
0.31458
0.314526
0.314578
0.314607
0.314747
0.314795
0.314778
0.314668
0.314562
0.314473
0.314495
0.314458
0.314492
0.314496
0.314629
0.314534
0.314515
0.31444
0.314435
0.314424
0.314353
0.314393
0.314345
0.31426
0.314329
0.314406
0.314324
0.314344
0.314369
0.31422
0.314398
0.314399
0.314398
0.314399
0.314477
0.314446
0.314364
0.314305
0.314295
0.314246
0.314148
0.313998
0.314007
0.31408
0.314073
0.314012
0.314045
0.314012
0.313989
0.314029
0.314096
0.314045
0.314094
0.314079
0.314259
0.314446
0.314378
0.31437
0.314303
0.314262
0.314244
0.314211
0.314176
0.31417
0.314262
0.314221
0.314223
0.314242
0.314164
0.314152
0.314149
0.31429
0.314234
0.314287
0.314149
0.314185
0.314237
0.314214
0.314216
0.314224
0.314247
0.314191
0.31431
0.314337
0.314374
0.314389
0.314381
0.314456
0.314454
0.314522
0.314551
0.314469
0.314457
0.314533
0.314484
0.314501
0.314552
0.314472
0.314626
0.314513
0.31448
0.314583
0.314675
0.314688
0.314565
0.314731
0.314701
0.314649
0.314802
0.314792
0.314918
0.314892
0.314903
0.314964
0.314941
0.314902
0.314935
0.315
0.314998
0.315073
0.315039
0.315072
0.314996
0.315135
0.315042
0.31508
0.314998
0.314964
0.314916
0.3149
0.314931
0.314941
0.314952
0.314865
0.314805
0.314799
0.314809
0.314769
0.314817
0.314972
0.315174
0.315211
0.315327
0.315305
0.315213
0.315199
0.315177
0.315173
0.315224
0.31524
0.315186
0.315179
0.315244
0.315369
0.31532
0.315291
0.315292
0.315254
0.315238
0.315168
0.315169
0.315161
0.315185
0.315186
0.315152
0.31506
0.315142
0.315145
0.315099
0.315053
0.31502
0.314921
0.314929
0.314859
0.314969
0.315049
0.315214
0.315229
0.315277
0.315333
0.315158
0.315217
0.315191
0.315327
0.3154
0.3154
0.315412
0.315456
0.31544
0.315534
0.315566
0.315501
0.315407
0.315329
0.315349
0.315294
0.315316
0.315369
0.315482
0.315505
0.315422
0.315465
0.315487
0.315593
0.315518
0.315489
0.31539
0.315385
0.315303
0.315401
0.315335
0.315464
0.315375
0.315416
0.315384
0.315367
0.315355
0.315369
0.315379
0.31535
0.315472
0.315448
0.315356
0.315355
0.315444
0.315429
0.315366
0.315333
0.315259
0.315282
0.315231
0.315201
0.315213
0.315181
0.315284
0.315296
0.315261
0.315358
0.315331
0.315294
0.315286
0.315212
0.315212
0.315204
0.315175
0.31511
0.315028
0.315015
0.315098
0.3151
0.315095
0.315097
0.315068
0.315032
0.315134
0.315251
0.315249
0.315259
0.315237
0.31533
0.315308
0.315207
0.315222
0.315251
0.315188
0.315226
0.315255
0.315308
0.315269
0.315425
0.315357
0.315482
0.315458
0.315379
0.315438
0.315492
0.3155
0.315487
0.315371
0.315333
0.315389
0.315394
0.315389
0.31539
0.315476
0.315553
0.315611
0.315566
0.315548
0.315503
0.315592
0.315594
0.315697
0.31567
0.31568
0.315706
0.315881
0.31586
0.315808
0.315766
0.315731
0.315719
0.315694
0.315724
0.315676
0.315739
0.315706
0.315788
0.315798
0.315815
0.315776
0.315829
0.315825
0.315806
0.315744
0.315723
0.315767
0.315829
0.31585
0.315869
0.315837
0.31585
0.315807
0.315905
0.31594
0.315967
0.315831
0.315767
0.315704
0.315659
0.315584
0.315592
0.315678
0.31567
0.315643
0.315578
0.315586
0.315566
0.315535
0.3155
0.31549
0.31552
0.315439
0.315359
0.31535
0.315351
0.315285
0.315234
0.315256
0.315272
0.315219
0.315224
0.315137
0.315016
0.314914
0.314867
0.314913
0.314841
0.314937
0.314979
0.314973
0.314993
0.314895
0.314877
0.314839
0.314805
0.314827
0.31485
0.314857
0.31489
0.314933
0.314913
0.314842
0.31483
0.314851
0.314793
0.314793
0.314872
0.314866
0.314912
0.314932
0.314913
0.314926
0.314882
0.314987
0.314912
0.314796
0.314818
0.31495
0.314937
0.314959
0.314924
0.314984
0.314939
0.314913
0.314781
0.314866
0.314877
0.314854
0.3149
0.31492
0.314873
0.314919
0.314904
0.314918
0.314874
0.314758
0.314819
0.31483
0.314847
0.314925
0.314923
0.314826
0.314857
0.31496
0.314993
0.314998
0.314914
0.314833
0.314849
0.314845
0.31492
0.31484
0.314886
0.31485
0.314777
0.314692
0.314737
0.314656
0.314615
0.314556
0.314495
0.314415
0.314405
0.314402
0.31454
0.314546
0.314529
0.31449
0.314489
0.314519
0.314487
0.314551
0.31453
0.314536
0.314597
0.314606
0.314571
0.314585
0.314709
0.314692
0.314689
0.31469
0.314739
0.314796
0.314667
0.314655
0.314644
0.314636
0.314657
0.314691
0.314691
0.314786
0.314787
0.314781
0.314725
0.314692
0.314681
0.314669
0.314631
0.3146
0.314536
0.314488
0.314429
0.314481
0.314485
0.314493
0.314495
0.314362
0.314484
0.31452
0.314503
0.314528
0.314555
0.314663
0.314739
0.314764
0.314785
0.314756
0.314698
0.314722
0.314838
0.314836
0.314881
0.314973
0.314887
0.314946
0.314956
0.314943
0.314908
0.315015
0.315046
0.315047
0.315127
0.315048
0.315104
0.315166
0.315079
0.315091
0.315101
0.315032
0.315061
0.315097
0.315193
0.315221
0.315267
0.31523
0.315225
0.315148
0.315105
0.315028
0.315002
0.314976
0.314969
0.315082
0.315064
0.315008
0.314985
0.314941
0.314902
0.314872
0.314828
0.314856
0.314917
0.314826
0.314794
0.314805
0.314833
0.314845
0.314806
0.314763
0.31473
0.314734
0.31467
0.314605
0.314649
0.314689
0.314737
0.314779
0.31476
0.314777
0.314794
0.314792
0.314797
0.314837
0.314767
0.3148
0.314828
0.314866
0.314839
0.314856
0.314908
0.314922
0.314946
0.31489
0.314829
0.314813
0.314796
0.314696
0.314619
0.31462
0.314703
0.314689
0.314704
0.314736
0.314729
0.314675
0.314699
0.314656
0.314674
0.314672
0.314663
0.314655
0.314581
0.314573
0.314587
0.314501
0.314486
0.314488
0.314457
0.314571
0.314625
0.31459
0.314503
0.31463
0.314584
0.314644
0.314689
0.314681
0.314673
0.314707
0.314731
0.314666
0.314629
0.314581
0.314564
0.314592
0.314614
0.31462
0.314671
0.314641
0.314673
0.314689
0.314643
0.314683
0.314679
0.314662
0.314604
0.3146
0.314617
0.314595
0.314604
0.314549
0.314579
0.314539
0.314608
0.314572
0.314511
0.314551
0.314496
0.314544
0.31455
0.314502
0.314491
0.314469
0.314483
0.31445
0.314433
0.314512
0.314475
0.314484
0.31449
0.314499
0.314545
0.314559
0.314575
0.314597
0.31457
0.314572
0.31452
0.314483
0.314524
0.31453
0.314509
0.314537
0.314501
0.314515
0.314469
0.314482
0.314488
0.314412
0.314482
0.314493
0.314602
0.314586
0.314502
0.314445
0.314382
0.314381
0.314386
0.314442
0.314423
0.314446
0.314476
0.31444
0.314417
0.31446
0.31447
0.314564
0.314539
0.31459
0.31459
0.314653
0.314621
0.314658
0.314621
0.314711
0.314817
0.314832
0.314844
0.31492
0.314898
0.31489
0.314907
0.314998
0.315051
0.315091
0.315043
0.315025
0.31497
0.314966
0.31492
0.31494
0.314862
0.31482
0.314848
0.314886
0.314855
0.314836
0.314745
0.314676
0.314665
0.314635
0.314617
0.314669
0.314612
0.314667
0.314596
0.314614
0.314624
0.314575
0.314575
0.314547
0.314435
0.314434
0.31435
0.314356
0.314334
0.31442
0.314349
0.314314
0.314356
0.314382
0.314378
0.314334
0.314396
0.314398
0.314373
0.314409
0.314369
0.314366
0.31444
0.314488
0.314474
0.314513
0.314496
0.314414
0.314392
0.31439
0.314285
0.314249
0.314262
0.314213
0.314207
0.314222
0.314243
0.314222
0.314237
0.31422
0.314229
0.314248
0.314203
0.314239
0.314214
0.314209
0.314203
0.314211
0.314153
0.314154
0.314103
0.3141
0.314106
0.314132
0.314063
0.314002
0.314017
0.314028
0.31397
0.313986
0.313929
0.313869
0.313763
0.313745
0.313787
0.313788
0.313744
0.313749
0.31373
0.313723
0.313698
0.313732
0.313694
0.31367
0.313759
0.313695
0.313668
0.313631
0.313658
0.313761
0.313792
0.313854
0.313899
0.313889
0.313891
0.313907
0.313904
0.313859
0.313826
0.313792
0.313776
0.313873
0.313902
0.313973
0.313918
0.313869
0.31387
0.313894
0.313913
0.313949
0.313942
0.313891
0.313963
0.313924
0.313967
0.313938
0.313997
0.314144
0.314115
0.314172
0.314188
0.314213
0.314189
0.314142
0.314133
0.314115
0.314149
0.314092
0.314083
0.314003
0.313981
0.31401
0.314008
0.313998
0.314044
0.314072
0.314062
0.314059
0.314045
0.314012
0.31397
0.314034
0.314032
0.314079
0.314111
0.31416
0.314257
0.314325
0.314339
0.31437
0.314387
0.314355
0.314321
0.314342
0.314336
0.314318
0.314342
0.314433
0.314375
0.314322
0.314285
0.314283
0.314281
0.314293
0.31428
0.314343
0.314387
0.314331
0.314369
0.314386
0.314372
0.314407
0.314421
0.314464
0.314449
0.314493
0.314486
0.314567
0.314467
0.314461
0.314437
0.31441
0.314374
0.314342
0.314423
0.314414
0.314383
0.314391
0.314444
0.314463
0.314462
0.314443
0.314432
0.314449
0.31444
0.314418
0.314416
0.314415
0.31441
0.314427
0.314419
0.314378
0.314374
0.314389
0.314404
0.31439
0.314411
0.314441
0.314427
0.314412
0.314409
0.314389
0.314368
0.314283
0.314354
0.314292
0.314246
0.314296
0.314285
0.314277
0.314314
0.314338
0.314334
0.314354
0.314321
0.314299
0.314319
0.314384
0.314356
0.314278
0.314261
0.314273
0.31424
0.314191
0.314155
0.314182
0.314189
0.31422
0.314266
0.314293
0.314258
0.314286
0.314273
0.31428
0.314277
0.314264
0.314253
0.31427
0.314247
0.314271
0.314251
0.314279
0.314286
0.314258
0.314244
0.314177
0.314226
0.314232
0.314239
0.314206
0.314239
0.314269
0.314215
0.314233
0.314246
0.314269
0.314287
0.314263
0.314278
0.314218
0.314206
0.314246
0.314286
0.314296
0.314296
0.314296
0.314245
0.314202
0.314201
0.314233
0.314272
0.31426
0.314217
0.314226
0.314229
0.31424
0.314228
0.314177
0.314214
0.314234
0.314218
0.314215
0.314149
0.314185
0.314237
0.314198
0.314221
0.314231
0.314217
0.314212
0.31419
0.314161
0.314151
0.314205
0.314224
0.314222
0.314228
0.314232
0.314179
0.314192
0.314147
0.314143
0.314142
0.314227
0.314214
0.31427
0.314204
0.314197
0.314118
0.314079
0.31406
0.314052
0.313969
0.313912
0.31393
0.313958
0.313977
0.313926
0.313876
0.313947
0.313943
0.313954
0.313961
0.313973
0.313965
0.31394
0.313915
0.313957
0.313984
0.313968
0.313965
0.313994
0.314019
0.313973
0.313952
0.313976
0.31397
0.313962
0.313963
0.313907
0.313914
0.313867
0.31382
0.31384
0.313788
0.313819
0.313913
0.313934
0.31395
0.31402
0.314054
0.314115
0.314138
0.314189
0.314178
0.314221
0.314166
0.314172
0.314184
0.314194
0.314188
0.314155
0.314176
0.314131
0.314144
0.314103
0.314098
0.314087
0.314028
0.314086
0.314052
0.314045
0.313993
0.314014
0.31399
0.313941
0.313941
0.313932
0.313843
0.313797
0.313785
0.313831
0.313823
0.313767
0.313762
0.313778
0.313824
0.313807
0.313788
0.313784
0.313773
0.313744
0.313682
0.313757
0.313766
0.313712
0.313688
0.313671
0.313688
0.313674
0.313703
0.313659
0.313626
0.313663
0.313639
0.313619
0.31364
0.313711
0.313808
0.313846
0.313849
0.313862
0.313878
0.313933
0.313914
0.313884
0.313867
0.313844
0.313833
0.313752
0.31377
0.313807
0.313768
0.313806
0.313782
0.313797
0.31379
0.31381
0.313835
0.313874
0.313846
0.313882
0.313872
0.31384
0.313859
0.313828
0.313865
0.313869
0.313902
0.31396
0.313987
0.313969
0.313999
0.313968
0.314092
0.314138
0.314135
0.3142
0.314211
0.314199
0.314219
0.314224
0.314211
0.31415
0.31416
0.314159
0.314149
0.314115
0.31415
0.314179
0.314144
0.314144
0.314075
0.314036
0.314018
0.314108
0.314085
0.314041
0.314024
0.31402
0.314027
0.3141
0.314049
0.314032
0.314015
0.314049
0.313984
0.31399
0.31399
0.313999
0.313999
0.313967
0.313985
0.313968
0.313962
0.313948
0.313972
0.313969
0.313986
0.313986
0.314027
0.314039
0.314058
0.314067
0.314037
0.314026
0.314051
0.314047
0.314012
0.31403
0.313976
0.31394
0.313968
0.313868
0.313862
0.313868
0.3139
0.313856
0.313864
0.313853
0.313849
0.313795
0.313732
0.313693
0.313645
0.313699
0.313711
0.31375
0.313756
0.31372
0.313743
0.313726
0.313742
0.313738
0.31375
0.313778
0.313808
0.313763
0.313785
0.313803
0.313832
0.313845
0.313838
0.313809
0.313795
0.313799
0.313796
0.313833
0.313818
0.313801
0.313815
0.313797
0.31381
0.313837
0.313839
0.313882
0.313929
0.313946
0.313985
0.313972
0.313937
0.313914
0.313922
0.313901
0.313939
0.313967
0.31397
0.313956
0.313938
0.313952
0.313918
0.313936
0.31396
0.313976
0.313984
0.314001
0.314049
0.31403
0.31402
0.313988
0.31399
0.314034
0.314026
0.313995
0.313961
0.313954
0.313989
0.313962
0.313933
0.31395
0.313955
0.313953
0.313942
0.313944
0.313949
0.31391
0.313873
0.313877
0.313907
0.313959
0.313995
0.314058
0.31406
0.314054
0.314033
0.314015
0.314025
0.314001
0.313974
0.313955
0.313982
0.313972
0.313952
0.313918
0.313878
0.31387
0.313873
0.31386
0.313851
0.313868
0.313898
0.313866
0.313848
0.313845
0.313819
0.31381
0.313856
0.313819
0.313845
0.313858
0.313863
0.313853
0.313851
0.313886
0.313861
0.313865
0.313864
0.313841
0.313845
0.313876
0.313871
0.313856
0.313814
0.313786
0.313769
0.313795
0.313822
0.313816
0.31385
0.31385
0.313842
0.313872
0.313903
0.313864
0.313862
0.313881
0.313863
0.31384
0.313872
0.313839
0.313802
0.313742
0.313733
0.313743
0.313744
0.313756
0.313776
0.31377
0.313777
0.313775
0.313758
0.313751
0.313722
0.313726
0.313749
0.313739
0.313692
0.313658
0.313682
0.313675
0.313661
0.313668
0.313649
0.313679
0.31367
0.313656
0.31364
0.313652
0.313626
0.313604
0.313617
0.313633
0.313627
0.313601
0.313603
0.313623
0.313609
0.313612
0.313638
0.313646
0.313644
0.313649
0.313672
0.313665
0.313658
0.313664
0.313664
0.313644
0.313671
0.313698
0.313706
0.313702
0.313696
0.313667
0.313658
0.3137
0.31373
0.313711
0.313675
0.313641
0.313652
0.313707
0.313704
0.313683
0.313713
0.313743
0.313737
0.313724
0.313714
0.313725
0.313708
0.313698
0.313663
0.313697
0.313683
0.31371
0.31372
0.313731
0.313765
0.313804
0.313803
0.313832
0.313806
0.313833
0.31382
0.313777
0.313773
0.313801
0.313823
0.313819
0.313802
0.31378
0.313785
0.3138
0.313779
0.313777
0.313755
0.313728
0.313718
0.313737
0.313744
0.313752
0.313763
0.313763
0.313764
0.313745
0.313717
0.313729
0.313739
0.313731
0.313715
0.313691
0.313706
0.313711
0.313738
0.313735
0.313765
0.313784
0.313797
0.313778
0.313784
0.313739
0.313699
0.313722
0.313722
0.313723
0.313699
0.313685
0.313661
0.313647
0.313635
0.313644
0.313649
0.313686
0.313703
0.313737
0.313719
0.313666
0.313645
0.313637
0.313623
0.313636
0.313655
0.313645
0.313632
0.313639
0.313664
0.313642
0.313655
0.313653
0.313643
0.313679
0.313668
0.313637
0.313612
0.31362
0.3136
0.313579
0.313547
0.313599
0.31361
0.313628
0.313636
0.313635
0.313629
0.313618
0.313582
0.313607
0.313635
0.3136
0.31358
0.313566
0.313547
0.313554
0.313547
0.313524
0.313561
0.313595
0.313546
0.313521
0.313503
0.31349
0.31347
0.313476
0.313465
0.313509
0.313529
0.313529
0.313512
0.313508
0.313484
0.313495
0.313523
0.313533
0.313573
0.313556
0.313529
0.31353
0.313564
0.313545
0.313535
0.313566
0.313548
0.313553
0.3135
0.313545
0.313549
0.313576
0.313588
0.313617
0.313608
0.313605
0.313603
0.313611
0.3136
0.313579
0.31357
0.313558
0.313588
0.313587
0.31355
0.313551
0.313541
0.313555
0.313547
0.31352
0.313501
0.313486
0.313508
0.313491
0.313477
0.31351
0.313521
0.313537
0.313512
0.313495
0.313474
0.313412
0.313395
0.313378
0.313354
0.313334
0.313313
0.313264
0.313298
0.313323
0.313319
0.313337
0.313343
0.313354
0.313365
0.313358
0.313413
0.313384
0.313407
0.313448
0.313428
0.313436
0.313439
0.313394
0.313398
0.313405
0.313377
0.313394
0.313405
0.31344
0.313478
0.313465
0.313466
0.313467
0.313491
0.313534
0.313554
0.313566
0.313523
0.313532
0.313518
0.313533
0.31351
0.313486
0.313484
0.313475
0.313506
0.313483
0.313511
0.313526
0.31352
0.31351
0.31352
0.313528
0.313538
0.313514
0.313507
0.313492
0.31354
0.313506
0.313524
0.31352
0.313524
0.313525
0.313522
0.313553
0.313565
0.313543
0.313531
0.313561
0.313579
0.313538
0.313533
0.313541
0.313539
0.313495
0.313522
0.313482
0.31349
0.313504
0.313515
0.313527
0.313524
0.313515
0.313511
0.313521
0.313495
0.313531
0.313538
0.313538
0.313511
0.313502
0.313503
0.313491
0.313477
0.313497
0.313509
0.313482
0.313472
0.313478
0.31354
0.313548
0.31354
0.313485
0.313461
0.313478
0.313494
0.313523
0.313495
0.313505
0.313491
0.313478
0.313492
0.313492
0.313514
0.313519
0.313542
0.313558
0.313549
0.313538
0.313543
0.31355
0.313531
0.313515
0.313539
0.313533
0.313512
0.313524
0.313532
0.313559
0.313581
0.313568
0.31359
0.313579
0.313586
0.313564
0.313541
0.313526
0.313507
0.313488
0.313463
0.313474
0.313431
0.313442
0.313447
0.313464
0.313437
0.313412
0.313424
0.313398
0.313414
0.313382
0.313409
0.313397
0.313415
0.313393
0.313421
0.313395
0.313369
0.313383
0.313367
0.313382
0.313404
0.313426
0.313419
0.313431
0.313397
0.313434
0.313426
0.313424
0.313393
0.313399
0.313454
0.313465
0.313462
0.313487
0.313538
0.313553
0.31355
0.313533
0.313499
0.313486
0.313502
0.313486
0.313478
0.313542
0.313551
0.313541
0.313524
0.313514
0.313526
0.313499
0.313496
0.313474
0.313451
0.313446
0.313415
0.313404
0.313373
0.31338
0.313328
0.313324
0.313292
0.313266
0.313264
0.313264
0.313234
0.313248
0.313245
0.313252
0.313283
0.313293
0.313256
0.313247
0.313223
0.313231
0.313239
0.313265
0.313225
0.313202
0.313213
0.313212
0.3132
0.313212
0.313214
0.313201
0.313202
0.313189
0.313183
0.313161
0.313169
0.313174
0.313146
0.313184
0.313181
0.313172
0.313171
0.313154
0.31314
0.313168
0.313136
0.313185
0.313188
0.313197
0.31318
0.313193
0.313176
0.313158
0.31316
0.313224
0.313205
0.313179
0.313207
0.313248
0.313263
0.31328
0.313259
0.313269
0.313262
0.313266
0.31328
0.313242
0.313254
0.313233
0.31324
0.31321
0.313252
0.313213
0.313214
0.313206
0.313214
0.313189
0.31317
0.313154
0.313113
0.313091
0.313102
0.313097
0.313133
0.313171
0.313167
0.313186
0.313155
0.313136
0.31315
0.313181
0.31319
0.313224
0.313225
0.313222
0.31322
0.313224
0.313202
0.313213
0.313218
0.313207
0.313206
0.31319
0.313138
0.313101
0.313131
0.313113
0.313122
0.313132
0.31309
0.313062
0.313109
0.313122
0.313126
0.313124
0.313102
0.313087
0.313068
0.313078
0.313073
0.313097
0.313071
0.313115
0.313123
0.313134
0.313153
0.313164
0.31313
0.313104
0.313068
0.313055
0.313048
0.313005
0.312987
0.312965
0.31297
0.313027
0.313042
0.313067
0.313059
0.313027
0.313006
0.312962
0.312965
0.312971
0.312992
0.312968
0.312935
0.31292
0.312931
0.312936
0.312947
0.312926
0.312919
0.312923
0.312901
0.31288
0.312882
0.312884
0.312872
0.312879
0.312916
0.312906
0.312901
0.31291
0.312914
0.312881
0.312902
0.3129
0.3129
0.31293
0.312934
0.312953
0.312909
0.312908
0.312949
0.312968
0.31295
0.312919
0.312894
0.312865
0.312882
0.312852
0.312874
0.312918
0.312907
0.312911
0.312895
0.312921
0.312885
0.312885
0.312863
0.312899
0.312878
0.312861
0.312842
0.312858
0.312831
0.312812
0.312851
0.31281
0.312805
0.312807
0.312828
0.312869
0.312818
0.31281
0.312782
0.312753
0.312732
0.312751
0.31276
0.312752
0.312762
0.312744
0.312746
0.312761
0.312742
0.312695
0.312718
0.31272
0.312718
0.312733
0.312736
0.312732
0.312724
0.312729
0.312736
0.312735
0.312731
0.31274
0.312698
0.31265
0.312651
0.312646
0.31265
0.31272
0.312734
0.312734
0.312734
0.312716
0.312713
0.312691
0.312721
0.312732
0.312749
0.31271
0.312684
0.312695
0.312699
0.312704
0.312689
0.312655
0.312652
0.312694
0.312661
0.312668
0.312727
0.312699
0.31273
0.31275
0.312745
0.312732
0.312722
0.31269
0.312678
0.312696
0.312663
0.312696
0.312677
0.312679
0.312664
0.312655
0.312647
0.312619
0.312635
0.312645
0.31264
0.312622
0.312635
0.312605
0.312629
0.312599
0.312588
0.312596
0.312591
0.312612
0.312602
0.312575
0.312585
0.31259
0.312604
0.312613
0.312597
0.312585
0.312553
0.31258
0.312613
0.312617
0.31258
0.312563
0.312535
0.312533
0.312531
0.312536
0.312526
0.312546
0.312557
0.312548
0.312535
0.312517
0.312527
0.312516
0.312511
0.312499
0.312488
0.31252
0.312498
0.312487
0.312467
0.312512
0.312477
0.312491
0.312556
0.312542
0.312526
0.312553
0.312514
0.312526
0.312534
0.312537
0.312557
0.312584
0.31256
0.312605
0.312605
0.312588
0.312561
0.312559
0.312616
0.31262
0.31259
0.312596
0.312583
0.312584
0.312607
0.312643
0.312619
0.312611
0.312631
0.312626
0.312588
0.312597
0.312608
0.312597
0.312588
0.312589
0.312588
0.312578
0.312562
0.312568
0.312596
0.312638
0.312625
0.312605
0.312613
0.312599
0.312588
0.312549
0.31258
0.312563
0.31256
0.312515
0.312503
0.312492
0.312477
0.312478
0.312457
0.312484
0.312478
0.312463
0.312452
0.312465
0.312455
0.31244
0.312429
0.312392
0.312411
0.312426
0.312419
0.312442
0.312463
0.312463
0.312518
0.312564
0.312599
0.312626
0.312617
0.312599
0.312589
0.312582
0.312617
0.312624
0.312642
0.312644
0.312629
0.312659
0.312684
0.312664
0.312673
0.312714
0.312694
0.31269
0.312677
0.312647
0.312672
0.312653
0.312681
0.312666
0.312675
0.312655
0.312623
0.312596
0.312579
0.312558
0.312581
0.312582
0.312615
0.312603
0.312608
0.312599
0.312578
0.312556
0.31255
0.312554
0.312576
0.31256
0.31258
0.312625
0.312617
0.312606
0.312607
0.312624
0.312626
0.312652
0.312659
0.312633
0.312637
