0.305085
0.232143
0.24375
0.237624
0.264463
0.266212
0.262537
0.282443
0.297052
0.293388
0.298279
0.296029
0.299145
0.302885
0.305136
0.30219
0.301939
0.303882
0.306616
0.303922
0.30662
0.312986
0.311371
0.309598
0.311377
0.307692
0.31028
0.311818
0.312664
0.313844
0.315789
0.315918
0.321656
0.325292
0.328042
0.326923
0.327762
0.329545
0.329861
0.32747
0.326733
0.324709
0.325079
0.326033
0.325753
0.3261
0.326409
0.326889
0.326261
0.324705
0.323594
0.323768
0.323733
0.322868
0.324561
0.323499
0.326981
0.325581
0.325219
0.325481
0.324811
0.324148
0.324574
0.324066
0.324932
0.324421
0.325285
0.326583
0.328529
0.328171
0.330861
0.330622
0.330782
0.329104
0.328896
0.327294
0.32612
0.326095
0.325221
0.325472
0.325456
0.325071
0.324825
0.325147
0.325454
0.324856
0.325854
0.325497
0.326557
0.327178
0.326289
0.325626
0.326135
0.326188
0.327077
0.326952
0.327131
0.328682
0.329415
0.329852
0.329885
0.329352
0.328539
0.327736
0.327318
0.326301
0.325803
0.325619
0.324519
0.324596
0.324317
0.323522
0.323164
0.322639
0.322885
0.323209
0.323404
0.323134
0.322732
0.322825
0.322518
0.322588
0.323543
0.322902
0.322824
0.322302
0.32323
0.323225
0.324072
0.323682
0.324118
0.323451
0.322402
0.322083
0.321413
0.321779
0.321979
0.322636
0.322092
0.32217
0.321669
0.321601
0.322231
0.321259
0.321318
0.321187
0.322082
0.321551
0.320906
0.320815
0.321485
0.321887
0.321562
0.321108
0.320799
0.320577
0.320542
0.320586
0.320423
0.319752
0.31853
0.318814
0.318282
0.317682
0.318397
0.317828
0.317969
0.318166
0.317404
0.317883
0.318166
0.317488
0.317848
0.318348
0.318605
0.318846
0.318531
0.318405
0.318489
0.318167
0.31806
0.317661
0.317174
0.317133
0.317377
0.317232
0.317378
0.31794
0.318175
0.318639
0.318247
0.318648
0.319089
0.319794
0.320242
0.320542
0.321018
0.321129
0.32119
0.32131
0.321471
0.320842
0.321116
0.320643
0.320247
0.320217
0.31975
0.319269
0.319677
0.319305
0.319085
0.319476
0.319637
0.319311
0.319691
0.320028
0.32
0.319972
0.320077
0.320165
0.320159
0.320087
0.320049
0.320195
0.320119
0.320858
0.320593
0.320282
0.320302
0.320227
0.319916
0.320183
0.319723
0.319875
0.319534
0.319577
0.319717
0.319862
0.319954
0.3197
0.320223
0.320267
0.320407
0.31971
0.319706
0.319474
0.319733
0.319818
0.319421
0.319438
0.319362
0.318927
0.319051
0.318664
0.318515
0.318024
0.318198
0.317734
0.317859
0.318648
0.318454
0.318374
0.318744
0.318293
0.31805
0.318413
0.318679
0.318812
0.318753
0.318296
0.318316
0.317863
0.318141
0.317942
0.317704
0.317644
0.317692
0.317371
0.317116
0.316979
0.317269
0.317103
0.317597
0.317333
0.317276
0.317657
0.317414
0.316895
0.317133
0.317335
0.317252
0.31772
0.317554
0.317666
0.317605
0.31794
0.318414
0.318893
0.318595
0.318346
0.318228
0.318168
0.317946
0.3182
0.317846
0.317998
0.31751
0.317626
0.317732
0.317747
0.317924
0.318371
0.318303
0.318097
0.318048
0.317728
0.317916
0.317673
0.3176
0.317589
0.317578
0.317733
0.317821
0.318017
0.31819
0.31854
0.318612
0.31825
0.318293
0.318424
0.318653
0.318824
0.319003
0.318782
0.31855
0.318595
0.318735
0.318364
0.318136
0.3181
0.318149
0.318108
0.318255
0.318145
0.317785
0.318073
0.318029
0.318058
0.318102
0.317859
0.317936
0.317893
0.318198
0.318135
0.318009
0.318209
0.318045
0.318399
0.318263
0.318383
0.318471
0.318516
0.318189
0.318484
0.318677
0.318561
0.318163
0.31828
0.318614
0.318691
0.318862
0.318898
0.318777
0.318738
0.318673
0.31893
0.318774
0.318651
0.319015
0.318598
0.318803
0.318519
0.318316
0.31833
0.318254
0.318376
0.318125
0.318168
0.318025
0.317887
0.318118
0.318334
0.318443
0.318527
0.318592
0.318784
0.318907
0.31917
0.319196
0.318896
0.31878
0.31861
0.318691
0.318597
0.318579
0.318681
0.318646
0.31888
0.318783
0.319022
0.31879
0.318472
0.318337
0.318313
0.318108
0.317998
0.317955
0.318232
0.318112
0.317897
0.317666
0.317786
0.317869
0.317738
0.317752
0.317786
0.317748
0.318042
0.318153
0.318088
0.318156
0.31814
0.318208
0.317986
0.318047
0.317961
0.318083
0.318074
0.318061
0.317976
0.317964
0.317612
0.317739
0.317586
0.317716
0.317299
0.317092
0.316985
0.316774
0.316789
0.316672
0.31667
0.316846
0.316659
0.317029
0.3168
0.316787
0.316912
0.316681
0.316851
0.317125
0.317004
0.316862
0.316828
0.316951
0.316634
0.316712
0.31662
0.316748
0.316801
0.316498
0.31665
0.316509
0.316657
0.316655
0.316359
0.316222
0.316107
0.316517
0.316465
0.316558
0.316617
0.316494
0.316593
0.316348
0.316318
0.316465
0.31646
0.316179
0.315839
0.315921
0.315786
0.315655
0.315617
0.315689
0.315718
0.315517
0.315492
0.315521
0.315474
0.31522
0.315407
0.315245
0.315479
0.315387
0.315397
0.315302
0.315223
0.315275
0.314981
0.31483
0.314819
0.314976
0.314898
0.314996
0.315277
0.315281
0.315278
0.315138
0.315179
0.315233
0.315274
0.315175
0.315294
0.315329
0.315307
0.315305
0.315324
0.315526
0.315443
0.315601
0.315657
0.315613
0.315503
0.315472
0.315316
0.315375
0.31544
0.315422
0.315422
0.315383
0.315258
0.315173
0.315384
0.315446
0.315501
0.31544
0.315607
0.315535
0.315417
0.315305
0.315173
0.315153
0.315244
0.315316
0.31526
0.315393
0.315279
0.315549
0.31549
0.315541
0.31561
0.315595
0.31561
0.315655
0.315569
0.315629
0.315501
0.315534
0.315517
0.315496
0.315716
0.31566
0.31568
0.315677
0.315728
0.315713
0.315616
0.315669
0.315798
0.315951
0.315825
0.315658
0.315778
0.315757
0.31581
0.315865
0.316016
0.316092
0.316056
0.315926
0.315998
0.315983
0.315865
0.315908
0.315856
0.315916
0.315861
0.315896
0.315878
0.315873
0.315689
0.315669
0.315564
0.315581
0.31573
0.315673
0.31567
0.315548
0.315437
0.315415
0.315256
0.315455
0.315172
0.315244
0.315137
0.315013
0.31489
0.314925
0.315052
0.315154
0.315329
0.315248
0.315621
0.315524
0.315546
0.31553
0.315511
0.315488
0.315584
0.3156
0.315814
0.315973
0.316064
0.316011
0.315955
0.316063
0.315903
0.315936
0.315993
0.315932
0.315968
0.316075
0.31591
0.315962
0.31591
0.315874
0.315945
0.315828
0.315711
0.315708
0.315833
0.315871
0.316242
0.316398
0.316436
0.316529
0.316507
0.316544
0.316449
0.316356
0.316238
0.316208
0.316239
0.316354
0.316501
0.316438
0.316502
0.316709
0.316719
0.316806
0.316619
0.316628
0.316741
0.316621
0.316732
0.316713
0.316625
0.316719
0.316634
0.316738
0.316688
0.31655
0.316515
0.316549
0.316553
0.316623
0.316423
0.316292
0.316508
0.316489
0.31652
0.31654
0.316528
0.316559
0.31663
0.316603
0.316681
0.316667
0.31655
0.316489
0.316525
0.316534
0.316503
0.31634
0.316481
0.316598
0.316698
0.316679
0.316488
0.316621
0.316742
0.316726
0.316771
0.316693
0.316677
0.316778
0.316941
0.317024
0.31682
0.316675
0.316711
0.316698
0.316743
0.316855
0.316808
0.3168
0.316802
0.316678
0.316536
0.316523
0.316512
0.316307
0.316321
0.316353
0.316238
0.316287
0.316267
0.316316
0.316326
0.316216
0.316104
0.316144
0.316081
0.316005
0.315997
0.316046
0.315905
0.31589
0.315821
0.315866
0.315819
0.315655
0.315713
0.315714
0.315643
0.31577
0.315709
0.315614
0.315736
0.315748
0.315639
0.315855
0.31587
0.315986
0.316027
0.315814
0.315756
0.315647
0.315558
0.31544
0.315546
0.31558
0.31539
0.315513
0.315621
0.31543
0.315356
0.315493
0.315627
0.315694
0.315587
0.315596
0.315551
0.315492
0.315492
0.315497
0.315417
0.315367
0.315152
0.31506
0.314864
0.314862
0.314644
0.314473
0.314547
0.314522
0.314618
0.314791
0.314773
0.31484
0.315049
0.31493
0.315031
0.315025
0.314937
0.314894
0.314855
0.314902
0.315006
0.314909
0.314838
0.314753
0.314853
0.314838
0.314781
0.314763
0.314986
0.314993
0.315015
0.315117
0.315042
0.315012
0.314974
0.314988
0.314891
0.314937
0.314984
0.314985
0.314935
0.314952
0.31488
0.314897
0.315
0.314941
0.314944
0.314991
0.314991
0.315033
0.315044
0.314918
0.314935
0.314895
0.315
0.315009
0.314933
0.315091
0.315038
0.315066
0.315093
0.315233
0.315233
0.315359
0.315404
0.31532
0.315403
0.315387
0.315303
0.31516
0.315272
0.315206
0.315227
0.315256
0.315216
0.315159
0.315215
0.315346
0.315365
0.315354
0.315341
0.31548
0.315437
0.315481
0.315446
0.31538
0.315297
0.315256
0.315224
0.315279
0.315255
0.315243
0.315072
0.315023
0.315117
0.31502
0.31509
0.315147
0.315083
0.315155
0.315234
0.315275
0.315146
0.315129
0.314998
0.315041
0.31496
0.315153
0.315056
0.315044
0.315003
0.314907
0.314966
0.314913
0.31477
0.314692
0.314716
0.314702
0.31491
0.315003
0.315033
0.315066
0.315095
0.314976
0.3149
0.315052
0.315057
0.315178
0.315247
0.315207
0.315356
0.315531
0.315625
0.315608
0.315671
0.315654
0.315686
0.315638
0.315651
0.315718
0.315813
0.315909
0.315777
0.315777
0.315854
0.315769
0.315649
0.315662
0.315648
0.315456
0.315519
0.315594
0.315606
0.315777
0.315897
0.31598
0.316017
0.31609
0.316156
0.316089
0.316126
0.31619
0.316126
0.316058
0.316111
0.316131
0.316238
0.316287
0.31627
0.316272
0.316309
0.316298
0.316185
0.31618
0.316119
0.316082
0.316104
0.316147
0.31603
0.316005
0.316015
0.316064
0.315997
0.315918
0.315976
0.316019
0.316134
0.316288
0.316338
0.316334
0.316382
0.316292
0.316278
0.316231
0.316219
0.316229
0.316214
0.31619
0.316185
0.316119
0.316131
0.31612
0.316134
0.31606
0.316092
0.316031
0.315943
0.316019
0.315979
0.31612
0.316034
0.315905
0.315813
0.315718
0.315684
0.315815
0.315914
0.316053
0.316052
0.316035
0.316064
0.316003
0.31618
0.316142
0.316254
0.316102
0.316141
0.316253
0.316219
0.316203
0.316179
0.316044
0.315926
0.315913
0.315825
0.315651
0.315721
0.31568
0.315819
0.315754
0.315583
0.315634
0.315572
0.315698
0.315731
0.315782
0.315786
0.315789
0.315776
0.315789
0.315878
0.315853
0.315915
0.315955
0.31594
0.315853
0.315795
0.31582
0.315847
0.31582
0.315882
0.316006
0.316006
0.316101
0.315967
0.315906
0.316026
0.31606
0.315953
0.315961
0.315999
0.316075
0.316133
0.316122
0.316156
0.316157
0.316113
0.316164
0.316272
0.316377
0.316402
0.316328
0.316201
0.316283
0.316323
0.316456
0.316576
0.316586
0.316589
0.316626
0.316658
0.316599
0.316482
0.316471
0.316326
0.316358
0.316419
0.316431
0.316668
0.316837
0.316987
0.316893
0.317026
0.317129
0.317093
0.317317
0.317317
0.317246
0.317208
0.317292
0.317371
0.31744
0.317335
0.317426
0.31753
0.317393
0.317385
0.317458
0.317504
0.31742
0.317386
0.317284
0.317314
0.317323
0.317311
0.317299
0.317192
0.317055
0.317066
0.316973
0.316876
0.316898
0.316931
0.316998
0.317125
0.317157
0.317292
0.317251
0.317309
0.317272
0.317065
0.317169
0.317193
0.317237
0.317179
0.31712
0.317107
0.317268
0.317254
0.317243
0.317172
0.317099
0.317062
0.317038
0.317118
0.317007
0.316903
0.316814
0.316733
0.316709
0.316857
0.31686
0.316809
0.316786
0.316709
0.316733
0.316733
0.316706
0.316728
0.316747
0.316677
0.316677
0.316742
0.31672
0.316739
0.316818
0.316717
0.316762
0.316864
0.316976
0.317019
0.317013
0.317035
0.317036
0.316892
0.317002
0.316986
0.316973
0.316874
0.316719
0.316785
0.316697
0.316652
0.316597
0.316621
0.316589
0.316556
0.31652
0.316493
0.31642
0.316505
0.316398
0.316354
0.316352
0.316452
0.316596
0.316607
0.316595
0.316556
0.316507
0.316407
0.31646
0.31657
0.316545
0.316545
0.316461
0.316476
0.316574
0.31666
0.316705
0.316874
0.316949
0.316983
0.316815
0.316804
0.316855
0.316812
0.316919
0.316927
0.31681
0.316819
0.316807
0.316895
0.316804
0.31674
0.316763
0.316744
0.316733
0.316649
0.316694
0.316705
0.316693
0.316755
0.316711
0.316698
0.316696
0.316709
0.316698
0.316645
0.316623
0.316612
0.316539
0.316446
0.316345
0.316442
0.316418
0.316517
0.316603
0.31671
0.316664
0.31674
0.316679
0.3167
0.316651
0.316591
0.316655
0.316621
0.316589
0.31659
0.316567
0.316468
0.316456
0.316512
0.316449
0.316396
0.316501
0.316385
0.316352
0.316328
0.316319
0.316392
0.316352
0.316322
0.316397
0.316469
0.316469
0.316467
0.316421
0.316441
0.316389
0.316375
0.316396
0.316384
0.316281
0.316244
0.316254
0.316236
0.316332
0.31633
0.316246
0.316137
0.316125
0.316112
0.316027
0.316027
0.315967
0.315944
0.316046
0.315916
0.315935
0.316041
0.316049
0.316141
0.316152
0.31619
0.316179
0.316188
0.316167
0.316048
0.316188
0.316239
0.316152
0.316316
0.316325
0.316363
0.316437
0.316375
0.316374
0.316416
0.316475
0.316416
0.316444
0.316527
0.316507
0.316515
0.316569
0.316562
0.31654
0.316613
0.316754
0.31674
0.316766
0.316675
0.316702
0.316646
0.316661
0.316662
0.316607
0.316583
0.316776
0.316785
0.316844
0.316834
0.316734
0.316685
0.316768
0.316747
0.316812
0.316862
0.316904
0.316916
0.316934
0.316966
0.316976
0.316976
0.316967
0.317017
0.316964
0.316996
0.317024
0.317043
0.317052
0.317014
0.316954
0.317081
0.317129
0.317129
0.317116
0.317007
0.317046
0.316995
0.317026
0.317058
0.317017
0.317027
0.317008
0.316958
0.316985
0.317046
0.316985
0.316974
0.31704
0.31708
0.317268
0.3172
0.317162
0.31719
0.317085
0.317183
0.317152
0.317184
0.317096
0.317009
0.316941
0.316833
0.316764
0.316795
0.316706
0.316621
0.316604
0.316634
0.316626
0.316677
0.31665
0.316696
0.316654
0.316742
0.316717
0.31673
0.316732
0.316634
0.316623
0.3166
0.316679
0.316671
0.316605
0.316663
0.31671
0.316709
0.316645
0.31666
0.316734
0.316818
0.316775
0.316784
0.316755
0.316685
0.316649
0.316573
0.316565
0.316689
0.316639
0.316678
0.316656
0.316617
0.316645
0.316595
0.316555
0.316593
0.316588
0.316584
0.316597
0.316588
0.316587
0.316551
0.316493
0.316515
0.316571
0.31653
0.316558
0.316477
0.316496
0.316638
0.316685
0.316706
0.316628
0.316691
0.31668
0.316767
0.316802
0.316895
0.316904
0.316953
0.316927
0.316833
0.316844
0.316891
0.316917
0.316926
0.316869
0.31681
0.316767
0.316818
0.316781
0.316746
0.31681
0.316829
0.316825
0.316822
0.316912
0.316884
0.316845
0.316875
0.31692
0.316941
0.316871
0.31688
0.316926
0.316891
0.31689
0.316939
0.316931
0.316839
0.316846
0.316781
0.316846
0.316857
0.316944
0.317
0.317002
0.317068
0.317068
0.317012
0.317019
0.316998
0.316945
0.316953
0.317007
0.316989
0.316993
0.316948
0.316913
0.316888
0.316944
0.316872
0.31686
0.31678
0.316714
0.316683
0.316683
0.316671
0.316659
0.316643
0.316673
0.316745
0.31667
0.316654
0.316644
0.316575
0.316592
0.316629
0.316619
0.316594
0.316652
0.316612
0.316679
0.316672
0.316655
0.316728
0.316873
0.316741
0.316711
0.316686
0.316684
0.316656
0.316658
0.316597
0.316536
0.316563
0.316634
0.316632
0.316665
0.31669
0.316711
0.316698
0.316655
0.316681
0.316618
0.316626
0.31667
0.31661
0.316672
0.316577
0.316552
0.316484
0.316504
0.316511
0.316502
0.316538
0.316496
0.316469
0.31648
0.31646
0.316419
0.316325
0.316327
0.316509
0.316481
0.316549
0.316602
0.316585
0.316622
0.316649
0.316651
0.316659
0.316636
0.316568
0.316602
0.316654
0.316662
0.316689
0.316749
0.316798
0.316795
0.316708
0.316742
0.316758
0.316864
0.316864
0.316845
0.316847
0.31677
0.316831
0.316821
0.316736
0.316735
0.316725
0.316713
0.316696
0.316689
0.316671
0.316586
0.316695
0.316763
0.316742
0.316747
0.316762
0.316691
0.316647
0.316659
0.316674
0.316647
0.316631
0.31661
0.316676
0.316625
0.316664
0.316655
0.31667
0.316644
0.316577
0.316656
0.316619
0.316594
0.316644
0.31655
0.316583
0.316508
0.316483
0.316467
0.31639
0.316433
0.316446
0.316488
0.316426
0.316463
0.316382
0.316425
0.316516
0.316576
0.316551
0.316533
0.316634
0.316697
0.316625
0.316686
0.316653
0.316668
0.316688
0.316621
0.316612
0.316629
0.316546
0.316494
0.316475
0.316433
0.31653
0.316515
0.316574
0.316627
0.31662
0.316536
0.316528
0.31662
0.316569
0.316476
0.31642
0.316361
0.316495
0.316532
0.316474
0.316418
0.316309
0.316295
0.316303
0.316256
0.316273
0.316321
0.316321
0.316322
0.316297
0.316306
0.316363
0.316386
0.316447
0.316466
0.316405
0.31643
0.316424
0.316398
0.316389
0.316362
0.316402
0.316462
0.316407
0.316463
0.316484
0.316397
0.31633
0.316405
0.31639
0.316356
0.316437
0.316445
0.316388
0.316324
0.316306
0.316282
0.316272
0.316212
0.31618
0.316181
0.316207
0.316278
0.316346
0.316314
0.316288
0.316183
0.316175
0.316167
0.316236
0.31622
0.316116
0.316143
0.316096
0.316102
0.316032
0.316009
0.316019
0.316011
0.316035
0.316059
0.316098
0.316092
0.316038
0.316001
0.315986
0.316002
0.315991
0.315983
0.316086
0.316063
0.315998
0.31599
0.316103
0.31611
0.316149
0.316178
0.31613
0.316146
0.316038
0.316055
0.316031
0.315976
0.315904
0.315896
0.315929
0.315914
0.315921
0.315894
0.315901
0.315877
0.315823
0.315759
0.315776
0.315833
0.315891
0.315891
0.315898
0.315994
0.31599
0.316051
0.316005
0.31601
0.315933
0.315975
0.31605
0.316081
0.316105
0.316144
0.316212
0.316308
0.316302
0.316258
0.316269
0.3162
0.316205
0.316198
0.316166
0.316057
0.31601
0.316123
0.316062
0.31606
0.316014
0.316139
0.316133
0.316141
0.316108
0.316071
0.31613
0.316151
0.316083
0.316067
0.316139
0.316032
0.315977
0.316036
0.315995
0.316065
0.316025
0.31603
0.315972
0.315983
0.315912
0.315924
0.315937
0.315983
0.316028
0.316111
0.31604
0.31609
0.316079
0.316002
0.316031
0.31601
0.316008
0.315975
0.31602
0.316016
0.316069
0.316119
0.316108
0.316096
0.316079
0.316062
0.316036
0.316054
0.316018
0.316086
0.316054
0.316043
0.315986
0.315962
0.315928
0.315911
0.315937
0.315943
0.315925
0.315921
0.315827
0.315832
0.315828
0.315817
0.315782
0.315803
0.315779
0.315822
0.315759
0.315719
0.315808
0.315835
0.315847
0.315824
0.315822
0.315856
0.315853
0.315918
0.315953
0.315995
0.31598
0.315987
0.316
0.315936
0.315972
0.315963
0.315996
0.316063
0.316051
0.316039
0.316066
0.316055
0.316035
0.316057
0.316092
0.316096
0.316086
0.316082
0.316013
0.31601
0.316013
0.316031
0.316005
0.315971
0.315945
0.315943
0.315984
0.315945
0.316009
0.315991
0.315912
0.315985
0.315989
0.31607
0.31606
0.316078
0.316084
0.316035
0.316046
0.316004
0.315973
0.31599
0.316007
0.316048
0.316014
0.316024
0.316043
0.316039
0.316005
0.315971
0.315961
0.315989
0.31599
0.31598
0.315969
0.315937
0.315905
0.315984
0.315997
0.316046
0.316101
0.316089
0.316093
0.316074
0.316101
0.316113
0.316071
0.316075
0.316089
0.316049
0.316039
0.316073
0.316041
0.316078
0.316065
0.3161
0.316104
0.316091
0.316087
0.316077
0.316088
0.316102
0.316129
0.316157
0.316192
0.316211
0.316205
0.316218
0.316184
0.316203
0.316193
0.316175
0.316193
0.316129
0.316097
0.316086
0.316074
0.316077
0.316022
0.315997
0.315942
0.315955
0.31592
0.315888
0.31589
0.315881
0.315841
0.315833
0.315859
0.315835
0.31584
0.315839
0.315843
0.31584
0.315794
0.315742
0.315735
0.315723
0.315751
0.315758
0.315674
0.31568
0.315691
0.315673
0.315606
0.315597
0.315579
0.315574
0.315617
0.315615
0.315628
0.315623
0.315618
0.315585
0.315575
0.31561
0.315585
0.315595
0.315578
0.315537
0.315578
0.315575
0.315549
0.315512
0.315523
0.315503
0.31545
0.315416
0.315444
0.315384
0.315367
0.31543
0.31542
0.315432
0.315443
0.31553
0.315543
0.315512
0.315517
0.315501
0.315478
0.315511
0.315493
0.315485
0.315525
0.315499
0.315482
0.315566
0.315554
0.31553
0.315569
0.315604
0.315654
0.315665
0.315656
0.315608
0.315578
0.315539
0.315537
0.315506
0.315461
0.315414
0.315419
0.315453
0.315413
0.315358
0.315342
0.315385
0.315424
0.315372
0.315361
0.315367
0.315378
0.315436
0.315475
0.31547
0.315462
0.315501
0.315542
0.315476
0.315408
0.315448
0.315443
0.31546
0.315471
0.315487
0.315515
0.315477
0.315483
0.315445
0.315371
0.315331
0.315313
0.315369
0.315379
0.315363
0.31536
0.315315
0.315313
0.315324
0.315326
0.31528
0.315256
0.315238
0.315232
0.315179
0.31517
0.315195
0.315156
0.315146
0.315114
0.315098
0.315102
0.315105
0.315101
0.315091
0.315118
0.315092
0.315077
0.315072
0.315083
0.315079
0.315063
0.315065
0.315055
0.31512
0.315182
0.315178
0.315141
0.315189
0.31521
0.315191
0.315273
0.315313
0.315296
0.315244
0.315286
0.315219
0.315244
0.315248
0.315298
0.315281
0.315336
0.315347
0.31531
0.315313
0.315339
0.315337
0.315334
0.315362
0.315352
0.31537
0.315331
0.315314
0.31536
0.315416
0.31542
0.315445
0.315429
0.315392
0.315434
0.31551
0.315505
0.315516
0.315464
0.315447
0.315458
0.315562
0.315587
0.315593
0.315624
0.315586
0.31553
0.315499
0.315476
0.315458
0.315433
0.315382
0.315332
0.315294
0.315284
0.315269
0.31525
0.315224
0.315208
0.315232
0.315202
0.315218
0.315151
0.315247
0.315257
0.315263
0.315267
0.315299
0.315302
0.315363
0.315304
0.315254
0.315245
0.315313
0.31531
0.31534
0.315367
0.315384
0.315352
0.315299
0.315254
0.315237
0.315158
0.315198
0.315244
0.315206
0.315143
0.315126
0.315081
0.315087
0.315035
0.315032
0.315007
0.315003
0.315
0.315025
0.314992
0.31494
0.314957
0.31494
0.314913
0.31491
0.314894
0.314861
0.314844
0.314835
0.314866
0.314875
0.314951
0.314927
0.314954
0.315015
0.314986
0.315018
0.315007
0.314978
0.315032
0.314996
0.315042
0.315059
0.315133
0.315145
0.315155
0.315171
0.315168
0.315172
0.315114
0.315118
0.315068
0.315005
0.314996
0.314985
0.314921
0.314905
0.314943
0.31494
0.314958
0.314927
0.314895
0.314893
0.314809
0.314854
0.314822
0.314875
0.314881
0.314856
0.314811
0.314857
0.314861
0.314856
0.314771
0.314781
0.314813
0.314837
0.314842
0.314847
0.314871
0.314833
0.314801
0.314739
0.314681
0.314639
0.314609
0.314559
0.314489
0.314472
0.314497
0.314522
0.314506
0.314397
0.314355
0.314374
0.314392
0.314323
0.314299
0.314344
0.314389
0.314422
0.314417
0.314383
0.314382
0.314427
0.314384
0.314394
0.314439
0.314457
0.314455
0.314522
0.3145
0.314478
0.314482
0.314451
0.314497
0.314527
0.314519
0.314522
0.314492
0.314497
0.314435
0.314468
0.314465
0.314517
0.314515
0.314559
0.314531
0.314467
0.314439
0.314396
0.314369
0.314372
0.314364
0.31438
0.314344
0.314331
0.314308
0.314311
0.314269
0.314287
0.314312
0.314343
0.31436
0.314368
0.314393
0.314422
0.3144
0.314454
0.314483
0.314521
0.314527
0.314593
0.314583
0.314538
0.314589
0.314581
0.314579
0.314584
0.314637
0.314656
0.31469
0.314708
0.314714
0.314731
0.314728
0.314772
0.314789
0.314787
0.314798
0.314838
0.314783
0.314754
0.314763
0.314774
0.314785
0.314756
0.314734
0.314724
0.314682
0.314637
0.314618
0.314616
0.314594
0.314543
0.314505
0.314548
0.314525
0.314624
0.314568
0.314541
0.314566
0.314568
0.31455
0.314508
0.314485
0.314476
0.314507
0.314471
0.314469
0.314485
0.31446
0.314506
0.314464
0.314434
0.314479
0.314457
0.314456
0.314412
0.314402
0.314412
0.314402
0.314432
0.314421
0.314405
0.314384
0.314401
0.314384
0.314349
0.314337
0.314302
0.314259
0.314251
0.314198
0.314187
0.314158
0.314129
0.314127
0.314126
0.31415
0.314126
0.314122
0.314147
0.31417
0.31413
0.314146
0.314116
0.314147
0.314171
0.314169
0.314221
0.314272
0.314256
0.314219
0.314201
0.314212
0.314199
0.31421
0.314219
0.314216
0.314207
0.31423
0.3142
0.314182
0.314185
0.314177
0.314195
0.314213
0.314229
0.314233
0.314216
0.314194
0.314165
0.314129
0.314121
0.314085
0.314069
0.314066
0.314096
0.314085
0.314104
0.314095
0.314114
0.314097
0.314062
0.314139
0.31417
0.314149
0.314125
0.314162
0.314218
0.314235
0.31422
0.314278
0.314281
0.314259
0.314276
0.314294
0.314311
0.314274
0.314277
0.314287
0.314235
0.314251
0.314268
0.314225
0.314249
0.314206
0.314201
0.314202
0.314142
0.314139
0.31417
0.314201
0.314179
0.314223
0.314236
0.314261
0.314239
0.314199
0.314222
0.314267
0.314317
0.314341
0.314306
0.314341
0.3143
0.314234
0.314217
0.314336
0.31434
0.314337
0.314348
0.314313
0.314396
0.314386
0.314371
0.314377
0.314361
0.314378
0.314442
0.314492
0.314484
0.314449
0.314458
0.314461
0.314465
0.314418
0.314379
0.314343
0.31438
0.314341
0.314399
0.314429
0.314434
0.314466
0.31443
0.31445
0.314472
0.314485
0.31449
0.31445
0.314467
0.314454
0.314407
0.314365
0.314381
0.314372
0.314369
0.3144
0.314341
0.31434
0.314299
0.314308
0.314313
0.314304
0.314301
0.314249
0.314264
0.314328
0.31427
0.314313
0.314324
0.314315
0.314281
0.314274
0.314257
0.314243
0.314246
0.314232
0.314223
0.314277
0.314188
0.314185
0.31415
0.314185
0.31417
0.314137
0.314158
0.314167
0.314182
0.314213
0.31421
0.314221
0.314212
0.314178
0.314188
0.314154
0.314159
0.314126
0.314124
0.314166
0.314235
0.314271
0.314248
0.314234
0.314207
0.314208
0.314224
0.314235
0.314238
0.31423
0.314254
0.314277
0.314262
0.314234
0.314269
0.3143
0.314253
0.314218
0.314217
0.314213
0.314192
0.314208
0.314199
0.314168
0.314195
0.314124
0.314126
0.314131
0.314098
0.314133
0.314144
0.314193
0.314248
0.31427
0.314263
0.314229
0.314189
0.314233
0.31428
0.314303
0.314381
0.314376
0.314363
0.314377
0.314367
0.314385
0.314377
0.314419
0.314399
0.314371
0.31433
0.314292
0.314315
0.314292
0.314264
0.314258
0.314311
0.314323
0.314346
0.314357
0.314342
0.314333
0.314348
0.314401
0.314375
0.31433
0.314282
0.314255
0.314232
0.314233
0.314212
0.31419
0.314187
0.314179
0.314196
0.314219
0.314235
0.314238
0.31425
0.314249
0.314217
0.314259
0.314238
0.314195
0.314144
0.31413
0.314141
0.314107
0.314116
0.314106
0.314124
0.314104
0.314138
0.314128
0.314125
0.314152
0.314167
0.31414
0.314144
0.314136
0.314159
0.314137
0.314117
0.314135
0.314144
0.314135
0.314112
0.314134
0.314139
0.314199
0.314152
0.314118
0.314157
0.314142
0.314125
0.314106
0.314098
0.314076
0.314093
0.314038
0.313986
0.313949
0.313921
0.313886
0.31392
0.313937
0.313986
0.313997
0.313976
0.313956
0.313946
0.313906
0.313878
0.313877
0.313907
0.313874
0.313902
0.313925
0.313959
0.31397
0.313981
0.313953
0.313924
0.313909
0.313913
0.313871
0.313898
0.313947
0.313945
0.313917
0.313873
0.313846
0.313866
0.313846
0.313832
0.313848
0.313835
0.313828
0.313812
0.313779
0.313748
0.313701
0.313657
0.313687
0.313727
0.313717
0.313722
0.313707
0.313723
0.313659
0.313663
0.313611
0.313571
0.31355
0.313503
0.313465
0.313499
0.313483
0.313499
0.313554
0.313523
0.313571
0.313525
0.313541
0.313514
0.313555
0.313591
0.313639
0.313631
0.313697
0.313707
0.313723
0.313725
0.313759
0.313732
0.313807
0.313879
0.313934
0.313931
0.313929
0.313959
0.313955
0.313977
0.313945
0.313953
0.313968
0.313971
0.313944
0.313929
0.313903
0.313905
0.313933
0.313931
0.313904
0.31389
0.313914
0.313876
0.313832
0.31386
0.313878
0.313907
0.313911
0.313958
0.314023
0.314014
0.313988
0.314022
