0.655556
0.713542
0.676157
0.692913
0.681913
0.6875
0.691069
0.690051
0.689266
0.68962
0.687379
0.69052
0.69163
0.691213
0.694136
0.696307
0.694143
0.697115
0.695795
0.695406
0.697209
0.69819
0.696067
0.69935
0.702548
0.700403
0.699902
0.698435
0.698061
0.69802
0.698204
0.698723
0.697195
0.693886
0.693391
0.69542
0.697139
0.695684
0.697906
0.700522
0.702041
0.701865
0.702439
0.701582
0.702418
0.702043
0.702013
0.701466
0.701583
0.701834
0.699502
0.699291
0.698447
0.698896
0.700077
0.699368
0.699726
0.700785
0.700506
0.700997
0.700865
0.700185
0.699476
0.700067
0.70042
0.699695
0.698065
0.697665
0.697738
0.696982
0.696629
0.69814
0.699
0.699744
0.698286
0.699558
0.699184
0.699963
0.699963
0.700274
0.701231
0.70077
0.700443
0.701157
0.700726
0.70173
0.701778
0.702227
0.702089
0.702667
0.702431
0.702967
0.70361
0.704064
0.703589
0.702848
0.702086
0.702038
0.70361
0.703698
0.704366
0.705916
0.706263
0.706843
0.707132
0.708113
0.708575
0.708916
0.708645
0.709351
0.709371
0.70871
0.708531
0.708583
0.709489
0.710672
0.710741
0.711364
0.710553
0.710334
0.71029
0.71079
0.711168
0.71149
0.711765
0.712679
0.712289
0.712236
0.713162
0.713679
0.714107
0.714754
0.715279
0.7147
0.714966
0.714913
0.714815
0.715243
0.713749
0.712504
0.711658
0.712381
0.712469
0.712157
0.712081
0.712022
0.712544
0.712557
0.712668
0.712879
0.712946
0.713529
0.7127
0.712987
0.713502
0.713534
0.713267
0.713233
0.713574
0.713632
0.713822
0.713008
0.713449
0.712244
0.712749
0.712087
0.711999
0.711768
0.71216
0.711896
0.712359
0.712186
0.712344
0.712981
0.713025
0.712972
0.713161
0.713131
0.713257
0.713488
0.713149
0.713073
0.712377
0.712129
0.712256
0.712428
0.712784
0.712597
0.712991
0.712557
0.713219
0.713046
0.713274
0.712824
0.712996
0.713023
0.712943
0.713145
0.713193
0.712757
0.713258
0.713582
0.713628
0.713463
0.713341
0.713721
0.71387
0.713809
0.713646
0.713557
0.713836
0.713919
0.714184
0.713973
0.714607
0.715116
0.714913
0.714642
0.714315
0.714158
0.714403
0.71376
0.713908
0.714064
0.713738
0.71374
0.713504
0.713364
0.713472
0.71308
0.713235
0.713277
0.713383
0.713063
0.713392
0.713249
0.713464
0.713367
0.712646
0.712697
0.712713
0.712353
0.712529
0.712483
0.712659
0.71256
0.712032
0.711683
0.711851
0.711678
0.711612
0.711587
0.711408
0.711522
0.711204
0.711198
0.711259
0.711193
0.711171
0.711282
0.711202
0.711521
0.711316
0.711579
0.711409
0.711225
0.711224
0.711438
0.71133
0.711437
0.711303
0.711327
0.711378
0.711602
0.711659
0.711478
0.712217
0.712067
0.712192
0.712254
0.712054
0.712248
0.712293
0.712063
0.711681
0.711582
0.711525
0.711147
0.710692
0.710697
0.710808
0.710854
0.710569
0.710654
0.710711
0.710589
0.710603
0.710864
0.711065
0.711286
0.711359
0.711469
0.711594
0.711939
0.712031
0.712124
0.712088
0.711799
0.712117
0.711186
0.711329
0.711288
0.711117
0.710848
0.711038
0.71041
0.710456
0.710393
0.710602
0.710579
0.710843
0.71057
0.710643
0.71033
0.71014
0.710216
0.710263
0.710386
0.710377
0.710217
0.710381
0.710168
0.710273
0.71033
0.710439
0.710333
0.71043
0.710621
0.71052
0.710332
0.710254
0.710157
0.709953
0.710318
0.710198
0.709996
0.70989
0.70971
0.709614
0.709686
0.709798
0.709781
0.709958
0.709881
0.709543
0.709463
0.709436
0.70968
0.709845
0.709783
0.709727
0.709653
0.709766
0.709797
0.709757
0.710055
0.710208
0.710177
0.710191
0.710107
0.710019
0.709872
0.70972
0.70945
0.709577
0.70963
0.709793
0.709659
0.709756
0.709724
0.709696
0.709736
0.709881
0.709853
0.709916
0.709831
0.70987
0.709897
0.710168
0.709899
0.709696
0.709792
0.709726
0.709916
0.709835
0.709603
0.709684
0.709664
0.709773
0.709706
0.709333
0.7096
0.709665
0.709818
0.709896
0.710052
0.710277
0.709857
0.709903
0.709946
0.709824
0.709947
0.709821
0.709815
0.709826
0.709804
0.709958
0.710085
0.710105
0.709749
0.709896
0.709972
0.709896
0.70959
0.709587
0.709566
0.709533
0.709599
0.709599
0.709513
0.709494
0.709586
0.709648
0.70977
0.709615
0.709595
0.709814
0.709701
0.709772
0.709866
0.709763
0.709828
0.709767
0.709696
0.709702
0.70988
0.709942
0.709917
0.710022
0.709904
0.709918
0.709894
0.709869
0.70991
0.70989
0.70961
0.709547
0.709352
0.709363
0.709254
0.709217
0.709203
0.709408
0.7093
0.709308
0.70921
0.709225
0.70944
0.709421
0.709461
0.709486
0.709603
0.709451
0.709429
0.709157
0.70927
0.709252
0.709364
0.709493
0.709367
0.709431
0.709562
0.709601
0.709766
0.709847
0.709752
0.709892
0.709855
0.709738
0.709998
0.709926
0.70997
0.709906
0.709776
0.709887
0.709712
0.709604
0.709599
0.709667
0.709466
0.709578
0.709431
0.709571
0.709294
0.709094
0.709112
0.709237
0.709336
0.709392
0.7094
0.709416
0.709467
0.709469
0.709381
0.70929
0.709181
0.709277
0.709339
0.709341
0.709168
0.709068
0.70901
0.70896
0.70903
0.709109
0.709031
0.709008
0.708993
0.709037
0.709051
0.709083
0.709009
0.708977
0.708896
0.708919
0.708963
0.708905
0.708956
0.708855
0.708853
0.708951
0.70893
0.709065
0.709105
0.709195
0.709181
0.709225
0.709136
0.709112
0.709044
0.709103
0.709061
0.708981
0.708885
0.708849
0.709023
0.709082
0.709055
0.709097
0.709069
0.709083
0.709122
0.709036
0.709039
0.708991
0.709121
0.709143
0.709032
0.709086
0.708916
0.708925
0.708851
0.708882
0.70886
0.708764
0.708877
0.7089
0.708839
0.708944
0.709093
0.709143
0.709319
0.709419
0.709431
0.709432
0.709369
0.70939
0.709532
0.709628
0.70974
0.709717
0.709772
0.709676
0.709586
0.709657
0.709646
0.709596
0.70966
0.709669
0.709663
0.709748
0.709722
0.709599
0.709476
0.70949
0.709575
0.709558
0.709515
0.709432
0.709429
0.709408
0.709447
0.709321
0.709444
0.709617
0.709787
0.709768
0.709723
0.709805
0.709807
0.709706
0.709642
0.70957
0.709495
0.709325
0.709301
0.709364
0.709361
0.709358
0.709443
0.709346
0.709374
0.70933
0.709332
0.709389
0.709424
0.709354
0.709521
0.709373
0.709545
0.709649
0.709716
0.70959
0.709526
0.709467
0.709412
0.709413
0.709507
0.709453
0.709373
0.709477
0.709393
0.709258
0.709358
0.709362
0.709295
0.709236
0.709302
0.709281
0.709319
0.709374
0.709369
0.709367
0.709383
0.709388
0.70919
0.709199
0.709226
0.70923
0.70917
0.709263
0.709192
0.709194
0.709192
0.709247
0.709273
0.709229
0.709311
0.709097
0.709093
0.708969
0.70886
0.708937
0.708937
0.70885
0.708803
0.708837
0.708906
0.708835
0.708914
0.708976
0.709076
0.709054
0.709051
0.709113
0.709132
0.709203
0.709025
0.709087
0.70912
0.709202
0.709168
0.709144
0.709247
0.70921
0.709238
0.709299
0.709371
0.70948
0.709519
0.709422
0.709287
0.709368
0.709455
0.70938
0.709467
0.709466
0.709536
0.709523
0.709551
0.70958
0.709532
0.709612
0.709723
0.709777
0.709698
0.709604
0.70956
0.709436
0.709407
0.709401
0.709337
0.709393
0.709305
0.709276
0.709111
0.709158
0.709018
0.708887
0.708868
0.708835
0.708868
0.708788
0.708773
0.708742
0.708794
0.708836
0.708778
0.708817
0.708826
0.708805
0.708763
0.708808
0.708819
0.708827
0.708908
0.708986
0.708885
0.708877
0.708896
0.708826
0.708746
0.70866
0.708748
0.708804
0.708891
0.708853
0.70894
0.708889
0.708889
0.708885
0.708958
0.708895
0.708903
0.708886
0.708995
0.709113
0.709144
0.709207
0.709232
0.709302
0.709349
0.709347
0.709372
0.709415
0.709383
0.709441
0.709313
0.709336
0.70935
0.709356
0.709386
0.709351
0.709338
0.709361
0.709353
0.709396
0.709313
0.709375
0.709294
0.709206
0.70921
0.709278
0.709261
0.709166
0.709145
0.709102
0.709059
0.709038
0.708945
0.708835
0.70866
0.708642
0.708612
0.708623
0.708639
0.708675
0.708677
0.708767
0.708833
0.708867
0.708734
0.708739
0.708715
0.708726
0.708558
0.708564
0.708637
0.70872
0.7086
0.708559
0.70849
0.70845
0.708471
0.708447
0.70841
0.70835
0.708426
0.708443
0.708474
0.708486
0.708578
0.708543
0.708588
0.708495
0.708435
0.708452
0.708369
0.708391
0.708521
0.708625
0.708492
0.708583
0.708554
0.708473
0.70842
0.708446
0.708479
0.708433
0.708539
0.708486
0.708433
0.708474
0.70849
0.708467
0.708422
0.708482
0.70843
0.708286
0.708304
0.708398
0.708464
0.708474
0.70844
0.708472
0.708518
0.708541
0.708528
0.708563
0.708558
0.70849
0.708437
0.708358
0.708256
0.708247
0.708197
0.708175
0.708151
0.708088
0.708082
0.708185
0.708209
0.708241
0.70821
0.70828
0.708315
0.708356
0.708315
0.708359
0.708215
0.708149
0.70818
0.708153
0.708152
0.708186
0.708257
0.708255
0.708151
0.70817
0.708115
0.708161
0.708222
0.708292
0.708339
0.708403
0.708387
0.708376
0.708441
0.708438
0.708433
0.708441
0.708426
0.708366
0.70835
0.70814
0.708171
0.708152
0.708053
0.708066
0.708107
0.708088
0.708052
0.707874
0.708014
0.708024
0.707979
0.707985
0.707945
0.707926
0.707947
0.707921
0.708008
0.708008
0.708026
0.708101
0.708166
0.708221
0.708297
0.708378
0.708439
0.70839
0.708528
0.708495
0.708495
0.708469
0.708467
0.708489
0.708414
0.708394
0.708333
0.708389
0.708371
0.708409
0.708509
0.708571
0.708599
0.708653
0.708615
0.708645
0.708715
0.708758
0.708693
0.708765
0.708783
0.708762
0.708768
0.70878
0.708827
0.708817
0.708756
0.708707
0.708693
0.70879
0.70885
0.708839
0.708978
0.708959
0.70904
0.709074
0.709009
0.70902
0.709043
0.709031
0.709088
0.709086
0.709066
0.709018
0.70903
0.708901
0.708878
0.708898
0.708972
0.709003
0.708919
0.708964
0.708892
0.708869
0.70887
0.708842
0.708851
0.708862
0.708864
0.70879
0.70874
0.708739
0.708756
0.708725
0.708686
0.708716
0.708782
0.708764
0.708741
0.708647
0.708675
0.708757
0.708827
0.708796
0.708829
0.70878
0.708795
0.708733
0.708611
0.708634
0.708532
0.708499
0.708397
0.708455
0.708471
0.708552
0.70857
0.708477
0.708416
0.708558
0.708591
0.70846
0.708352
0.708384
0.708401
0.708368
0.708395
0.708365
0.708384
0.708472
0.708503
0.708465
0.708498
0.708474
0.708423
0.708331
0.708304
0.708337
0.708417
0.7084
0.708418
0.708466
0.708477
0.708476
0.708392
0.708376
0.708398
0.708286
0.708183
0.708272
0.708276
0.708311
0.708269
0.708315
0.708352
0.708266
0.708242
0.708232
0.708272
0.708287
0.708387
0.708437
0.708412
0.708461
0.708542
0.708525
0.708564
0.708585
0.708662
0.708571
0.708621
0.708663
0.708561
0.708582
0.708554
0.708543
0.708513
0.708519
0.708546
0.708558
0.70864
0.708624
0.708705
0.708694
0.708798
0.708787
0.708729
0.708767
0.708788
0.708765
0.708726
0.70879
0.70884
0.70877
0.708657
0.708668
0.708749
0.708848
0.708845
0.708778
0.708729
0.708594
0.70861
0.708551
0.708584
0.708594
0.708634
0.708578
0.708469
0.708411
0.708427
0.708479
0.70843
0.708543
0.708399
0.708374
0.708464
0.708503
0.708505
0.708572
0.708585
0.708638
0.708613
0.708598
0.708541
0.708579
0.708566
0.708606
0.708556
0.708514
0.708489
0.708488
0.708401
0.708376
0.708527
0.708508
0.708465
0.708526
0.708537
0.70858
0.708657
0.708673
0.70857
0.708586
0.708564
0.708658
0.708631
0.708646
0.708634
0.708711
0.708707
0.708806
0.708882
0.708897
0.708802
0.708832
0.708805
0.708765
0.708643
0.708652
0.708612
0.708574
0.708514
0.708534
0.708542
0.708588
0.70852
0.708505
0.708476
0.708407
0.708423
0.708413
0.708402
0.708404
0.708461
0.708522
0.70848
0.70848
0.708444
0.708382
0.70841
0.70839
0.708431
0.708355
0.708355
0.708364
0.708361
0.708318
0.70828
0.708278
0.708335
0.708316
0.70837
0.708358
0.708361
0.708334
0.708362
0.708339
0.708315
0.708301
0.708368
0.708379
0.708376
0.708397
0.708339
0.70824
0.708287
0.708262
0.708325
0.708326
0.708263
0.708332
0.708338
0.708366
0.708406
0.708327
0.708434
0.708422
0.70846
0.708406
0.708327
0.708371
0.708416
0.708415
0.708434
0.708323
0.708278
0.708293
0.708253
0.70827
0.708249
0.70821
0.708153
0.708196
0.708179
0.708212
0.70815
0.708115
0.708096
0.708135
0.70817
0.708137
0.708175
0.708158
0.70814
0.708212
0.708235
0.708292
0.708381
0.708303
0.708242
0.708127
0.708222
0.708208
0.708247
0.708172
0.708145
0.708175
0.708184
0.708103
0.708075
0.708142
0.708076
0.708105
0.708125
0.708107
0.708122
0.708031
0.708088
0.708113
0.70809
0.70801
0.708045
0.708038
0.708044
0.707968
0.70791
0.707926
0.707988
0.707982
0.708063
0.708197
0.70814
0.708076
0.708068
0.708087
0.708157
0.7082
0.70826
0.708294
0.7083
0.708323
0.708348
0.708365
0.708362
0.708363
0.708408
0.708408
0.708435
0.708393
0.708411
0.708398
0.708458
0.708524
0.708579
0.708573
0.708513
0.708537
0.708631
0.708678
0.70864
0.708684
0.708722
0.708691
0.708674
0.708703
0.708704
0.708719
0.708735
0.708713
0.70871
0.708683
0.708752
0.708807
0.708924
0.708931
0.709004
0.709039
0.70905
0.708993
0.708955
0.70901
0.709042
0.708995
0.708992
0.709008
0.708969
0.709034
0.709066
0.709034
0.709038
0.709018
0.709082
0.709087
0.709126
0.709134
0.709094
0.709129
0.709132
0.70913
0.709197
0.709263
0.709274
0.709233
0.709215
0.709275
0.709322
0.70931
0.709319
0.709413
0.709376
0.709421
0.709358
0.709279
0.709256
0.709216
0.709186
0.709193
0.709099
0.709044
0.709075
0.709024
0.709039
0.709019
0.709005
0.708996
0.709057
0.709161
0.709139
0.709134
0.709143
0.709173
0.709096
0.709175
0.709195
0.709242
0.709265
0.709225
0.709165
0.709152
0.709174
0.709225
0.709247
0.70918
0.709204
0.709206
0.709186
0.709166
0.709154
0.709115
0.709087
0.709049
0.709126
0.709172
0.709101
0.709136
0.709141
0.709184
0.709204
0.709149
0.709159
0.70918
0.709146
0.709176
0.709162
0.709129
0.709111
0.709033
0.70905
0.709029
0.70903
0.708993
0.708989
0.708972
0.709005
0.709005
0.709008
0.709089
0.709095
0.709161
0.709139
0.709138
0.709118
0.709138
0.70907
0.709058
0.709156
0.709139
0.70917
0.709168
0.709205
0.709107
0.709072
0.709123
0.709121
0.709082
0.709103
0.709067
0.709079
0.708999
0.708969
0.708996
0.709062
0.709061
0.709106
0.709132
0.709049
0.709062
0.709099
0.709128
0.709098
0.709086
0.709107
0.709169
0.709193
0.709076
0.709035
0.70901
0.70898
0.708969
0.709009
0.709018
0.709089
0.709108
0.709093
0.709077
0.709034
0.709085
0.709132
0.709147
0.709111
0.709105
0.709091
0.709138
0.709079
0.709098
0.709099
0.709027
0.709028
0.709002
0.709006
0.709015
0.709097
0.709123
0.709114
0.709126
0.709188
0.709199
0.709183
0.709198
0.709265
0.709246
0.709261
0.709245
0.709248
0.709338
0.709346
0.709353
0.709342
0.709335
0.709329
0.709349
0.709316
0.709325
0.709381
0.709333
0.709364
0.709307
0.709374
0.709402
0.709433
0.709392
0.709387
0.709396
0.709417
0.709456
0.709447
0.709404
0.709441
0.709461
0.709432
0.709323
0.70932
0.709389
0.709417
0.7094
0.709354
0.709308
0.709303
0.709266
0.709236
0.709241
0.709201
0.709212
0.709262
0.709244
0.709268
0.70927
0.70929
0.709274
0.709358
0.709426
0.709336
0.709329
0.709374
0.709429
0.709428
0.709433
0.709424
0.709437
0.709463
0.70946
0.709502
0.709475
0.709468
0.709411
0.70936
0.709396
0.709399
0.709333
0.709409
0.709392
0.70946
0.70945
0.70938
0.709372
0.709463
0.709476
0.70944
0.70952
0.709502
0.709547
0.709574
0.709623
0.709601
0.709657
0.709719
0.709728
0.709716
0.709723
0.709649
0.709611
0.709568
0.709522
0.709487
0.709479
0.709485
0.709482
0.709457
0.709479
0.709498
0.709457
0.709496
0.709553
0.70958
0.709582
0.709643
0.709609
0.709594
0.709633
0.709631
0.709672
0.709629
0.709578
0.709526
0.709548
0.709521
0.709528
0.7095
0.709483
0.709501
0.709561
0.709559
0.709606
0.709545
0.709557
0.709512
0.709535
0.70952
0.709371
0.709394
0.709418
0.709452
0.709461
0.709477
0.709429
0.709394
0.709474
0.709496
0.70946
0.709382
0.70933
0.70932
0.709349
0.709339
0.70931
0.709326
0.709289
0.709283
0.709291
0.709271
0.709293
0.709308
0.70929
0.709302
0.709305
0.709281
0.709235
0.709244
0.709156
0.709207
0.709165
0.709146
0.709145
0.709155
0.709179
0.709149
0.709159
0.709242
0.70928
0.709249
0.709307
0.709301
0.709305
0.709287
0.709318
0.709287
0.709254
0.709247
0.709165
0.709187
0.709199
0.709214
0.709193
0.709195
0.709178
0.709187
0.709235
0.709278
0.709307
0.709332
0.709283
0.7093
0.709346
0.709325
0.709325
0.709322
0.709313
0.709339
0.709328
0.709385
0.709396
0.709422
0.709412
0.709422
0.709383
0.709332
0.709307
0.709255
0.709285
0.709292
0.709328
0.70939
0.709423
0.70948
0.70947
0.709522
0.709494
0.709476
0.709506
0.709486
0.709492
0.709425
0.709443
0.709473
0.709467
0.70952
0.709531
0.709573
0.709548
0.709556
0.709577
0.709637
0.709621
0.709587
0.70951
0.709528
0.709502
0.709525
0.709486
0.709481
0.709521
0.709527
0.709532
0.709556
0.709522
0.709514
0.709498
0.70951
0.709487
0.709519
0.70947
0.709483
0.709512
0.709559
0.709575
0.709572
0.709549
0.709571
0.709621
0.70955
0.709594
0.709616
0.709551
0.709549
0.709529
0.709564
0.709544
0.709604
0.709635
0.709622
0.7096
0.709623
0.709613
0.709594
0.709555
0.709546
0.70943
0.709427
0.709485
0.709547
0.709497
0.709543
0.709555
0.709589
0.709606
0.709541
0.709513
0.709549
0.709556
0.709479
0.709441
0.709459
0.709441
0.709455
0.709405
0.709437
0.709494
0.709515
0.709545
0.709518
0.709517
0.70944
0.709396
0.709401
0.709401
0.709405
0.709406
0.709431
0.709412
0.709402
0.70941
0.709438
0.709506
0.709519
0.709484
0.70951
0.709493
0.709494
0.709518
0.709483
0.709469
0.709468
0.709507
0.709549
0.709546
0.70956
0.70958
0.70959
0.709583
0.709569
0.709555
0.70957
0.709551
0.709539
0.70957
0.709551
0.709572
0.709597
0.709576
0.709577
0.709588
0.709593
0.709609
0.709561
0.709563
0.709585
0.709565
0.709563
0.709566
0.709606
0.709586
0.709611
0.70961
0.709647
0.709631
0.70965
0.709584
0.709533
0.709477
0.709495
0.709493
0.709506
0.709478
0.709492
0.70952
0.709518
0.709521
0.709526
0.709514
0.709502
0.709485
0.709497
0.709528
0.709537
0.70961
0.709638
0.709663
0.70964
0.70965
0.709636
0.709657
0.709712
0.709718
0.709705
0.709691
0.709684
0.709677
0.709622
0.709632
0.709622
0.709618
0.709611
0.709665
0.709672
0.709654
0.709662
0.709674
0.709627
0.709643
0.709637
0.709635
0.709629
0.709642
0.709657
0.709674
0.709714
0.70973
0.709759
0.709708
0.709698
0.709719
0.709756
0.709775
0.709792
0.709818
0.709832
0.709833
0.709825
0.709837
0.709823
0.709853
0.709856
0.70986
0.709918
0.709949
0.709944
0.709949
0.709959
0.710019
0.710013
0.710044
0.710028
0.710071
0.710101
0.710075
0.710026
0.710027
0.709988
0.709979
0.709942
0.709922
0.709899
0.709908
0.709911
0.709903
0.709878
0.70989
0.709888
0.709892
0.70989
0.709894
0.709922
0.709978
0.710001
0.709957
0.709937
0.709939
0.710006
0.710037
0.71003
0.710052
0.710038
0.710031
0.710024
0.709954
0.709987
0.709985
0.70998
0.710002
0.710009
0.71004
0.710045
0.709998
0.709976
0.710005
0.710027
0.710014
0.710031
0.710018
0.709992
0.710009
0.71001
0.709998
0.709991
0.709975
0.709957
0.709971
0.709983
0.709984
0.709973
0.709997
0.709998
0.709995
0.710012
0.709997
0.710011
0.710001
0.709995
0.709944
0.709911
0.709889
0.709873
0.709835
0.709803
0.709787
0.709773
0.709733
0.709701
0.70973
0.709745
0.709754
0.70978
0.70976
0.709771
0.70975
0.709773
0.70973
0.709771
0.709794
0.709786
0.709814
0.709814
0.709834
0.709834
0.709855
0.709825
0.709797
0.709801
0.709792
0.709815
0.709807
0.709796
0.709788
0.709802
0.709831
0.709818
0.709766
0.709705
0.709714
0.70973
0.709716
0.709758
0.709726
0.709714
0.709734
0.709755
0.709787
0.709832
0.70983
0.709819
0.709807
0.709858
0.709836
0.709863
0.709892
0.709887
0.709884
0.709907
0.709863
0.709892
0.709879
0.709921
0.709928
0.709954
0.70997
0.709976
0.710004
0.710013
0.709988
0.710009
0.710014
0.710042
0.709992
0.710003
0.710016
0.709969
0.709986
0.709929
0.709938
0.709926
0.709886
0.709894
0.709877
0.709861
0.709872
0.709859
0.709852
0.70986
0.70986
0.709887
0.709919
0.709923
0.709919
0.709898
0.7099
0.709907
0.709925
0.709903
0.709906
0.709896
0.709908
0.709947
0.709945
0.70998
0.710018
0.710019
0.71002
0.709998
0.710014
0.710036
0.710065
0.710043
0.710014
0.710077
0.710073
0.710103
0.71011
0.710083
0.710134
0.710116
0.710097
0.710089
0.71009
0.710058
0.710037
0.71006
0.710076
0.710044
0.710087
0.710098
0.710063
0.710044
0.710039
0.710036
0.710035
0.710016
0.71
0.710038
0.710002
0.710031
0.710047
0.710035
0.710028
0.710012
0.710011
0.709989
0.709971
0.709957
0.709948
0.709995
0.710024
0.710025
0.710004
0.710042
0.710069
0.710105
0.710114
0.71013
0.710151
0.710131
0.710098
0.710093
0.710099
0.710075
0.710093
0.7101
0.710122
0.71014
0.710134
0.71014
0.710126
0.710121
0.710067
0.710111
0.71012
0.710166
0.71014
0.71012
0.710129
0.710098
0.710045
0.710052
0.710069
0.710084
0.710079
0.710059
0.710039
0.710023
0.710052
0.710064
0.710125
0.710151
0.710164
0.710144
0.710133
0.710126
0.710148
0.710116
0.710097
0.710088
0.710104
0.710095
0.71009
0.710106
0.710076
0.710089
0.710085
0.710088
0.710104
0.7101
0.710094
0.71014
0.710126
0.710107
0.710138
0.710089
0.710109
0.710149
0.710106
0.710083
0.710098
0.710064
0.710078
0.710096
0.710144
0.710172
0.710151
0.710137
0.710154
0.710115
0.710122
0.710138
0.710154
0.710137
0.710107
0.710106
0.710067
0.710058
0.710058
0.710014
0.710012
0.710003
0.71001
0.709993
0.709994
0.70997
0.709984
0.710038
0.710053
0.710032
0.710035
0.710018
0.709992
0.710009
0.709985
0.71
0.709961
0.709983
0.70998
0.709979
0.710028
0.710082
0.710114
0.710098
0.710118
0.710119
0.710137
0.710111
0.710124
0.710144
0.710142
0.710096
0.710119
0.710138
0.710142
0.71011
0.710102
0.7101
0.710111
0.710121
0.710091
0.7101
0.710081
0.710119
0.710113
0.710125
0.710131
0.710165
0.710167
0.710168
0.710163
0.710169
0.710173
0.710204
0.710204
0.710197
0.710219
0.71022
0.710186
0.710188
0.710141
0.710155
0.710181
0.710182
0.710196
0.710206
0.710222
0.710179
0.710164
0.710159
0.710154
0.710145
0.71012
0.710109
0.710098
0.710127
0.710142
0.710174
0.7102
0.710201
0.710187
0.710172
0.710177
0.710163
0.710169
0.710152
0.710159
0.710151
0.710185
0.710226
0.71024
0.710198
0.710206
0.710203
0.710148
0.710162
0.710172
0.71019
0.710198
0.710196
0.710215
0.710204
0.710199
0.710218
0.710198
0.710195
0.710206
0.710212
0.710264
0.710231
0.710246
0.71024
0.710238
0.710276
0.710317
0.710294
0.710271
0.710253
0.710256
0.710279
0.710258
0.710233
0.710224
0.710218
0.710176
0.710197
0.710201
0.710186
0.71017
0.710138
0.710122
0.71013
0.710109
0.710085
0.710115
0.710114
0.710126
0.710118
0.710105
0.710122
0.710117
0.710113
0.710133
0.710153
0.71016
0.710131
0.710179
0.710138
0.710126
0.71015
0.710154
0.710166
0.710171
0.710123
0.710108
0.710098
0.710091
0.710102
0.710134
0.710163
0.710171
0.710183
0.710208
0.710184
0.710172
0.710215
0.71021
0.710206
0.710223
0.710212
0.710251
0.710272
0.710243
0.710218
0.710249
0.710267
0.710285
0.710311
0.710282
0.710273
0.71028
0.710248
0.710196
0.71021
0.710215
0.710219
0.710202
0.710203
0.710185
0.710132
0.710157
0.710184
0.710212
0.71023
0.710242
0.710205
0.710199
0.710207
0.710219
0.710212
0.710199
0.710207
0.710249
0.71027
0.710291
0.710287
0.710328
0.71031
0.710317
0.71033
0.71032
0.710337
0.710291
0.710299
0.710319
0.710289
0.71027
0.710288
0.710303
0.710313
0.710264
0.710253
0.710229
0.710211
0.710228
0.710227
0.710204
0.710197
0.710173
0.710216
0.710213
0.710209
0.710193
0.710169
0.710174
0.710157
0.710155
0.710159
0.710171
0.710193
0.710195
0.71022
0.710236
0.710238
0.710235
0.710249
0.710257
0.710296
0.710282
0.710278
0.710235
0.710225
0.710241
0.710285
0.710318
0.710337
0.710306
0.710277
0.710274
0.710263
0.710252
0.710259
0.710252
0.710236
0.710251
0.710228
0.710237
0.710224
0.710222
0.71023
0.710199
0.710146
0.710138
0.710157
0.710173
0.710184
0.710185
0.710178
0.710198
0.710209
0.71026
0.710277
0.710243
0.710251
0.710242
0.710264
0.710263
0.710245
0.710247
0.710276
0.710314
0.710297
0.710294
0.710317
0.710304
0.710305
0.710323
0.710301
0.710319
0.710334
0.710341
0.710334
0.710344
0.710358
0.710373
0.710389
0.710375
0.710406
0.7104
0.710401
0.710417
0.710417
0.710414
0.710421
0.710405
0.710398
0.710381
0.710386
0.71039
0.710416
0.710405
0.710385
0.710379
0.710413
0.710408
0.710401
0.710389
0.710382
0.710368
0.710378
0.710345
0.71036
0.710405
0.710432
0.710437
0.710434
0.710454
0.710451
0.71045
0.710458
0.710497
0.710491
0.710496
0.710481
0.710515
0.710528
0.710511
0.710487
0.710498
0.710489
0.710529
0.710515
0.710529
0.710512
0.710479
0.710482
0.710482
0.710494
0.710528
0.710535
0.710554
0.710549
0.710539
0.710541
0.710551
0.710566
0.710566
0.710586
0.710581
0.710528
0.710524
0.710546
0.710559
0.710574
0.710577
0.710515
0.710531
0.710527
0.71054
0.710515
0.710533
0.710561
0.710549
0.710555
0.71054
0.710531
0.710535
0.710545
0.710566
0.710606
0.710577
0.710587
0.710585
0.710594
0.710599
0.710633
0.710651
0.71063
0.710649
0.710664
0.710641
0.710648
0.710637
0.710605
0.710593
0.71059
0.710582
0.71058
0.710616
0.710627
0.710615
0.710632
0.710646
0.710659
0.710684
0.710691
0.710663
0.710672
0.710696
0.710719
0.710671
0.710643
0.710671
0.710693
0.710677
0.710694
0.710733
0.710719
0.710705
0.710669
0.710659
0.710609
0.710624
0.710595
0.710585
0.710569
0.710586
0.710576
0.710562
0.71055
0.710532
0.710508
0.710481
0.710504
0.710528
0.710506
0.710521
0.710538
0.71056
0.710507
0.710492
0.71052
0.710533
0.710549
0.710565
0.710575
0.710601
0.710567
0.710594
0.710604
0.710598
0.710627
0.71064
0.710642
0.710644
0.710644
0.710662
0.710628
0.710654
0.710637
0.710612
0.710633
0.710597
0.710602
0.710601
0.710603
0.710612
0.71061
0.710615
0.710605
0.710622
0.71059
0.710592
0.710606
0.710616
0.710607
0.710628
0.710591
0.710575
0.710562
0.71057
0.710559
0.71055
0.710575
0.710575
0.710615
0.7106
0.710584
0.710568
0.710579
0.71059
0.710567
0.710502
0.710462
0.710429
0.710398
0.710385
0.710398
0.710369
0.71037
0.71039
0.710406
0.710386
0.710382
0.710409
0.710424
0.710448
0.710443
0.710441
0.710462
0.710451
0.710429
0.71041
0.71042
0.710414
0.71041
0.710413
0.71043
0.710452
0.710438
0.710464
0.710478
0.710487
0.71048
0.710483
0.710492
0.710489
0.710456
0.710479
0.710477
0.710461
0.710479
0.710483
0.710462
0.710452
0.710431
0.710441
0.710468
0.710502
0.710497
0.710445
0.710421
0.710367
0.710367
0.710362
0.710379
0.710403
0.710401
0.710415
0.710381
0.71043
0.710429
0.710427
0.71045
0.710438
0.710462
0.710467
