0.737374
0.738693
0.701439
0.722071
0.723404
0.715808
0.705615
0.708
0.711085
0.711087
0.70997
0.715517
0.713137
0.715503
0.715088
0.721249
0.723512
0.723034
0.720559
0.721049
0.719535
0.71654
0.712748
0.713975
0.715789
0.717192
0.719645
0.718047
0.717351
0.716818
0.714729
0.712134
0.711595
0.713586
0.715927
0.713405
0.713691
0.713491
0.715116
0.714337
0.713438
0.71326
0.712752
0.711191
0.71099
0.710377
0.71068
0.711265
0.713312
0.715118
0.715711
0.714646
0.714913
0.715633
0.716173
0.713656
0.713083
0.713252
0.713723
0.714182
0.713672
0.711868
0.712933
0.71461
0.712494
0.712804
0.713851
0.715846
0.715221
0.714197
0.714139
0.714922
0.715057
0.715667
0.715371
0.716294
0.715267
0.716089
0.715909
0.716231
0.716673
0.716747
0.71575
0.716661
0.71656
0.71546
0.71523
0.714022
0.713599
0.713607
0.713568
0.713461
0.713152
0.713882
0.713642
0.713209
0.713306
0.713596
0.713922
0.71384
0.713907
0.714286
0.713768
0.713629
0.713635
0.714064
0.714605
0.71385
0.713619
0.713839
0.714459
0.713904
0.713379
0.712845
0.713173
0.713697
0.714286
0.714665
0.714071
0.714001
0.713651
0.714181
0.713765
0.71358
0.713602
0.714032
0.713597
0.714035
0.714153
0.713875
0.714204
0.713621
0.713176
0.713392
0.71278
0.712616
0.712519
0.712376
0.712526
0.712568
0.711939
0.712182
0.712046
0.712116
0.712713
0.713342
0.714095
0.71385
0.71345
0.713155
0.712835
0.712662
0.712279
0.711988
0.711799
0.711925
0.712047
0.711807
0.712077
0.712074
0.712155
0.711824
0.710839
0.710895
0.710925
0.710438
0.710709
0.711141
0.711285
0.711353
0.711119
0.711535
0.711811
0.711675
0.711054
0.710913
0.710981
0.710983
0.711072
0.71116
0.710596
0.710345
0.710457
0.710148
0.710305
0.710486
0.710978
0.711284
0.711232
0.711203
0.711055
0.710821
0.710825
0.710752
0.710524
0.71029
0.710241
0.710228
0.709793
0.709768
0.709638
0.709467
0.7092
0.708926
0.709158
0.708963
0.709052
0.70925
0.709595
0.709691
0.709871
0.709267
0.709343
0.708819
0.709109
0.709205
0.708961
0.70894
0.708663
0.708106
0.708777
0.708601
0.708594
0.708599
0.708241
0.708148
0.708378
0.708144
0.708215
0.708135
0.708624
0.708887
0.708681
0.70862
0.708824
0.708919
0.708884
0.708747
0.708785
0.708733
0.70889
0.708767
0.708804
0.708852
0.708718
0.708279
0.708212
0.70803
0.707663
0.707623
0.707641
0.708048
0.70821
0.707917
0.707984
0.708726
0.709087
0.709525
0.709567
0.709727
0.709676
0.709724
0.710233
0.710453
0.710274
0.710338
0.710649
0.71058
0.710733
0.710601
0.710681
0.71052
0.710683
0.710488
0.709968
0.709738
0.70982
0.710043
0.71019
0.710203
0.71042
0.710399
0.710852
0.710516
0.71062
0.710512
0.710397
0.709546
0.709319
0.70923
0.709249
0.70914
0.708785
0.708535
0.708504
0.70845
0.708363
0.708629
0.708788
0.709004
0.709209
0.709406
0.709632
0.709469
0.709499
0.709715
0.709656
0.709411
0.709092
0.70842
0.708629
0.708979
0.708784
0.708726
0.708746
0.708836
0.709177
0.709381
0.709451
0.709677
0.70972
0.709975
0.710253
0.710058
0.710197
0.71046
0.710818
0.710821
0.711058
0.711075
0.711368
0.711461
0.711462
0.711708
0.711592
0.711685
0.711462
0.711416
0.711456
0.711135
0.710883
0.710995
0.710859
0.710964
0.710997
0.711099
0.710788
0.710795
0.710861
0.711034
0.710922
0.71073
0.710785
0.710796
0.710544
0.710356
0.710571
0.710748
0.710543
0.710703
0.710659
0.710832
0.710828
0.711038
0.711233
0.711289
0.711381
0.711206
0.711063
0.710842
0.710728
0.710879
0.710589
0.710412
0.710235
0.71053
0.710505
0.710471
0.710458
0.710277
0.710469
0.710513
0.710642
0.71026
0.710692
0.710906
0.710813
0.710788
0.710842
0.710972
0.711182
0.711318
0.711236
0.7113
0.71114
0.71113
0.711275
0.711188
0.711448
0.711527
0.711311
0.711357
0.711364
0.711506
0.711568
0.7118
0.711898
0.711899
0.711744
0.711979
0.712289
0.71256
0.712686
0.712563
0.71254
0.712118
0.712213
0.71237
0.712251
0.712308
0.712457
0.712487
0.712398
0.712382
0.712176
0.712233
0.712366
0.712555
0.712614
0.712643
0.712936
0.712914
0.712922
0.713011
0.713145
0.713228
0.713185
0.713068
0.71311
0.712949
0.713111
0.712984
0.713165
0.713306
0.71344
0.713344
0.713366
0.713397
0.713511
0.713304
0.713131
0.713114
0.712972
0.713153
0.713055
0.713096
0.71315
0.713205
0.713313
0.713134
0.713274
0.713229
0.71325
0.713266
0.713226
0.71336
0.71355
0.71349
0.713575
0.7136
0.713443
0.713593
0.713562
0.713541
0.71346
0.713563
0.713569
0.713616
0.713654
0.713345
0.71337
0.713467
0.713319
0.713552
0.713441
0.713213
0.713233
0.713284
0.713098
0.71315
0.713063
0.71291
0.712753
0.712868
0.713092
0.712848
0.712731
0.712809
0.712978
0.713134
0.713145
0.713169
0.713179
0.713238
0.713227
0.713151
0.7132
0.713266
0.713259
0.713239
0.71309
0.713096
0.713145
0.713091
0.713101
0.713064
0.713108
0.713148
0.713179
0.71307
0.713258
0.713124
0.713133
0.71302
0.712988
0.713002
0.71294
0.712938
0.713044
0.713142
0.713165
0.71317
0.713142
0.713143
0.713032
0.713092
0.713139
0.713111
0.713104
0.713085
0.713286
0.71339
0.713515
0.713479
0.713517
0.713489
0.713519
0.713565
0.713447
0.713288
0.713223
0.713257
0.713209
0.713231
0.713199
0.713323
0.713279
0.713211
0.713208
0.713144
0.713178
0.71335
0.713318
0.713384
0.71326
0.713104
0.713146
0.713099
0.713108
0.712953
0.712778
0.712719
0.71268
0.712686
0.712719
0.712733
0.712766
0.712916
0.712973
0.713106
0.713019
0.712882
0.712903
0.712972
0.71308
0.713168
0.713142
0.713104
0.71318
0.713142
0.713225
0.713179
0.713255
0.713327
0.713402
0.713368
0.713329
0.713323
0.713382
0.71338
0.713354
0.713448
0.713387
0.713372
0.71354
0.713533
0.71348
0.713485
0.713505
0.713494
0.713376
0.713296
0.713244
0.713122
0.71307
0.713018
0.71302
0.712941
0.712901
0.712857
0.712771
0.712769
0.712809
0.712519
0.71251
0.712493
0.712416
0.712372
0.712383
0.712358
0.712338
0.712351
0.71226
0.712348
0.71238
0.712318
0.712429
0.712353
0.712095
0.712165
0.712207
0.712117
0.712104
0.712177
0.712264
0.712261
0.71233
0.712376
0.712385
0.712306
0.712224
0.712152
0.712188
0.712058
0.712032
0.712125
0.71212
0.712144
0.712011
0.711992
0.711954
0.711884
0.711777
0.711781
0.711787
0.711743
0.711803
0.711733
0.711635
0.711623
0.711694
0.711696
0.711756
0.711704
0.71171
0.711627
0.711705
0.711861
0.711839
0.711831
0.711827
0.711826
0.711754
0.711707
0.711823
0.711878
0.711742
0.71172
0.711734
0.711634
0.711619
0.711667
0.711681
0.71164
0.711548
0.711393
0.711376
0.711309
0.711329
0.711475
0.711412
0.711453
0.711462
0.711469
0.711513
0.71146
0.711508
0.711625
0.711686
0.711661
0.711601
0.711635
0.711578
0.711553
0.711574
0.711429
0.711452
0.711503
0.711562
0.711424
0.711452
0.711548
0.711618
0.711552
0.711453
0.711386
0.711515
0.711561
0.711598
0.711651
0.711742
0.711697
0.711564
0.711618
0.711678
0.711698
0.711707
0.711693
0.711786
0.711742
0.711707
0.711582
0.711488
0.711487
0.711423
0.711546
0.711632
0.711551
0.711581
0.711637
0.711719
0.711658
0.711608
0.711528
0.711507
0.711612
0.711573
0.711526
0.711478
0.711428
0.711349
0.711296
0.711263
0.711289
0.711196
0.711111
0.710934
0.710842
0.710865
0.710848
0.710789
0.710805
0.710851
0.710723
0.710677
0.710785
0.710791
0.710817
0.71082
0.710856
0.710884
0.710897
0.710897
0.710913
0.711032
0.711063
0.711073
0.711076
0.711089
0.711174
0.711193
0.711097
0.710999
0.711056
0.711091
0.711081
0.711014
0.710943
0.710965
0.711023
0.711092
0.711035
0.711037
0.7111
0.711163
0.711153
0.711146
0.71101
0.710859
0.71089
0.710883
0.710678
0.710706
0.710735
0.710725
0.710737
0.710712
0.710615
0.71075
0.710656
0.710609
0.710584
0.710634
0.710541
0.710429
0.710444
0.710398
0.71049
0.710553
0.710565
0.710595
0.710588
0.710557
0.710622
0.710619
0.710452
0.710404
0.71032
0.71037
0.710447
0.710361
0.710386
0.710431
0.710517
0.710505
0.710465
0.71035
0.710359
0.710267
0.710298
0.710307
0.710308
0.710387
0.710414
0.710357
0.710345
0.710397
0.71025
0.710301
0.710295
0.710412
0.710377
0.710369
0.710405
0.710439
0.71049
0.710443
0.710329
0.710223
0.710239
0.710187
0.71014
0.710138
0.710103
0.710095
0.71008
0.71
0.710046
0.709957
0.709898
0.709981
0.709915
0.709869
0.709898
0.709837
0.709808
0.709879
0.709867
0.709859
0.709845
0.709888
0.7098
0.709839
0.70989
0.70985
0.709948
0.709893
0.70993
0.70991
0.709908
0.709862
0.709789
0.709741
0.709703
0.709704
0.709717
0.709744
0.709757
0.709817
0.709887
0.709867
0.709845
0.709876
0.709897
0.709979
0.710081
0.71007
0.710131
0.710002
0.710028
0.709998
0.710069
0.710105
0.710019
0.710071
0.71014
0.710126
0.710113
0.710145
0.710174
0.710262
0.710271
0.710266
0.710297
0.710264
0.710316
0.710302
0.710248
0.710257
0.710265
0.71017
0.710133
0.710016
0.709986
0.70998
0.709956
0.709996
0.710026
0.709943
0.709912
0.709887
0.709944
0.709937
0.709957
0.709927
0.709902
0.709905
0.709917
0.709857
0.709819
0.709883
0.709874
0.709731
0.709749
0.709706
0.709767
0.709795
0.70987
0.70989
0.709962
0.709941
0.709903
0.709824
0.709758
0.709758
0.709815
0.709863
0.709924
0.709997
0.709898
0.709972
0.710008
0.710083
0.71014
0.710061
0.710108
0.710184
0.710126
0.710175
0.710111
0.71012
0.710134
0.710024
0.709971
0.709937
0.709942
0.709845
0.709884
0.709904
0.709942
0.709967
0.709957
0.71002
0.70995
0.709935
0.709932
0.709807
0.709891
0.710021
0.710059
0.710055
0.71007
0.709953
0.709982
0.710052
0.710122
0.71008
0.710109
0.710104
0.710009
0.710022
0.709951
0.70983
0.709836
0.70985
0.709921
0.709927
0.709969
0.709877
0.709972
0.709943
0.709904
0.709911
0.70988
0.709883
0.709807
0.709709
0.709693
0.709676
0.709755
0.709702
0.709738
0.709663
0.709549
0.709549
0.709662
0.709664
0.709689
0.709763
0.70976
0.709774
0.709754
0.709719
0.70973
0.709721
0.709749
0.709762
0.709789
0.70975
0.709808
0.709744
0.70981
0.709763
0.709728
0.709669
0.7097
0.70976
0.709683
0.709768
0.709756
0.709769
0.709816
0.709866
0.709872
0.709908
0.709896
0.70994
0.70995
0.70993
0.709882
0.7099
0.70983
0.709828
0.709748
0.709772
0.70975
0.709665
0.70964
0.709637
0.709643
0.709624
0.709655
0.70964
0.709621
0.709617
0.709627
0.709626
0.709648
0.709714
0.709722
0.70976
0.709767
0.709843
0.709852
0.709895
0.709837
0.709885
0.709867
0.709837
0.70979
0.709758
0.709784
0.7098
0.709783
0.709801
0.709789
0.709807
0.709795
0.70975
0.709814
0.709827
0.709746
0.709738
0.70968
0.709663
0.709666
0.709637
0.709552
0.709477
0.709412
0.709393
0.709436
0.709466
0.709541
0.709547
0.70957
0.709518
0.709523
0.709471
0.709484
0.709514
0.709492
0.709473
0.709558
0.709618
0.709535
0.709516
0.709494
0.709507
0.709576
0.709656
0.709693
0.709728
0.709765
0.709775
0.709729
0.709773
0.709689
0.709674
0.709636
0.709708
0.709661
0.709743
0.70978
0.709734
0.709735
0.709787
0.70974
0.709764
0.709793
0.70982
0.709809
0.709847
0.709808
0.709825
0.709894
0.70984
0.709845
0.709901
0.709837
0.709754
0.709714
0.709732
0.709787
0.709678
0.709675
0.709734
0.709657
0.709636
0.709595
0.709699
0.709813
0.709694
0.709725
0.709622
0.709637
0.709607
0.709669
0.709737
0.709768
0.709749
0.709723
0.709644
0.709554
0.709593
0.70964
0.709578
0.709544
0.709585
0.709538
0.709495
0.7095
0.709477
0.709544
0.7096
0.709657
0.709651
0.709638
0.709575
0.709646
0.709645
0.709688
0.709697
0.70969
0.709721
0.709641
0.709593
0.709561
0.709578
0.709548
0.709638
0.709664
0.709729
0.709656
0.709698
0.709667
0.709711
0.709645
0.709613
0.709622
0.709706
0.709698
0.709681
0.709647
0.709697
0.709792
0.70984
0.709809
0.709852
0.709855
0.709858
0.709852
0.70989
0.709827
0.70983
0.709819
0.709776
0.709722
0.709673
0.709593
0.709544
0.709531
0.709555
0.709572
0.709565
0.709624
0.709608
0.709642
0.709585
0.709597
0.709567
0.709554
0.709619
0.709541
0.709584
0.709662
0.709712
0.709761
0.70971
0.709712
0.70975
0.709751
0.709789
0.709754
0.709844
0.709796
0.709817
0.70984
0.709884
0.709921
0.709932
0.709946
0.709948
0.709941
0.709917
0.709923
0.709961
0.709988
0.710048
0.710027
0.710019
0.709971
0.71007
0.710074
0.710113
0.710006
0.709959
0.709878
0.709782
0.709834
0.709902
0.709911
0.709896
0.709936
0.709971
0.70997
0.709945
0.709936
0.709947
0.709908
0.709876
0.709937
0.709881
0.709895
0.70985
0.709823
0.709843
0.709813
0.709869
0.709877
0.709929
0.709999
0.709967
0.70996
0.709892
0.709892
0.709917
0.709885
0.709932
0.709909
0.709923
0.709937
0.709886
0.709953
0.709893
0.709937
0.709856
0.709818
0.709689
0.709712
0.709791
0.709705
0.709735
0.709671
0.709754
0.709716
0.709719
0.709814
0.70976
0.709796
0.70986
0.709841
0.709837
0.709835
0.70981
0.709804
0.709834
0.709842
0.709746
0.709689
0.709681
0.709749
0.709745
0.70976
0.709813
0.709706
0.709715
0.709704
0.709694
0.70975
0.70979
0.709816
0.709825
0.709829
0.709824
0.709896
0.709873
0.709878
0.709849
0.709863
0.709922
0.709934
0.709973
0.709998
0.709965
0.710009
0.710012
0.710031
0.710046
0.710034
0.710074
0.710076
0.709965
0.709908
0.709895
0.709831
0.70979
0.709852
0.709852
0.709801
0.709855
0.709857
0.709744
0.709801
0.709762
0.709767
0.709751
0.709787
0.709643
0.709688
0.70967
0.709674
0.709625
0.709689
0.709682
0.709685
0.709657
0.709721
0.70976
0.709695
0.709571
0.709655
0.709658
0.709621
0.709614
0.709565
0.709583
0.709659
0.709704
0.709683
0.709775
0.709746
0.709752
0.709779
0.709853
0.709855
0.709855
0.709831
0.709785
0.709818
0.709854
0.709885
0.709835
0.709815
0.709815
0.709789
0.709741
0.709738
0.709681
0.709742
0.709791
0.709817
0.709765
0.709814
0.709777
0.709777
0.709716
0.70967
0.709664
0.709663
0.709654
0.709632
0.709728
0.709793
0.709852
0.709874
0.709865
0.709848
0.709798
0.709814
0.709798
0.709804
0.709796
0.709781
0.709829
0.709835
0.709805
0.709827
0.709753
0.709793
0.70975
0.709782
0.709877
0.709828
0.709886
0.709928
0.709885
0.709879
0.709913
0.709926
0.709982
0.710041
0.710073
0.710082
0.710015
0.710008
0.709987
0.709969
0.709989
0.71002
0.710055
0.710005
0.710068
0.710066
0.710098
0.71004
0.71003
0.710037
0.709996
0.709983
0.710021
0.710078
0.710032
0.710014
0.710007
0.710068
0.710048
0.710096
0.710083
0.710045
0.710103
0.71006
0.710024
0.709974
0.709936
0.709977
0.709933
0.70987
0.709932
0.710009
0.709981
0.709968
0.71
0.710037
0.710052
0.710029
0.71012
0.710177
0.710176
0.710124
0.710185
0.71027
0.710274
0.710278
0.710259
0.710297
0.710328
0.710311
0.710372
0.710361
0.71031
0.710329
0.710338
0.710356
0.710346
0.71034
0.710275
0.710317
0.710366
0.710366
0.710331
0.710276
0.710255
0.71025
0.710233
0.710201
0.710197
0.710151
0.710127
0.710127
0.710099
0.710118
0.710104
0.710078
0.710093
0.710067
0.710103
0.71015
0.710147
0.710216
0.710254
0.710314
0.71026
0.710223
0.71017
0.710132
0.710227
0.710254
0.710222
0.710206
0.710236
0.710307
0.710285
0.710322
0.710302
0.710332
0.710312
0.710288
0.710238
0.710206
0.71025
0.710243
0.710186
0.710195
0.710174
0.710124
0.710126
0.710105
0.710149
0.710173
0.710194
0.710192
0.710119
0.710137
0.710118
0.710123
0.710191
0.710235
0.710166
0.710135
0.710081
0.710123
0.710088
0.710004
0.710021
0.710037
0.709993
0.709992
0.709961
0.709956
0.709902
0.70981
0.709733
0.709712
0.709763
0.709751
0.709813
0.709801
0.709794
0.709775
0.709787
0.709769
0.709674
0.709658
0.709649
0.709631
0.709715
0.709817
0.709851
0.70982
0.709855
0.709854
0.709874
0.709906
0.709884
0.709879
0.709835
0.709798
0.709883
0.709892
0.709858
0.709822
0.709843
0.709842
0.709856
0.709862
0.709889
0.709871
0.709791
0.709748
0.709787
0.709792
0.709777
0.709751
0.709774
0.709798
0.709768
0.70977
0.709721
0.709682
0.709734
0.70972
0.709772
0.709742
0.709753
0.709784
0.709813
0.709747
0.709742
0.70979
0.709709
0.709685
0.709735
0.709762
0.709758
0.709812
0.709823
0.709807
0.70979
0.709831
0.709835
0.709828
0.709834
0.709866
0.709886
0.709891
0.709956
0.70991
0.709933
0.709963
0.709984
0.710028
0.710076
0.710066
0.710066
0.710071
0.710022
0.710023
0.710073
0.71005
0.710035
0.710045
0.710002
0.710028
0.71001
0.710014
0.709983
0.709985
0.710018
0.710011
0.710043
0.7101
0.710135
0.710175
0.710194
0.710141
0.710177
0.710215
0.710252
0.710284
0.71033
0.710324
0.710339
0.71037
0.710337
0.710328
0.710296
0.710253
0.710161
0.710225
0.710246
0.710221
0.710271
0.710215
0.710186
0.710207
0.710197
0.710187
0.710163
0.710147
0.710151
0.710052
0.710042
0.710035
0.710046
0.710046
0.709952
0.709955
0.709965
0.709985
0.709978
0.709922
0.709925
0.709922
0.709979
0.710027
0.710037
0.710063
0.710086
0.710117
0.710078
0.7101
0.710081
0.710088
0.710033
0.710126
0.710176
0.710202
0.710146
0.710204
0.710237
0.710259
0.710288
0.710299
0.71026
0.710251
0.710236
0.710279
0.710301
0.710293
0.710293
0.710293
0.710221
0.710158
0.710168
0.710174
0.71015
0.710144
0.710158
0.710162
0.710098
0.710089
0.710035
0.710076
0.710078
0.710008
0.709895
0.709933
0.709838
0.709823
0.70986
0.709816
0.709824
0.709808
0.709845
0.709871
0.709878
0.709904
0.709915
0.70993
0.709951
0.709949
0.709952
0.709928
0.709926
0.709904
0.709877
0.709883
0.709907
0.709925
0.709909
0.709897
0.709931
0.709935
0.709948
0.709961
0.709951
0.709973
0.710009
0.710002
0.709998
0.710022
0.710009
0.710026
0.710026
0.710014
0.710017
0.710031
0.710017
0.710013
0.710006
0.710016
0.710037
0.710061
0.710056
0.710037
0.710068
0.71002
0.710044
0.71004
0.71
0.710026
0.710042
0.71006
0.710061
0.710088
0.710111
0.710105
0.710109
0.710157
0.710186
0.710156
0.710171
0.710165
0.710109
0.710093
0.710108
0.71008
0.71008
0.710096
0.710108
0.710048
0.710034
0.710026
0.71004
0.710044
0.709972
0.709966
0.709943
0.709903
0.709912
0.709886
0.709889
0.709913
0.709886
0.709818
0.709814
0.709795
0.709772
0.709793
0.70978
0.709771
0.709733
0.709719
0.709708
0.709706
0.709697
0.709685
0.709683
0.709686
0.709687
0.709678
0.709663
0.709655
0.709638
0.709604
0.709601
0.709611
0.709646
0.709625
0.709664
0.709678
0.709698
0.709687
0.709696
0.709713
0.709744
0.709773
0.709757
0.709761
0.709769
0.709793
0.709786
0.709781
0.709803
0.709769
0.709784
0.709833
0.709815
0.709834
0.709868
0.709894
0.709918
0.709951
0.709939
0.709959
0.709981
0.709995
0.709977
0.709942
0.709974
0.710028
0.709996
0.709997
0.709967
0.709954
0.709935
0.709951
0.709981
0.709985
0.709973
0.709951
0.709922
0.709925
0.709967
0.709999
0.710019
0.709994
0.709986
0.709995
0.709985
0.709967
0.70998
0.709969
0.709969
0.709959
0.709992
0.710026
0.709984
0.709971
0.709929
0.709952
0.709928
0.709897
0.709879
0.709864
0.709829
0.709784
0.70979
0.709812
0.709797
0.709786
0.709794
0.709743
0.709769
0.709773
0.709743
0.709731
0.709728
0.70967
0.709672
0.709689
0.70969
0.709663
0.709694
0.709629
0.70963
0.709647
0.709614
0.709639
0.709659
0.709673
0.709679
0.709707
0.709714
0.709698
0.709677
0.709622
0.709587
0.709583
0.709547
0.709567
0.709552
0.709566
0.709557
0.709553
0.709556
0.709567
0.709548
0.709538
0.709545
0.709536
0.709542
0.709585
0.709606
0.709639
0.709632
0.709654
0.709689
0.709694
0.7097
0.709668
0.709669
0.709682
0.709727
0.709723
0.709774
0.709786
0.709718
0.709715
0.709747
0.709733
0.709665
0.70967
0.709694
0.709728
0.709723
0.709701
0.709641
0.709588
0.709605
0.709626
0.709623
0.709608
0.709627
0.709656
0.709669
0.709644
0.709651
0.709624
0.709599
0.709618
0.709629
0.709622
0.709609
0.709674
0.70965
0.70965
0.709661
0.709615
0.70961
0.709612
0.709634
0.709674
0.709677
0.709677
0.709663
0.709652
0.709641
0.709625
0.709605
0.709628
0.709622
0.709637
0.709635
0.709639
0.709653
0.709593
0.709598
0.709584
0.70958
0.709582
0.709561
0.709531
0.709515
0.709493
0.709542
0.709554
0.709558
0.709512
0.709497
0.709481
0.709473
0.709469
0.709487
0.709451
0.709463
0.709492
0.709453
0.709465
0.709456
0.709445
0.709505
0.709532
0.709529
0.709562
0.709582
0.709562
0.709615
0.7096
0.709613
0.709641
0.709619
0.709607
0.709632
0.709645
0.709666
0.709677
0.709649
0.70963
0.709624
0.709593
0.709599
0.709606
0.70959
0.709605
0.709568
0.709523
0.709567
0.709591
0.709627
0.709651
0.709666
0.709651
0.70965
0.709633
0.709606
0.70964
0.709661
0.709644
0.709686
0.709688
0.709701
0.7097
0.709702
0.709697
0.709736
0.709722
0.709731
0.709686
0.70967
0.709686
0.709653
0.709671
0.709672
0.709637
0.709633
0.709673
0.709654
0.709678
0.709668
0.709734
0.709725
0.709718
0.709739
0.709754
0.709754
0.709743
0.709748
0.709765
0.709793
0.709807
0.709785
0.709788
0.7098
0.709811
0.709856
0.709857
0.709869
0.709912
0.709877
0.709916
0.709938
0.709951
0.709916
0.70997
0.709977
0.709984
0.709993
0.710014
0.710001
0.709983
0.709982
0.709915
0.70992
0.709915
0.709911
0.70991
0.709931
0.709915
0.709922
0.709911
0.709893
0.709906
0.709946
0.709971
0.709915
0.709879
0.70986
0.709827
0.709835
0.709814
0.709789
0.709808
0.709815
0.70981
0.709855
0.70985
0.709861
0.709816
0.709816
0.709795
0.709808
0.70982
0.70981
0.709826
0.709848
0.709841
0.709818
0.709839
0.709875
0.709884
0.709895
0.709908
0.709939
0.709961
0.709971
0.709964
0.709975
0.710007
0.710011
0.710031
0.710012
0.710038
0.71004
0.710049
0.710023
0.710032
0.71008
0.710091
0.710119
0.710102
0.710097
0.710063
0.710059
0.710051
0.710101
0.710084
0.710083
0.710065
0.710095
0.710133
0.71012
0.710162
0.71015
0.71015
0.710135
0.710165
0.710181
0.710184
0.710225
0.710227
0.710222
0.710227
0.710205
0.710219
0.710227
0.710261
0.710229
0.710239
0.710192
0.710188
0.710189
0.710181
0.710177
0.710174
0.71015
0.710123
0.710131
0.710151
0.710156
0.710147
0.710168
0.710145
0.710111
0.710073
0.710055
0.710039
0.71004
0.71005
0.710053
0.710062
0.710044
0.710002
0.710008
0.710027
0.71001
0.710015
0.710046
0.710016
0.710016
0.71004
0.710019
0.710041
0.710034
0.710021
0.710054
0.71002
0.710004
0.710008
0.709989
0.709984
0.710027
0.710015
0.71
0.709986
0.709983
0.709957
0.709923
0.709933
0.709928
0.709924
0.709953
0.709923
0.709927
0.709955
0.709946
0.709945
0.709953
0.709934
0.709931
0.709959
0.709969
0.709971
0.710001
0.709993
0.710026
0.710027
0.710029
0.710044
0.710029
0.710003
0.71001
0.710008
0.709989
0.709979
0.710008
0.709999
0.709985
0.709983
0.709926
0.70989
0.709881
0.709893
0.709884
0.709896
0.709901
0.709905
0.709903
0.709865
0.709834
0.709838
0.709849
0.709869
0.709866
0.709863
0.709884
0.709883
0.70991
0.709921
0.70996
0.709971
0.709966
0.709943
0.709965
0.709954
0.709955
0.709974
0.709954
0.709985
0.709983
0.710001
0.709939
0.709927
0.709921
0.709925
0.709869
0.709824
0.709855
0.709836
0.709831
0.709818
0.709828
0.709781
0.70979
0.709776
0.70971
0.709741
0.709745
0.709728
0.709715
0.709712
0.709691
0.709674
0.709651
0.70962
0.709613
0.709644
0.709599
0.709583
0.709553
0.709557
0.709542
0.709576
0.709567
0.709512
0.709496
0.709505
0.709514
0.709555
0.70953
0.709551
0.709546
0.709554
0.709582
0.709575
0.709546
0.709587
0.709544
0.709568
0.709538
0.709502
0.709495
0.709499
0.709474
0.709503
0.709481
0.709499
0.709459
0.70947
0.709459
0.70947
0.709463
0.709499
0.709502
0.709478
0.709459
0.70948
0.7095
0.709485
0.709452
0.70946
0.709423
0.70944
0.709464
0.709464
0.709506
0.709507
0.709498
0.709507
0.70951
0.709493
0.709519
0.709476
0.70941
0.70942
0.709407
0.709405
0.709392
0.709348
0.709364
0.709372
0.709366
0.70939
0.709394
0.709415
0.709396
0.709403
0.709377
0.709363
0.709363
0.709385
0.709382
0.70939
0.709412
0.709383
0.709369
0.709376
0.709355
0.709396
0.709421
0.709424
0.709405
0.709409
0.709396
0.709389
0.709385
0.709372
0.709405
0.709436
0.70945
0.709446
0.70949
0.709504
0.709523
0.709515
0.709508
0.70951
0.709541
0.709559
0.709589
0.709611
0.709551
0.70951
0.709513
0.709502
0.709529
0.709541
0.70955
0.709507
0.709519
0.70954
0.70956
0.709594
0.709608
0.709623
0.709657
0.709675
0.709686
0.709643
0.709628
0.709649
0.709608
0.709613
0.709586
0.709578
0.709558
0.709592
0.709625
0.709631
0.709599
0.709577
0.70959
0.70958
0.709585
0.709599
0.709629
0.709604
0.709631
0.709622
0.709609
0.709627
0.709614
0.709583
0.709562
0.709543
0.709566
0.709519
0.709509
0.709467
0.709471
0.709462
0.709469
0.709455
0.709457
0.709461
0.709461
0.709453
0.709447
0.709417
0.70941
0.709415
0.709406
0.709406
0.709379
0.709385
0.70939
0.709387
0.709395
0.709418
0.709394
0.709347
0.709357
0.709319
0.709316
0.709341
0.709396
0.709386
0.709399
0.709403
0.709429
0.709426
0.709455
0.7095
0.709496
0.709485
0.709503
0.709472
0.709462
0.709478
0.709453
0.709469
0.709469
0.709508
0.7095
0.70948
0.709444
0.709455
0.709429
0.709452
0.709447
0.709447
0.70944
0.709443
0.709443
0.70944
0.709389
0.709394
0.70935
0.709372
0.709348
0.709366
0.709375
0.709416
0.709401
0.709436
0.709401
0.709403
0.709408
0.709431
0.709416
0.709368
0.709394
0.709418
0.709388
0.709386
0.709363
0.709357
0.709335
0.70936
0.709369
0.709341
0.709357
0.709351
0.709326
0.709335
0.70931
0.709294
0.70931
0.709318
0.709333
0.709358
0.709348
0.709341
0.709361
0.709368
0.709391
0.709403
0.709404
0.709375
0.709367
0.709376
0.709373
0.709342
0.709297
0.709347
0.709375
0.709342
0.709375
0.709346
0.709326
0.709311
0.709335
0.709309
0.709361
0.709355
0.709334
0.709337
0.709349
0.709332
0.70933
0.709292
0.709277
0.709294
0.709339
0.709344
0.709342
0.709326
0.709339
0.70934
0.709338
0.709317
0.709314
0.709331
0.70932
0.709303
0.709266
0.709299
0.709287
0.709277
0.709271
0.709292
0.709234
0.70921
0.709185
0.709191
0.70913
0.709149
0.709154
0.709152
0.70913
0.709115
0.709065
0.709078
0.709082
0.709084
0.709054
0.709051
0.709074
0.709051
0.709086
0.709103
0.709094
0.709115
0.709106
0.709111
0.709082
0.709081
0.709089
0.709091
0.709088
0.709085
0.709039
0.709051
0.709038
0.709042
0.709052
0.709072
0.709077
0.709066
0.709061
0.709031
0.708994
0.708985
0.708933
0.708966
0.708978
0.708958
0.708944
0.708923
0.708902
0.70893
0.708945
0.70895
0.708935
0.708934
0.708919
0.708908
0.708905
0.708912
0.708928
0.708947
0.708957
0.708947
0.708933
0.708945
0.708946
0.70897
0.708959
0.708949
0.708923
0.708888
0.708892
0.708897
0.708874
0.708874
0.708868
0.708878
0.708884
0.708888
0.708859
