0.896923
0.73704
0.631632
0.55647
0.51644
0.490285
0.456939
0.431647
0.415047
0.396849
0.387997
0.379096
0.37158
0.366853
0.361837
0.356184
0.352426
0.346074
0.34151
0.336629
0.332433
0.328806
0.324913
0.321327
0.317714
0.313787
0.310907
0.30802
0.304907
0.302964
0.300846
0.299375
0.29701
0.295815
0.294624
0.293489
0.293279
0.292151
0.289947
0.288607
0.287498
0.286706
0.284825
0.283978
0.282348
0.281871
0.280055
0.2791
0.278806
0.27725
0.276405
0.275377
0.274331
0.273166
0.272155
0.271701
0.270786
0.26983
0.269194
0.268574
0.268127
0.267714
0.266917
0.265564
0.264928
0.263256
0.262678
0.261737
0.260561
0.260926
0.260065
0.259387
0.259372
0.259038
0.258263
0.257859
0.25746
0.257009
0.256466
0.256036
0.255728
0.255367
0.255011
0.254817
0.254449
0.254018
0.253806
0.253307
0.253258
0.253007
0.252532
0.252129
0.252435
0.251851
0.251398
0.25105
0.250613
0.250095
0.249841
0.249211
0.248962
0.248204
0.248151
0.248152
0.247859
0.247967
0.247562
0.247389
0.247219
0.246553
0.246563
0.246657
0.246431
0.246174
0.245801
0.245509
0.245335
0.244997
0.244798
0.2442
0.243908
0.243816
0.243423
0.243474
0.243253
0.243081
0.242717
0.242747
0.242248
0.241779
0.241736
0.24174
0.241189
0.240763
0.240449
0.240485
0.240313
0.240422
0.240312
0.240426
0.24032
0.239919
0.239558
0.23954
0.239305
0.23913
0.238941
0.23888
0.238903
0.238477
0.238266
0.238277
0.238092
0.238113
0.237733
0.237462
0.237334
0.237121
0.237029
0.236795
0.236616
0.236482
0.236523
0.236576
0.23657
0.236344
0.236093
0.236052
0.235891
0.235669
0.23562
0.235622
0.235218
0.235185
0.235164
0.234915
0.234498
0.234579
0.234443
0.234285
0.234306
0.234339
0.234391
0.234371
0.234282
0.234274
0.234287
0.234297
0.234123
0.233875
0.233789
0.23388
0.233716
0.233641
0.233771
0.233839
0.233617
0.233486
0.233579
0.233522
0.23351
0.233303
0.233549
0.233509
0.233348
0.233266
0.233169
0.233122
0.23302
0.232924
0.232767
0.232632
0.232463
0.23269
0.232592
0.23245
0.232366
0.232278
0.232023
0.231928
0.231726
0.231593
0.231572
0.231667
0.231325
0.231474
0.231379
0.231316
0.2311
0.231063
0.230999
0.230994
0.230885
0.23096
0.23079
0.230451
0.230211
0.23006
0.230015
0.229922
0.229979
0.229932
0.230015
0.230124
0.230361
0.230302
0.230328
0.230232
0.229911
0.229813
0.22985
0.229716
0.229623
0.229675
0.229422
0.229447
0.229166
0.229096
0.229041
0.228928
0.228939
0.228912
0.228974
0.229008
0.228941
0.228944
0.22887
0.228868
0.228774
0.228498
0.228452
0.228244
0.228218
0.228255
0.228307
0.22817
0.227998
0.227986
0.227927
0.227829
0.227765
0.228006
0.22812
0.22792
0.227881
0.227835
0.227779
0.227626
0.2276
0.227387
0.227496
0.227421
0.227448
0.227358
0.227069
0.227019
0.227
0.227081
0.226931
0.226793
0.226711
0.226608
0.226641
0.226618
0.226648
0.226409
0.226384
0.226491
0.226456
0.226469
0.226375
0.226463
0.226347
0.226248
0.22612
0.22601
0.226018
0.226087
0.226101
0.226128
0.226204
0.226046
0.22598
0.22608
0.226232
0.226237
0.226247
0.226086
0.226116
0.226179
0.225986
0.22591
0.225916
0.225738
0.225851
0.225822
0.225635
0.225546
0.225436
0.225315
0.225286
0.225311
0.225195
0.225051
0.224992
0.225037
0.224931
0.224726
0.224678
0.224746
0.22483
0.22483
0.224737
0.224694
0.224708
0.224511
0.224469
0.224336
0.224331
0.224154
0.224059
0.22406
0.2241
0.224006
0.224002
0.223931
0.223981
0.223976
0.224015
0.22397
0.223845
0.223731
0.22369
0.223711
0.223774
0.223719
0.223746
0.223724
0.223546
0.223464
0.223525
0.223469
0.223461
0.223424
0.223533
0.22354
0.223525
0.223389
0.223329
0.223347
0.223361
0.223395
0.223387
0.223407
0.22342
0.223541
0.223764
0.223737
0.22374
0.223633
0.223562
0.223625
0.223662
0.223669
0.223639
0.223645
0.223592
0.22358
0.223604
0.223551
0.223417
0.223324
0.22346
0.223555
0.223563
0.223602
0.223629
0.223623
0.223494
0.223497
0.22349
0.223523
0.223555
0.223564
0.223658
0.223677
0.223627
0.22358
0.223579
0.223662
0.223641
0.223532
0.223451
0.223444
0.223387
0.223411
0.223336
0.223321
0.223375
0.223402
0.223404
0.223435
0.223378
0.223301
0.223367
0.223431
0.2235
0.223528
0.223595
0.223514
0.223494
0.22347
0.223418
0.223339
0.223345
0.223243
0.223116
0.223161
0.223088
0.222977
0.222917
0.223026
0.223141
0.223075
0.223159
0.223133
0.223068
0.223133
0.223266
0.223238
0.223215
0.223118
0.223153
0.22314
0.223026
0.222944
0.22291
0.222839
0.222864
0.222888
0.222744
0.22263
0.222566
0.222604
0.222628
0.222598
0.222641
0.222672
0.222563
0.222617
0.222571
0.222601
0.222474
0.222456
0.222454
0.222441
0.222358
0.222332
0.222296
0.222271
0.222144
0.222107
0.222082
0.222043
0.222021
0.222057
0.222093
0.222026
0.222131
0.222113
0.222104
0.222077
0.222014
0.221941
0.221852
0.221908
0.221912
0.221802
0.221787
0.221729
0.221835
0.221825
0.221784
0.221822
0.221722
0.221632
0.221576
0.221585
0.221539
0.221581
0.221588
0.221428
0.221364
0.221337
0.221261
0.221245
0.221229
0.221185
0.221204
0.221141
0.221065
0.22114
0.221163
0.221123
0.221158
0.221209
0.221247
0.221305
0.22128
0.221215
0.221247
0.22125
0.221288
0.221201
0.221224
0.221234
0.221189
0.221112
0.221077
0.221064
0.220946
0.220861
0.22086
0.220788
0.220778
0.220784
0.220811
0.220926
0.220955
0.220872
0.220908
0.220916
0.220874
0.220851
0.220824
0.220849
0.220842
0.220876
0.220917
0.220884
0.220883
0.220912
0.220885
0.220827
0.220762
0.220715
0.22082
0.220835
0.22089
0.220921
0.220928
0.220854
0.220957
0.220962
0.22094
0.220958
0.22093
0.220967
0.220919
0.220954
0.220951
0.22096
0.220956
0.220983
0.220962
0.22092
0.220921
0.220916
0.220979
0.221017
0.221065
0.221084
0.221111
0.221082
0.220986
0.221061
0.221007
0.220897
0.22091
0.220868
0.2207
0.220749
0.220691
0.220621
0.220543
0.220503
0.220421
0.22051
0.220563
0.220533
0.220437
0.220432
0.220478
0.220513
0.220543
0.220516
0.220382
0.220327
0.220249
0.220277
0.220261
0.22023
0.220233
0.220208
0.220187
0.220178
0.220171
0.220099
0.220081
0.220185
0.220173
0.220197
0.220184
0.220182
0.220209
0.220186
0.220206
0.220185
0.220202
0.220163
0.220138
0.22017
0.220188
0.22015
0.220061
0.220042
0.220031
0.219892
0.219822
0.219813
0.219839
0.219828
0.219831
0.219842
0.21983
0.21985
0.219859
0.219833
0.219779
0.219749
0.21979
0.21977
0.219822
0.219762
0.219743
0.219737
0.219647
0.219624
0.219521
0.219502
0.21952
0.219525
0.219423
0.219458
0.219496
0.219488
0.21951
0.219506
0.219498
0.219513
0.219498
0.21946
0.219427
0.219368
0.219442
0.21945
0.219444
0.219468
0.219507
0.219421
0.219462
0.219486
0.219461
0.219373
0.219388
0.219363
0.219349
0.219361
0.219356
0.219374
0.219347
0.219341
0.21941
0.219447
0.219457
0.219456
0.219445
0.219505
0.219542
0.219592
0.219524
0.219542
0.219505
0.219461
0.219393
0.21945
0.219427
0.219417
0.219375
0.219414
0.219364
0.21942
0.219435
0.219457
0.219476
0.219429
0.219409
0.219387
0.219446
0.219454
0.219428
0.219396
0.219422
0.219401
0.219382
0.219434
0.21941
0.219342
0.219375
0.219316
0.219324
0.219243
0.219168
0.219145
0.219177
0.219238
0.219257
0.219269
0.219245
0.219281
0.219295
0.219275
0.21919
0.21916
0.219159
0.219185
0.219169
0.219127
0.219187
0.219158
0.2191
0.219027
0.219008
0.218985
0.219008
0.219029
0.218961
0.218931
0.218904
0.21888
0.21887
0.21883
0.218848
0.218772
0.218662
0.218704
0.218712
0.218724
0.218705
0.218649
0.218628
0.218594
0.218546
0.218498
0.218506
0.218522
0.218469
0.218442
0.218423
0.218441
0.218506
0.21852
0.21853
0.218573
0.218566
0.218647
0.218637
0.218642
0.218592
0.218542
0.218507
0.218447
0.218433
0.218391
0.21844
0.21851
0.218458
0.218426
0.218366
0.218379
0.218383
0.218412
0.218414
0.218439
0.218495
0.218605
0.218598
0.218577
0.218546
0.218528
0.218494
0.218426
0.218382
0.21844
0.21845
0.218442
0.218477
0.218396
0.218403
0.218376
0.218393
0.218354
0.218337
0.218316
0.218331
0.218338
0.218341
0.218326
0.218337
0.218323
0.218314
0.218298
0.218264
0.218245
0.218281
0.218251
0.218222
0.218202
0.218187
0.218178
0.218206
0.218292
0.218261
0.218206
0.218195
0.21818
0.218159
0.218102
0.218058
0.21807
0.218033
0.218049
0.218032
0.218044
0.218093
0.218108
0.218132
0.218107
0.218141
0.21805
0.218058
0.218036
0.218076
0.218039
0.218024
0.217989
0.217953
0.217996
0.217929
0.217914
0.217855
0.217856
0.217881
0.217845
0.217832
0.217825
0.217808
0.217861
0.217854
0.217841
0.217813
0.217793
0.217763
0.217806
0.217831
0.217859
0.217876
0.21785
0.217808
0.217807
0.217731
0.217768
0.217805
0.217766
0.217734
0.217755
0.217767
0.217777
0.217785
0.217732
0.21771
0.217718
0.217769
0.217744
0.217733
0.217758
0.217765
0.21772
0.217652
0.217606
0.217581
0.217539
0.217533
0.217511
0.217516
0.217558
0.21757
0.217619
0.217589
0.217566
0.217514
0.217504
0.217468
0.217479
0.217459
0.217465
0.217453
0.217453
0.217422
0.217433
0.217411
0.217375
0.217377
0.21737
0.217433
0.217401
0.217352
0.21737
0.217339
0.217265
0.21724
0.217242
0.217208
0.217195
0.217224
0.217177
0.217175
0.217145
0.217102
0.217092
0.217092
0.21711
0.21714
0.217118
0.217106
0.217111
0.217047
0.217137
0.217145
0.217146
0.217192
0.21718
0.217177
0.217147
0.217128
0.21713
0.217107
0.217128
0.217156
0.217182
0.217118
0.217146
0.217129
0.217159
0.217148
0.217128
0.217109
0.21711
0.217144
0.217107
0.217056
0.217113
0.217136
0.217113
0.217077
0.21708
0.217049
0.217054
0.217059
0.217042
0.21701
0.217012
0.217002
0.21699
0.217019
0.216994
0.216991
0.216974
0.216974
0.216968
0.216944
0.216948
0.216987
0.217026
0.216958
0.216966
0.217
0.216983
0.217019
0.217049
0.217042
0.21702
0.216999
0.217018
0.21703
0.21704
0.217014
0.217
0.217013
0.217008
0.216971
0.216942
0.216875
0.216851
0.216913
0.216908
0.216916
0.21692
0.216916
0.216919
0.216871
0.216877
0.216892
0.216909
0.216932
0.216907
0.216935
0.216962
0.217
0.217018
0.216999
0.217015
0.216984
0.217068
0.21708
0.217087
0.217126
0.217115
0.217078
0.217104
0.217124
0.217082
0.217081
0.217087
0.217064
0.217017
0.217033
0.216992
0.216996
0.216978
0.216921
0.216882
0.21686
0.216884
0.216907
0.21688
0.216886
0.216905
0.216896
0.216832
0.216781
0.216787
0.21677
0.216726
0.216712
0.216673
0.21664
0.216666
0.216694
0.216664
0.216626
0.216652
0.216668
0.216631
0.216617
0.216639
0.21664
0.21663
0.216602
0.216575
0.216583
0.216604
0.21667
0.216709
0.216713
0.216717
0.21672
0.21672
0.216709
0.216718
0.216716
0.21669
0.216688
0.216694
0.2167
0.216657
0.216656
0.216654
0.216677
0.216692
0.216707
0.216702
0.216699
0.216667
0.216643
0.216637
0.216635
0.216637
0.216639
0.216626
0.216598
0.21661
0.216616
0.216572
0.216595
0.216633
0.216618
0.216613
0.21656
0.216566
0.216501
0.216476
0.21649
0.216464
0.216431
0.216475
0.216503
0.21648
0.216495
0.216456
0.216389
0.216369
0.216364
0.216397
0.216406
0.216395
0.216388
0.216386
0.216371
0.216386
0.216408
0.216443
0.21649
0.216528
0.216549
0.216542
0.21652
0.21655
0.216555
0.216557
0.216571
0.216532
0.216563
0.216594
0.216586
0.216598
0.216646
0.216694
0.216739
0.216723
0.216666
0.216667
0.216674
0.216681
0.21669
0.216682
0.216654
0.216645
0.216667
0.216698
0.216674
0.21667
0.216613
0.21665
0.216632
0.216623
0.216587
0.216582
0.216585
0.216627
0.216648
0.216663
0.216664
0.216707
0.216725
0.216754
0.216747
0.216775
0.216827
0.216845
0.216845
0.216819
0.216786
0.21687
0.216864
0.216865
0.216837
0.216842
0.216827
0.216798
0.216767
0.216742
0.216756
0.216763
0.21678
0.216767
0.2168
0.216768
0.216755
0.216753
0.216751
0.216761
0.216743
0.216733
0.216687
0.216678
0.216669
0.216661
0.216664
0.216645
0.216632
0.216657
0.216691
0.216687
0.216716
0.216698
0.216678
0.216692
0.216704
0.216719
0.216691
0.216696
0.216678
0.216656
0.216661
0.216639
0.216613
0.2166
0.216632
0.216601
0.216563
0.216569
0.216549
0.216573
0.216572
0.216551
0.216554
0.216553
0.216594
0.216591
0.216571
0.216576
0.216554
0.216517
0.216584
0.216592
0.216608
0.216658
0.216625
0.216634
0.216626
0.216616
0.21662
0.216605
0.21661
0.216595
0.216568
0.216574
0.216561
0.216574
0.216545
0.216551
0.216533
0.216544
0.216545
0.216529
0.216507
0.216526
0.216525
0.216519
0.216498
0.216483
0.216484
0.216491
0.216474
0.216413
0.2164
0.216362
0.216349
0.21632
0.216288
0.216261
0.216264
0.216253
0.216242
0.216268
0.216287
0.216281
0.216251
0.21623
0.21624
0.216222
0.216218
0.216255
0.216252
0.216251
0.216188
0.21617
0.216155
0.216188
0.216184
0.216226
0.216244
0.216265
0.216267
0.216283
0.21626
0.216284
0.216297
0.216328
0.216286
0.21629
0.216301
0.216296
0.216293
0.216262
0.216279
0.216255
0.216244
0.216243
0.216224
0.216202
0.216181
0.216177
0.216168
0.216143
0.216145
0.216105
0.216066
0.216052
0.216067
0.216067
0.216019
0.216013
0.216009
0.215976
0.215966
0.215947
0.215951
0.215956
0.215947
0.215953
0.215985
0.215974
0.215977
0.215948
0.215937
0.215893
0.215862
0.215869
0.215843
0.215825
0.215827
0.215814
0.215783
0.215767
0.215788
0.215782
0.215727
0.21574
0.215734
0.215721
0.215748
0.215745
0.215732
0.215723
0.21569
0.215672
0.215665
0.215665
0.215677
0.215705
0.215681
0.21572
0.215706
0.215714
0.215738
0.215729
0.215704
0.215724
0.215738
0.215701
0.215704
0.21569
0.215695
0.215699
0.215729
0.215731
0.215736
0.215751
0.215742
0.215753
0.215713
0.215688
0.215658
0.215673
0.21564
0.215602
0.215626
0.215633
0.215622
0.215605
0.21561
0.215621
0.215622
0.215662
0.215665
0.215652
0.215639
0.215654
0.215697
0.215698
0.215702
0.215719
0.215711
0.215722
0.215694
0.215698
0.215681
0.2157
0.215726
0.215732
0.215698
0.215724
0.215729
0.215737
0.215746
0.215739
0.215721
0.215716
0.215739
0.215716
0.215744
0.215727
0.215729
0.215704
0.215708
0.215709
0.215636
0.21564
0.215675
0.215679
0.215682
0.21567
0.215647
0.215659
0.215688
0.215685
0.215722
0.215702
0.21568
0.215697
0.215677
0.215654
0.215631
0.215629
0.215615
0.215608
0.21559
0.215594
0.215611
0.215621
0.215636
0.215643
0.215615
0.215622
0.215581
0.215544
0.21557
0.215584
0.215585
0.215599
0.215617
0.215589
0.215568
0.215547
0.215554
0.215589
0.215559
0.215591
0.215587
0.215591
0.21558
0.215551
0.215533
0.215528
0.215516
0.215523
0.21554
0.215547
0.215567
0.215585
0.215609
0.215603
0.215603
0.215613
0.215612
0.215616
0.215602
0.215613
0.215663
0.215664
0.215669
0.215625
0.215602
0.215587
0.2156
0.21563
0.215626
0.215618
0.21563
0.215621
0.215628
0.215628
0.215624
0.215613
0.215639
0.215652
0.215663
0.215652
0.215668
0.215699
0.215698
0.215719
0.215696
0.215695
0.215702
0.215688
0.215706
0.215687
0.215639
0.215654
0.215629
0.215638
0.215639
0.215641
0.215629
0.215628
0.21563
0.215645
0.215654
0.215651
0.215662
0.215648
0.215644
0.215632
0.215617
0.215611
0.21559
0.215586
0.215585
0.215576
0.215596
0.21557
0.215561
0.215585
0.215597
0.215603
0.215642
0.215605
0.215614
0.215638
0.215629
0.215657
0.215649
0.215685
0.215684
0.215641
0.215628
0.215631
0.215632
0.215662
0.215662
0.21563
0.215641
0.215627
0.215614
0.215649
0.215642
0.21565
0.215712
0.215708
0.215693
0.215718
0.215729
0.215727
0.215736
0.215707
0.215719
0.215709
0.215724
0.215735
0.215724
0.215727
0.21571
0.215707
0.21573
0.215738
0.215715
0.215712
0.215703
0.215679
0.215679
0.215667
0.215676
0.215654
0.21566
0.215654
0.215667
0.215627
0.215641
0.215646
0.215621
0.215623
0.215628
0.215629
0.215618
0.215615
0.215649
0.215651
0.215659
0.215689
0.215687
0.215657
0.21566
0.215663
0.215682
0.215678
0.215682
0.21569
0.215698
0.215675
0.215686
0.215676
0.215674
0.215658
0.215677
0.215664
0.21566
0.215661
0.215616
0.2156
0.215613
0.215611
0.215651
0.215627
0.21561
0.215621
0.215636
0.215605
0.215605
0.21561
0.215589
0.215588
0.215584
0.215579
0.215561
0.21554
0.215528
0.215535
0.215552
0.215573
0.215566
0.21556
0.215573
0.215578
0.21563
0.215626
0.215636
0.215606
0.215592
0.215573
0.215592
0.215597
0.215579
0.215574
0.215566
0.215545
0.215527
0.215518
0.215524
0.215494
0.215464
0.215477
0.215489
0.215501
0.215553
0.215568
0.215543
0.215536
0.215542
0.215547
0.215584
0.215576
0.215588
0.215594
0.215593
0.215583
0.215593
0.21559
0.215621
0.215612
0.215564
0.215556
0.215589
0.2156
0.215584
0.215588
0.215602
0.215561
0.215581
0.215609
0.21563
0.215622
0.215651
0.215669
0.21567
0.215684
0.215677
0.215645
0.215648
0.215655
0.215662
0.215666
0.215684
0.215677
0.215646
0.21564
0.215661
0.21567
0.215632
0.215636
0.215633
0.215651
0.215648
0.215664
0.215666
0.215664
0.215653
0.215641
0.215655
0.21567
0.215651
0.215664
0.215636
0.215659
0.215641
0.215643
0.215651
0.215632
0.21562
0.215621
0.2156
0.215594
0.215571
0.21557
0.215596
0.21562
0.215618
0.215607
0.215613
0.215641
0.215654
0.215653
0.215648
0.215636
0.215662
0.215646
0.215622
0.215637
0.215637
0.215673
0.215671
0.21568
0.215706
0.215704
0.215698
0.215703
0.215699
0.215696
0.215692
0.21568
0.215654
0.215655
0.215628
0.215618
0.215594
0.21559
0.215624
0.215641
0.215661
0.215646
0.215649
0.215671
0.215675
0.215656
0.215662
0.215672
0.215702
0.215712
0.215706
0.215712
0.215724
0.215731
0.215729
0.215719
0.215693
0.215686
0.215702
0.215707
0.215698
0.215718
0.215705
0.215702
0.215714
0.215707
0.215726
0.215719
0.215726
0.215754
0.215761
0.215765
0.215732
0.215728
0.215708
0.21568
0.21569
0.215715
0.215722
0.215722
0.215711
0.21569
0.215685
0.215677
0.215683
0.215703
0.215671
0.215679
0.215694
0.215686
0.215704
0.215702
0.215717
0.215744
0.215748
0.215793
0.215796
0.215797
0.215787
0.215755
0.215727
0.215722
0.215718
0.215723
0.215724
0.215711
0.215704
0.215701
0.21569
0.21569
0.2157
0.215688
0.215691
0.215686
0.215679
0.215684
0.215688
0.215704
0.215677
0.215699
0.215694
0.215707
0.215715
0.215703
0.215708
0.215713
0.215704
0.2157
0.215693
0.215655
0.215663
0.215663
0.215671
0.215699
0.215687
0.215695
0.215704
0.215702
0.215708
0.215703
0.215693
0.215699
0.2157
0.215714
0.215748
0.215739
0.215744
0.215751
0.215768
0.215771
0.215804
0.215804
0.215766
0.215739
0.215726
0.215697
0.21572
0.215754
0.215746
0.215717
0.215724
0.215751
0.215753
0.215759
0.215759
0.215744
0.215738
0.21574
0.215749
0.215729
0.215725
0.215735
0.215758
0.215774
0.215773
0.215756
0.21576
0.21574
0.215724
0.21572
0.215719
0.215724
0.215728
0.215708
0.215685
0.215687
0.215685
0.215679
0.215676
0.215686
0.215694
0.215696
0.215683
0.215689
0.21571
0.215685
0.21568
0.215685
0.215709
0.215701
0.2157
0.215668
0.215659
0.215656
0.21567
0.215661
0.215688
0.215705
0.21571
0.215737
0.215729
0.215704
0.215722
0.215732
0.215744
0.215751
0.21576
0.215735
0.215725
0.21574
0.215722
0.215708
0.215701
0.215692
0.21567
0.215688
0.215689
0.215677
0.215701
0.215712
0.215699
0.215714
0.215715
0.215706
0.215716
0.215703
0.215687
0.215716
0.215724
0.215713
0.215704
0.215716
0.215718
0.215721
0.215723
0.215717
0.215703
0.215689
0.215676
0.215668
0.215661
0.215664
0.215621
0.215623
0.21562
0.215613
0.215622
0.215652
0.215661
0.215682
0.215686
0.215671
0.215677
0.21567
0.215652
0.215644
0.215652
0.215662
0.21567
0.215679
0.215693
0.215699
0.215702
0.215694
0.215677
0.215666
0.215664
0.215687
0.215676
0.215707
0.215708
0.215708
0.215728
0.215729
0.215723
0.215725
0.215715
0.21574
0.215742
0.215738
0.215764
0.215769
0.215797
0.215803
0.215795
0.215795
0.215761
0.215756
0.21579
0.215767
0.215773
0.215765
0.21572
0.215722
0.215713
0.215734
0.21573
0.215715
0.21572
0.215701
0.215675
0.215678
0.215689
0.215701
0.215703
0.215717
0.215711
0.215729
0.215747
0.215739
0.215724
0.215711
0.215702
0.215737
0.215741
0.215745
0.215717
0.215695
0.215698
0.215717
0.215722
0.215702
0.215722
0.21571
0.215741
0.215756
0.215756
0.215761
0.215761
0.215785
0.215792
0.215778
0.21576
0.215778
0.215782
0.215791
0.215783
0.2158
0.215799
0.215802
0.215807
0.215769
0.215783
0.2158
0.215812
0.215817
0.215814
0.215813
0.21581
0.215822
0.215823
0.215822
0.215826
0.21583
0.215849
0.215817
0.215815
0.215811
0.21582
0.215811
0.215808
0.21581
0.215806
0.215793
0.215828
0.215813
0.215822
0.21581
0.215809
0.215803
0.215789
0.215793
0.215809
0.215822
0.21581
0.215785
0.215778
0.215803
0.215773
0.21575
0.215742
0.215722
0.215734
0.215725
0.21574
0.215749
0.215767
0.215773
0.215795
0.215784
0.21577
0.215772
0.215763
0.215737
0.215743
0.215747
0.215729
0.215734
0.215727
0.215736
0.215747
0.215749
0.215749
0.21573
0.215707
0.215721
0.215706
0.215699
0.215692
0.215693
0.215683
0.21569
0.215699
0.215681
0.215687
0.215661
0.215655
0.215627
0.215611
0.215596
0.215622
0.21559
0.215578
0.215589
0.215589
0.2156
0.215622
0.215605
0.215602
0.215607
0.215602
0.215619
0.215621
0.215647
0.215647
0.21562
0.215636
0.215644
0.215619
0.215617
0.215585
0.215609
0.215604
0.215597
0.215593
0.215598
0.215598
0.215589
0.215602
0.2156
0.215613
0.215633
0.215652
0.215654
0.215653
0.215654
0.215651
0.215655
0.21565
0.21565
0.215634
0.215643
0.215653
0.215666
0.215639
0.215651
0.215657
0.215646
0.215611
0.215606
0.215601
0.215593
0.215605
0.215597
0.215609
0.215608
0.215623
0.215604
0.215598
0.215589
0.215583
0.215602
0.215615
0.215612
0.215621
0.215612
0.215623
0.215591
0.215583
0.215589
0.215579
0.215552
0.215566
0.215566
0.215573
0.215563
0.215557
0.215582
0.215567
0.215569
0.21556
0.215586
0.215577
0.215602
0.215593
0.215604
0.215598
0.215574
0.215574
0.215562
0.215544
0.215552
0.215559
0.215567
0.215576
0.215541
0.215571
0.215574
0.215588
0.215593
0.215598
0.215603
0.215614
0.21562
0.215627
0.215607
0.215606
0.215598
0.215597
0.215595
0.21562
0.215618
0.21562
0.21561
0.215606
0.215596
0.215591
0.215578
0.215583
0.215583
0.215553
0.215541
0.215553
0.21556
0.21555
0.215566
0.21559
0.215583
0.215587
0.21559
0.215578
0.215572
0.215582
0.215594
0.215599
0.215598
0.215583
0.215588
0.215579
0.215579
0.215559
0.21554
0.215569
0.215587
0.215589
0.215577
0.215592
0.215614
0.215608
0.215623
0.215634
0.215604
0.215591
0.215618
0.215624
0.21562
0.215594
0.215592
0.215587
0.215592
0.215572
0.215583
0.215581
0.215568
0.215566
0.215551
0.21557
0.215572
0.215585
0.215592
0.215592
0.215618
0.21563
0.215626
0.215626
0.215608
0.215616
0.215614
0.215599
0.215589
0.215607
0.215583
0.215596
0.215576
0.215569
0.21555
0.215544
0.215537
0.215528
0.215515
0.215494
0.215489
0.215481
0.21549
0.215476
0.215475
0.21547
0.215453
0.215452
0.215459
0.215472
0.215472
0.215464
0.215448
0.215462
0.21547
0.215481
0.2155
0.215489
0.215467
0.215473
0.215484
0.215472
0.215468
0.215478
0.215475
0.215469
0.215473
0.215477
0.215479
0.21548
0.215459
0.215456
0.215445
0.215443
0.215424
0.215425
0.215408
0.21543
0.215446
0.21547
0.21547
0.21548
0.215456
0.215439
0.215441
0.215437
0.215434
0.215429
0.215427
0.21543
0.215434
0.215434
0.215438
0.215421
0.215431
0.215426
0.215418
0.215435
0.215448
0.215442
0.215475
0.21548
0.215475
0.215469
0.215485
0.215503
0.215494
0.215505
0.215523
0.215525
0.215531
0.215509
0.215509
0.215521
0.215522
0.215509
0.215511
0.215521
0.21552
0.215524
0.215526
0.215555
0.215538
0.215529
0.215523
0.215534
0.215518
0.215518
0.21552
0.21552
0.215521
0.215514
0.215515
0.215503
0.215519
0.215507
0.215512
0.215503
0.21549
0.215483
0.215472
0.215456
0.215475
0.215473
0.215466
0.215486
0.215472
0.215467
0.215459
0.215453
0.215451
0.215465
0.215474
0.215468
0.215456
0.215436
0.215443
0.215449
0.215436
0.215444
0.215427
0.215445
0.215441
0.215433
0.215449
0.215437
0.21543
0.215424
0.21542
0.215435
0.215431
0.215447
0.215457
0.215421
0.215426
0.21542
0.215412
0.215427
0.215398
0.215378
0.215389
0.215402
0.21539
0.215393
0.215396
0.215398
0.215394
0.215386
0.215358
0.215353
0.215369
0.215372
0.215371
0.215371
0.215382
0.215358
0.21537
0.215369
0.215371
0.215382
0.215388
0.215371
0.215395
0.215406
0.215406
0.215403
0.215383
0.215374
0.215383
0.215394
0.215386
0.215386
0.215376
0.215389
0.215383
0.215382
0.215388
0.215384
0.215382
0.215368
0.215383
0.215377
0.215391
0.215397
0.215406
0.215414
0.215423
0.215416
0.215416
0.215427
0.215443
0.21542
0.215423
0.215419
0.215416
0.215418
0.215441
0.21546
0.215468
0.215457
0.215448
0.215453
0.215456
0.215437
0.215443
0.215443
0.215442
0.215449
0.215456
0.215465
0.215467
0.215479
0.215468
0.215469
0.215466
0.215475
0.215496
0.215496
0.215522
0.215525
0.215512
0.215518
0.215533
0.215535
0.215537
0.215534
0.215536
0.215526
0.215516
0.21552
0.215529
0.215531
