0.851429
0.710015
0.54491
0.463801
0.400593
0.366225
0.333333
0.299186
0.281992
0.263685
0.25654
0.24879
0.24339
0.237512
0.231988
0.226059
0.220133
0.213675
0.210254
0.207249
0.20321
0.200487
0.198101
0.195278
0.192586
0.190444
0.188883
0.186473
0.184551
0.182164
0.180235
0.179044
0.177513
0.177377
0.175766
0.174673
0.173907
0.173114
0.172483
0.172189
0.172559
0.170659
0.16907
0.168096
0.166891
0.166262
0.164842
0.164114
0.163297
0.162393
0.162524
0.162205
0.161043
0.16012
0.159452
0.158729
0.157735
0.157002
0.156407
0.155822
0.155619
0.155232
0.155155
0.154701
0.15441
0.15324
0.153284
0.15251
0.152036
0.151854
0.151383
0.150818
0.150314
0.150174
0.14962
0.149032
0.148386
0.14773
0.147313
0.14744
0.147029
0.14658
0.146082
0.146569
0.146543
0.14619
0.145772
0.145154
0.144717
0.144444
0.144039
0.143862
0.143281
0.142969
0.142246
0.142126
0.142224
0.141669
0.141572
0.140967
0.140773
0.140248
0.140533
0.140749
0.140279
0.14013
0.140238
0.140102
0.139481
0.139388
0.13949
0.139288
0.139264
0.139105
0.138906
0.138586
0.138276
0.138285
0.13807
0.13757
0.137453
0.137125
0.137219
0.137204
0.137069
0.137055
0.136825
0.136502
0.13615
0.135723
0.135479
0.135102
0.13494
0.134703
0.135066
0.134762
0.134736
0.134526
0.134526
0.134393
0.13423
0.133793
0.133623
0.133341
0.133476
0.133135
0.133008
0.132716
0.132588
0.132369
0.132055
0.131964
0.131772
0.132221
0.131909
0.131478
0.13131
0.131099
0.130891
0.130865
0.130712
0.130403
0.13046
0.130808
0.130747
0.130574
0.130595
0.130694
0.130642
0.13055
0.130494
0.13017
0.129896
0.129837
0.129429
0.129469
0.129539
0.129341
0.129092
0.129042
0.128996
0.128931
0.128933
0.128808
0.128749
0.128576
0.128758
0.128764
0.128635
0.12844
0.128569
0.128478
0.128266
0.128167
0.128102
0.12827
0.128006
0.127794
0.127747
0.127715
0.127594
0.127563
0.127592
0.127702
0.12757
0.127583
0.127554
0.127417
0.127352
0.127291
0.127306
0.12726
0.127392
0.127642
0.127427
0.127127
0.127072
0.127018
0.127044
0.127433
0.127379
0.127301
0.127326
0.127259
0.127075
0.127082
0.127024
0.126955
0.126904
0.126913
0.126928
0.126906
0.126752
0.126736
0.126658
0.126471
0.12652
0.126475
0.1263
0.126065
0.126168
0.126128
0.12595
0.125869
0.125891
0.125918
0.125829
0.125832
0.125738
0.12565
0.12556
0.12531
0.125393
0.125469
0.125372
0.125309
0.125349
0.125227
0.125179
0.12514
0.125172
0.125316
0.125312
0.125363
0.125471
0.125237
0.125177
0.125256
0.125153
0.124961
0.124834
0.124709
0.124721
0.124616
0.124482
0.124277
0.123974
0.124113
0.124039
0.124048
0.124111
0.123984
0.123974
0.123729
0.123741
0.123713
0.123837
0.123822
0.12376
0.123652
0.123638
0.123609
0.12359
0.123795
0.123587
0.123617
0.123663
0.123675
0.123464
0.123385
0.123296
0.123236
0.123317
0.12317
0.123125
0.122887
0.123058
0.123111
0.123132
0.123097
0.123012
0.123013
0.122982
0.122988
0.122866
0.12288
0.122801
0.122707
0.122661
0.122599
0.122618
0.1226
0.122486
0.12251
0.122542
0.122465
0.122368
0.122362
0.122353
0.122348
0.122371
0.122353
0.122335
0.122224
0.122189
0.122238
0.122251
0.122236
0.122125
0.122076
0.122132
0.122002
0.122053
0.121866
0.121921
0.121985
0.121985
0.121909
0.122023
0.122029
0.121958
0.121892
0.121777
0.121815
0.121844
0.121833
0.12172
0.121633
0.121558
0.121597
0.121435
0.121601
0.121504
0.12138
0.121509
0.121531
0.121477
0.121554
0.121539
0.121505
0.121572
0.121631
0.121508
0.121536
0.121606
0.121533
0.121433
0.121426
0.12134
0.121285
0.121339
0.121392
0.121425
0.121351
0.121393
0.121433
0.121402
0.121336
0.121356
0.121409
0.12145
0.121463
0.121411
0.12138
0.121345
0.121467
0.121522
0.121592
0.121576
0.121538
0.121519
0.121611
0.121657
0.121657
0.121651
0.121659
0.121691
0.121769
0.121821
0.121675
0.121695
0.121538
0.121617
0.121713
0.121702
0.1216
0.121567
0.121553
0.121469
0.121425
0.121355
0.121236
0.121264
0.121258
0.121276
0.121262
0.121192
0.12111
0.121049
0.1212
0.12122
0.121278
0.121216
0.121207
0.121193
0.121198
0.121189
0.121248
0.121329
0.121269
0.121249
0.121157
0.12117
0.121027
0.12106
0.121125
0.121096
0.121123
0.1212
0.121057
0.121063
0.121166
0.121121
0.121097
0.120991
0.120985
0.120924
0.120998
0.120997
0.120875
0.120761
0.120862
0.12092
0.120992
0.120943
0.120881
0.120771
0.120679
0.120592
0.1206
0.120653
0.120664
0.120648
0.120634
0.120568
0.120462
0.120423
0.120405
0.120354
0.120294
0.12015
0.120027
0.119932
0.119984
0.119955
0.119982
0.119977
0.120016
0.119936
0.120039
0.120085
0.120059
0.120028
0.120048
0.120004
0.119985
0.119895
0.1198
0.119705
0.119685
0.119657
0.119664
0.119719
0.119781
0.119788
0.119812
0.119894
0.119824
0.119834
0.119775
0.119741
0.119732
0.119714
0.119613
0.119703
0.119723
0.119678
0.119646
0.119524
0.119567
0.119524
0.119418
0.119397
0.119353
0.119367
0.119301
0.119338
0.119349
0.119319
0.119313
0.119379
0.119319
0.119247
0.119227
0.119174
0.119181
0.119176
0.11913
0.11913
0.119131
0.118994
0.118938
0.118961
0.11897
0.118979
0.119007
0.118928
0.118907
0.118901
0.11896
0.118955
0.119027
0.118998
0.118926
0.118975
0.119016
0.119022
0.119018
0.119039
0.118968
0.118912
0.11888
0.118898
0.118913
0.11887
0.118916
0.118958
0.119037
0.119041
0.11895
0.118938
0.118945
0.118947
0.118871
0.118826
0.118848
0.118819
0.118835
0.118896
0.118849
0.118846
0.118938
0.118991
0.118969
0.11891
0.11884
0.118886
0.118905
0.118863
0.118946
0.118957
0.118916
0.119
0.11904
0.119075
0.119028
0.119065
0.119076
0.11914
0.119135
0.119201
0.119183
0.119164
0.119248
0.119192
0.119153
0.119181
0.119249
0.11929
0.119356
0.11932
0.119307
0.119306
0.119258
0.119282
0.119271
0.119208
0.119112
0.119052
0.118999
0.118911
0.118927
0.118838
0.118791
0.118796
0.118812
0.118782
0.118793
0.118818
0.118731
0.118702
0.118771
0.118801
0.118788
0.118834
0.118818
0.118779
0.118754
0.118734
0.118707
0.118661
0.118652
0.118594
0.11859
0.118587
0.118617
0.118546
0.118538
0.118574
0.118557
0.118562
0.118515
0.118443
0.118441
0.118417
0.118356
0.118289
0.118305
0.118317
0.118321
0.118307
0.11839
0.118459
0.118512
0.118455
0.118483
0.11853
0.118426
0.118402
0.118429
0.118357
0.118295
0.118302
0.118349
0.118355
0.118275
0.11822
0.118215
0.118217
0.118231
0.118286
0.118277
0.11829
0.118279
0.118232
0.118264
0.118241
0.118203
0.118154
0.118187
0.118152
0.11815
0.118101
0.118066
0.11806
0.118059
0.117989
0.117919
0.117879
0.117928
0.117927
0.117865
0.117798
0.117743
0.11772
0.117696
0.117745
0.117722
0.117808
0.117786
0.11779
0.1178
0.11785
0.117808
0.117837
0.117805
0.117737
0.117696
0.117668
0.117642
0.117624
0.117591
0.11764
0.117607
0.117541
0.117521
0.117498
0.11757
0.117559
0.117551
0.117501
0.117414
0.117351
0.117277
0.117225
0.117171
0.117194
0.117223
0.117152
0.1172
0.117143
0.117198
0.117281
0.117263
0.117297
0.117261
0.117241
0.117209
0.1172
0.117196
0.117164
0.117173
0.117149
0.117203
0.117191
0.117171
0.117138
0.117144
0.117078
0.117031
0.116992
0.116892
0.116833
0.116816
0.116783
0.116815
0.116841
0.116878
0.11682
0.116837
0.11678
0.1167
0.116612
0.116639
0.116735
0.116769
0.116764
0.116735
0.116729
0.116769
0.116692
0.116654
0.116649
0.116635
0.116637
0.116702
0.116691
0.116749
0.116795
0.116793
0.116789
0.116752
0.116717
0.116682
0.116595
0.116573
0.116625
0.116682
0.11667
0.116707
0.116641
0.116583
0.116557
0.116504
0.116438
0.11643
0.116439
0.116408
0.116432
0.11647
0.116537
0.116497
0.116476
0.116481
0.116478
0.11646
0.116427
0.116412
0.11642
0.116382
0.116397
0.116375
0.116363
0.116344
0.116297
0.116344
0.116288
0.116274
0.116235
0.116199
0.116234
0.11632
0.116276
0.116275
0.116282
0.116308
0.116324
0.116293
0.11628
0.116244
0.116287
0.116243
0.116188
0.116206
0.116206
0.116186
0.116137
0.11611
0.116127
0.11607
0.116086
0.116145
0.116159
0.116142
0.116154
0.116139
0.116133
0.116117
0.116176
0.116136
0.116094
0.11606
0.116053
0.115992
0.116028
0.116038
0.116064
0.116016
0.11602
0.115983
0.116032
0.116087
0.11606
0.115988
0.115987
0.116001
0.115933
0.115871
0.115894
0.115916
0.115882
0.115929
0.115947
0.115949
0.115957
0.115954
0.115912
0.11587
0.115908
0.115837
0.115807
0.115754
0.115734
0.115695
0.115703
0.115699
0.115683
0.11567
0.115671
0.115634
0.11562
0.115668
0.115667
0.115619
0.115628
0.115622
0.115646
0.115625
0.115621
0.115536
0.115548
0.115567
0.11558
0.115603
0.115653
0.115688
0.115666
0.115629
0.115645
0.115707
0.115665
0.115681
0.11573
0.115721
0.115721
0.115726
0.115686
0.115752
0.115729
0.115716
0.115683
0.115683
0.115684
0.11564
0.115592
0.115598
0.115574
0.11559
0.115561
0.115546
0.11552
0.115488
0.115431
0.115416
0.11547
0.115432
0.115423
0.115473
0.115441
0.115489
0.115457
0.115451
0.11546
0.115459
0.115451
0.115502
0.115542
0.115538
0.115528
0.115507
0.115522
0.115498
0.115526
0.115538
0.115568
0.11555
0.115502
0.115514
0.115489
0.115433
0.115401
0.11535
0.115352
0.115372
0.115408
0.115432
0.11541
0.115409
0.115332
0.115363
0.115315
0.115391
0.115404
0.115398
0.115398
0.115443
0.115405
0.115439
0.115454
0.11547
0.115454
0.115427
0.115443
0.115482
0.115425
0.115414
0.115403
0.115365
0.115365
0.115355
0.11532
0.115302
0.115303
0.11529
0.115331
0.115325
0.115314
0.115339
0.115308
0.115289
0.115257
0.115225
0.11523
0.115255
0.11528
0.115227
0.115197
0.11516
0.115179
0.115184
0.115149
0.115213
0.115199
0.115199
0.115226
0.115227
0.11525
0.11524
0.115217
0.115191
0.115164
0.115186
0.115162
0.11522
0.115184
0.115191
0.115166
0.11519
0.11522
0.115212
0.115266
0.115281
0.115296
0.115345
0.115343
0.115377
0.115378
0.115401
0.11539
0.115418
0.115386
0.115373
0.115341
0.115295
0.115275
0.115261
0.115283
0.115278
0.115255
0.115213
0.115188
0.115198
0.115179
0.115152
0.115177
0.115166
0.115228
0.115228
0.115257
0.115262
0.11522
0.115193
0.115143
0.115154
0.115143
0.115148
0.115159
0.115132
0.115118
0.1151
0.115085
0.115065
0.11508
0.115092
0.115101
0.115101
0.115086
0.115071
0.115089
0.115171
0.115126
0.115078
0.115096
0.115142
0.115115
0.115111
0.115089
0.115038
0.115007
0.114984
0.114941
0.114957
0.114973
0.114955
0.114961
0.114953
0.114947
0.114921
0.114905
0.114933
0.114916
0.114924
0.11491
0.114894
0.11485
0.114858
0.114859
0.114842
0.11488
0.114863
0.114846
0.1149
0.114879
0.114913
0.114864
0.114867
0.114924
0.114913
0.114907
0.114914
0.114933
0.114905
0.114887
0.114925
0.114893
0.114856
0.114843
0.114839
0.114895
0.114902
0.114916
0.114885
0.114882
0.114867
0.114875
0.114869
0.114898
0.114916
0.114933
0.114938
0.114891
0.114911
0.114903
0.114873
0.114904
0.114915
0.114894
0.114934
0.114931
0.114917
0.114901
0.114844
0.114857
0.114854
0.114835
0.114804
0.114837
0.114833
0.114838
0.114834
0.114801
0.114775
0.114764
0.114822
0.114833
0.114905
0.114915
0.114911
0.114909
0.114905
0.114875
0.114892
0.11489
0.114939
0.114949
0.114929
0.114938
0.114939
0.114949
0.114985
0.114974
0.114943
0.114948
0.114923
0.114906
0.114903
0.114903
0.114895
0.11489
0.11489
0.114872
0.114907
0.114915
0.11489
0.114894
0.114881
0.114872
0.114874
0.114905
0.114881
0.114889
0.114869
0.114841
0.114829
0.114841
0.114852
0.114856
0.114857
0.114868
0.114854
0.114859
0.114912
0.114915
0.114948
0.114968
0.114959
0.114961
0.11497
0.114993
0.114999
0.114989
0.115016
0.115018
0.115041
0.115025
0.115015
0.114963
0.114965
0.11498
0.114956
0.114956
0.11495
0.114958
0.114961
0.114984
0.115003
0.114997
0.114996
0.114979
0.115023
0.115021
0.115018
0.115059
0.115058
0.115034
0.115042
0.115044
0.115056
0.115047
0.115018
0.114997
0.114996
0.114993
0.114986
0.114998
0.114967
0.11496
0.114969
0.115028
0.115024
0.115012
0.114988
0.114959
0.114968
0.11496
0.114944
0.114922
0.114911
0.114924
0.114924
0.11493
0.114966
0.114927
0.114924
0.114908
0.114875
0.114893
0.114906
0.11493
0.114942
0.114915
0.114938
0.114924
0.114891
0.114907
0.114962
0.114954
0.114997
0.114974
0.114983
0.114977
0.114973
0.114981
0.114981
0.114981
0.114958
0.11492
0.11491
0.114901
0.114922
0.114899
0.114859
0.11483
0.114839
0.114874
0.114887
0.114858
0.114885
0.114877
0.114878
0.114884
0.114893
0.114873
0.114901
0.114913
0.114856
0.114854
0.114832
0.114866
0.114838
0.114789
0.114784
0.114833
0.114837
0.114843
0.114885
0.114869
0.114876
0.114865
0.114868
0.114919
0.114923
0.114918
0.114871
0.114834
0.114818
0.114802
0.114761
0.114818
0.114832
0.114823
0.114876
0.114907
0.114925
0.114916
0.114896
0.114872
0.114884
0.114874
0.11487
0.114874
0.114909
0.11491
0.11489
0.114902
0.114907
0.114885
0.114852
0.114845
0.114823
0.114821
0.11478
0.11478
0.114753
0.114745
0.114711
0.114733
0.114745
0.114728
0.114736
0.11475
0.114785
0.114799
0.114791
0.114828
0.11484
0.114869
0.114857
0.114841
0.11481
0.114774
0.11478
0.114774
0.114769
0.11477
0.114781
0.114793
0.114797
0.114814
0.114805
0.114798
0.114761
0.114763
0.114764
0.114753
0.114768
0.114745
0.114729
0.114686
0.114662
0.114667
0.114639
0.114646
0.114648
0.1147
0.11468
0.114681
0.114675
0.114662
0.114666
0.114687
0.114684
0.114681
0.114686
0.114705
0.114693
0.11469
0.114678
0.114668
0.114698
0.114718
0.114713
0.114719
0.11471
0.114699
0.114705
0.114716
0.114722
0.114739
0.114712
0.114716
0.114734
0.114735
0.114759
0.114778
0.114758
0.114717
0.114705
0.114707
0.114715
0.114691
0.114713
0.114724
0.114735
0.114761
0.114781
0.114797
0.114788
0.114801
0.114797
0.114809
0.114787
0.114807
0.114817
0.114782
0.114781
0.114757
0.114763
0.11475
0.114716
0.114712
0.114696
0.114681
0.114678
0.114713
0.114731
0.114758
0.11477
0.114754
0.11476
0.11476
0.114771
0.114792
0.114788
0.114813
0.114802
0.114823
0.114842
0.114782
0.114843
0.114833
0.114827
0.114836
0.114851
0.114818
0.11481
0.114823
0.114817
0.114797
0.114795
0.114798
0.114847
0.11485
0.114853
0.114842
0.114827
0.11483
0.114848
0.114857
0.114883
0.114889
0.1149
0.114898
0.114884
0.114895
0.114898
0.114886
0.114883
0.11488
0.114875
0.114882
0.114866
0.114866
0.114855
0.114868
0.114879
0.114866
0.114875
0.114877
0.114891
0.114878
0.114888
0.114875
0.114866
0.114846
0.114838
0.114858
0.11488
0.114878
0.114911
0.11491
0.114948
0.114962
0.114973
0.114986
0.115
0.115002
0.115008
0.114998
0.115008
0.115018
0.115042
0.115061
0.115047
0.115044
0.115041
0.115029
0.115055
0.11504
0.115054
0.115078
0.115071
0.115105
0.11512
0.115099
0.115125
0.115143
0.115164
0.115188
0.115213
0.115239
0.115273
0.11528
0.1153
0.115271
0.11526
0.115268
0.115283
0.115306
0.11527
0.115233
0.115239
0.115237
0.115243
0.115243
0.115257
0.115224
0.115231
0.115236
0.115244
0.115243
0.115228
0.115243
0.115254
0.115265
0.115259
0.115247
0.115251
0.115234
0.115224
0.115231
0.115222
0.11522
0.115205
0.115207
0.115233
0.115263
0.115244
0.115262
0.115225
0.115218
0.115201
0.1152
0.115211
0.115182
0.115196
0.11522
0.11521
0.115223
0.115202
0.115233
0.115257
0.115247
0.115222
0.115205
0.115203
0.115206
0.115213
0.11522
0.115215
0.115258
0.115279
0.115293
0.115291
0.115272
0.115279
0.115275
0.115283
0.115274
0.115284
0.115281
0.115279
0.115278
0.115279
0.115274
0.115282
0.115295
0.115288
0.115298
0.115295
0.115328
0.115345
0.115371
0.115365
0.115352
0.115354
0.11536
0.115331
0.115347
0.11532
0.115322
0.115334
0.115314
0.115314
0.115323
0.115306
0.115328
0.115314
0.115344
0.115369
0.115353
0.115346
0.11533
0.115326
0.115331
0.115317
0.115324
0.1153
0.115308
0.115325
0.115321
0.115326
0.115323
0.115335
0.11534
0.115316
0.11534
0.115328
0.115308
0.115299
0.115266
0.11529
0.115293
0.115283
0.115282
0.115282
0.115277
0.115294
0.115282
0.115258
0.115257
0.115266
0.115271
0.115264
0.11525
0.115258
0.115253
0.115234
0.115219
0.115201
0.115208
0.115216
0.115207
0.115192
0.115219
0.115249
0.115257
0.115275
0.115247
0.11526
0.115238
0.115199
0.115177
0.115165
0.115165
0.115145
0.115139
0.115116
0.1151
0.115093
0.115108
0.115079
0.115077
0.115065
0.115058
0.115053
0.115048
0.115026
0.115036
0.115013
0.115015
0.115006
0.115007
0.115
0.115015
0.115019
0.115014
0.115063
0.115054
0.115056
0.115034
0.115033
0.115013
0.115004
0.115025
0.115014
0.115014
0.115027
0.115011
0.114986
0.11499
0.115013
0.115016
0.115007
0.114993
0.114987
0.114974
0.114974
0.114958
0.114954
0.114951
0.114967
0.114964
0.114945
0.114954
0.114941
0.114927
0.114911
0.114934
0.114956
0.114945
0.114966
0.114987
0.114976
0.114995
0.115027
0.115026
0.115012
0.115015
0.115017
0.115
0.115017
0.115013
0.115031
0.115015
0.11501
0.115005
0.115017
0.114995
0.114996
0.114997
0.115019
0.11503
0.115037
0.115044
0.11502
0.115027
0.115038
0.115052
0.11504
0.115055
0.115093
0.115111
0.115111
0.11511
0.115134
0.115128
0.115121
0.115093
0.115108
0.115097
0.115134
0.115124
0.115137
0.115129
0.115151
0.115153
0.115182
0.115154
0.115162
0.115136
0.115124
0.115105
0.115087
0.11509
0.115087
0.115067
0.115065
0.115065
0.115061
0.11506
0.115053
0.115072
0.115069
0.115084
0.115086
0.115072
0.115066
0.115045
0.115029
0.115007
0.115003
0.114988
0.114978
0.11499
0.115005
0.114972
0.114969
0.114958
0.114971
0.114984
0.114996
0.114994
0.114992
0.115
0.114986
0.114976
0.114975
0.114988
0.114996
0.114999
0.11499
0.114979
0.114959
0.114966
0.114949
0.114949
0.114974
0.114977
0.114963
0.114952
0.114935
0.114939
0.114921
0.114913
0.114907
0.11493
0.114921
0.114928
0.114901
0.114897
0.114917
0.114928
0.114932
0.114951
0.114938
0.114937
0.114915
0.114906
0.114909
0.114929
0.114913
0.114929
0.114974
0.114996
0.114955
0.114974
0.114977
0.114982
0.114969
0.114954
0.114953
0.114941
0.114952
0.114948
0.114941
0.114936
0.114944
0.11492
0.114951
0.114932
0.114941
0.114939
0.114936
0.114925
0.114938
0.114923
0.114915
0.114909
0.114881
0.114888
0.114884
0.114898
0.11492
0.114902
0.114899
0.114907
0.114924
0.114948
0.114935
0.114962
0.114968
0.114965
0.114955
0.114967
0.114973
0.114987
0.115034
0.115047
0.115042
0.115079
0.115057
0.115025
0.11501
0.115016
0.115012
0.115006
0.114992
0.114969
0.11499
0.114983
0.114963
0.114994
0.115004
0.115012
0.11502
0.115025
0.115045
0.115057
0.11508
0.11507
0.115073
0.115057
0.115081
0.115091
0.115088
0.115086
0.115097
0.115082
0.115074
0.115099
0.115085
0.115099
0.115099
0.115079
0.115076
0.115099
0.115097
0.115086
0.115101
0.115113
0.115118
0.115118
0.11512
0.11513
0.115101
0.115106
0.115098
0.115106
0.115111
0.115123
0.115125
0.115133
0.11515
0.115167
0.115157
0.115159
0.115169
0.115161
0.11517
0.11517
0.115162
0.115153
0.115154
0.115167
0.115166
0.115166
0.115166
0.115155
0.115137
0.115132
0.115119
0.11512
0.115134
0.115137
0.115165
0.115189
0.115172
0.115165
0.115155
0.115156
0.115135
0.115153
0.115155
0.115145
0.115142
0.11513
0.115155
0.115173
0.115164
0.11518
0.115202
0.115199
0.115172
0.115187
0.11519
0.115193
0.115165
0.115133
0.11513
0.115115
0.115136
0.115111
0.115105
0.11509
0.115094
0.115093
0.115109
0.115095
0.1151
0.115107
0.115108
0.115119
0.115106
0.1151
0.11511
0.115128
0.115122
0.115129
0.115128
0.115115
0.115121
0.115128
0.115118
0.115113
0.1151
0.115126
0.115131
0.115127
0.115132
0.11514
0.115154
0.115178
0.11518
0.115167
0.11519
0.115206
0.115229
0.115227
0.11522
0.115244
0.115229
0.115233
0.115245
0.115234
0.115243
0.115228
0.115225
0.115256
0.11528
0.115265
0.115262
0.115223
0.115221
0.115209
0.115243
0.115246
0.115256
0.115278
0.115286
0.115264
0.115265
0.11524
0.115234
0.115225
0.115231
0.11523
0.115227
0.115243
0.115276
0.115256
0.115249
0.115243
0.115271
0.115272
0.115309
0.115282
0.115284
0.115271
0.115279
0.11526
0.115239
0.115253
0.115238
0.115256
0.115237
0.115233
0.115258
0.115261
0.115252
0.115258
0.115275
0.115262
0.115268
0.115276
0.115264
0.115275
0.115261
0.115281
0.115281
0.115264
0.115259
0.115274
0.115269
0.115276
0.115285
0.115282
0.115279
0.115265
0.115272
0.11528
0.115273
0.115276
0.115258
0.115251
0.11525
0.115242
0.115216
0.115197
0.115171
0.115176
0.115179
0.115174
0.115176
0.115205
0.115191
0.115187
0.115199
0.115211
0.115228
0.115211
0.115233
0.115262
0.115247
0.115246
0.115239
0.115263
0.115249
0.115234
0.115221
0.115231
0.115206
0.115219
0.11522
0.115229
0.115231
0.115234
0.11521
0.1152
0.115199
0.115171
0.115185
0.115183
0.115161
0.115147
0.115134
0.115145
0.115136
0.115127
0.11513
0.115135
0.115154
0.115136
0.11512
0.115109
0.115113
0.115105
0.115084
0.115062
0.115048
0.115042
0.11503
0.115045
0.115032
0.115031
0.115012
0.115011
0.114999
0.115007
0.114988
0.114986
0.114965
0.114954
0.114965
0.114941
0.114951
0.114953
0.114956
0.114948
0.114945
0.114945
0.114941
0.114938
0.114919
0.114937
0.114914
0.114906
0.114911
0.114904
0.114896
0.114873
0.114875
0.114851
0.114844
0.114847
0.114835
0.114852
0.114846
0.114832
0.114853
0.114874
0.114889
0.114908
0.114909
0.114923
0.114937
0.11495
0.114946
0.11494
0.114932
0.114913
0.114919
0.11493
0.114949
0.114929
0.114948
0.11494
0.114912
0.114909
0.1149
0.11492
0.114915
0.114922
0.114921
0.114931
0.114928
0.114925
0.114912
0.114908
0.114894
0.114904
0.114883
0.114917
0.114925
0.114947
0.114944
0.114949
0.114934
0.114952
0.114933
0.114927
0.114906
0.114896
0.114885
0.114886
0.114872
0.114881
0.114902
0.11491
0.114892
0.114894
0.114916
0.114909
0.114912
0.114889
0.11491
0.11491
0.114898
0.114909
0.114905
0.114893
0.114897
0.114917
0.114947
0.114947
0.114923
0.114934
0.114935
0.114931
0.114934
0.114954
0.114939
0.114928
0.114917
0.114923
0.11493
0.114942
0.114956
0.114958
0.11498
0.114983
0.11498
0.114969
0.114976
0.11496
0.114954
0.114933
0.114917
0.11493
0.114943
0.114931
0.11491
0.114919
0.11491
0.114913
0.114914
0.114912
0.114923
0.114909
0.114935
0.114935
0.114932
0.114928
0.114941
0.114932
0.114925
0.114913
0.114898
0.114894
0.114881
0.114864
0.114855
0.114857
0.114844
0.11484
0.114843
0.114827
0.114848
0.11484
0.114833
0.114824
0.11482
0.114801
0.114796
0.114818
0.114811
0.114789
0.114785
0.114769
0.114782
0.114781
0.114792
0.114792
0.114789
0.114793
0.114807
0.114807
0.114823
0.114823
0.114819
0.114804
0.114792
0.114789
0.114789
0.114809
0.114808
0.114788
0.114777
0.114778
0.114774
0.114768
0.114739
0.114749
0.114745
0.114753
0.11475
0.11475
0.114759
0.11476
0.11475
0.114754
0.114764
0.114776
0.114767
0.11476
0.114746
0.11475
0.114748
0.114748
0.114738
0.114752
0.114759
0.114772
0.114766
0.114751
0.114755
0.114753
0.11476
0.114752
0.114749
0.114737
0.114749
0.114755
0.114771
0.114777
0.114754
0.114733
0.114733
0.114731
0.114749
0.114753
0.114748
0.114759
0.114759
0.114781
0.114767
0.11475
0.114751
0.114751
0.114764
0.114769
0.114756
0.114773
0.114773
0.114759
0.114777
0.114775
0.114767
0.114779
0.11477
0.114764
0.114766
0.114767
0.114766
0.114764
0.114765
0.114756
0.114753
0.114757
0.114773
0.114775
0.114774
0.114775
0.114776
0.114789
0.114782
0.114803
0.114813
0.114819
0.114824
0.114831
0.11483
0.114828
0.114846
0.114843
0.114843
0.114834
0.114845
0.114853
0.114851
0.114833
0.114845
0.114853
0.114849
0.114845
0.114828
0.114872
0.114871
0.114849
0.114858
0.114842
0.114836
0.114829
0.114836
0.11485
0.114835
0.114829
0.114843
0.114855
0.114847
0.114852
0.114851
0.114855
0.114861
0.114845
0.114839
0.114857
0.114832
0.114822
0.114809
0.114814
0.114815
0.11481
0.11483
0.114838
0.114852
0.114838
0.114834
0.11487
0.11486
0.114866
0.114868
0.114856
0.114862
0.114868
0.114887
0.114884
0.114866
0.114871
0.114864
0.114878
0.114871
0.114889
0.114905
0.114898
0.114905
0.114915
0.114917
0.114932
0.114906
0.114913
0.114926
0.11492
0.114899
0.114902
0.114909
0.114918
0.114924
0.114911
0.114891
0.114893
0.114917
0.114913
0.114914
0.114906
0.114912
0.114907
0.114916
0.114928
0.114918
0.114919
0.114915
0.114898
0.114906
0.114924
0.114907
0.11492
0.114903
0.114898
0.114889
0.114891
0.114887
0.114896
0.114889
0.11488
0.114867
0.114846
0.114852
0.114859
0.114867
0.114863
0.114875
0.114898
0.114889
0.114899
0.114905
0.114913
0.11491
0.114908
0.11492
0.114925
0.114946
0.114932
0.114926
0.114919
0.114953
0.114941
0.114947
0.114971
0.114965
0.114964
0.114957
0.114969
0.114973
0.114968
0.114981
0.114998
0.114998
0.114986
0.114994
0.115002
0.114984
0.114988
0.114977
0.114981
0.114974
0.114974
0.11499
0.11498
0.114978
0.114967
0.114961
0.114985
0.115
0.115014
0.115003
0.115013
0.115012
0.115016
0.115029
0.115019
0.115008
0.114994
