0.175472
0.158246
0.171845
0.17757
0.185283
0.191409
0.199131
0.192408
0.193426
0.192068
0.197601
0.203587
0.207984
0.210285
0.210035
0.212085
0.208768
0.211702
0.212278
0.213969
0.213389
0.215063
0.214918
0.217026
0.218828
0.219599
0.221408
0.222312
0.223111
0.223417
0.223681
0.221183
0.221107
0.22093
0.218868
0.219028
0.218496
0.219074
0.219248
0.218517
0.218546
0.218973
0.217845
0.217324
0.216888
0.218206
0.216887
0.216443
0.215945
0.214979
0.214841
0.215135
0.215159
0.213752
0.214406
0.213875
0.213164
0.212199
0.211354
0.211993
0.212137
0.212331
0.21322
0.213607
0.213145
0.212762
0.21265
0.212491
0.212592
0.213492
0.213169
0.213059
0.213678
0.214256
0.214682
0.215191
0.214879
0.214341
0.215044
0.21486
0.214761
0.214828
0.215004
0.214745
0.214526
0.214457
0.214157
0.214001
0.21414
0.213712
0.213822
0.213494
0.213702
0.213489
0.213755
0.213885
0.213988
0.213698
0.214094
0.213969
0.214094
0.213951
0.213749
0.21382
0.213558
0.213242
0.213191
0.213123
0.212947
0.212625
0.212775
0.212821
0.21247
0.21253
0.212413
0.212455
0.21259
0.212845
0.212709
0.212498
0.21208
0.212185
0.211764
0.211331
0.211689
0.21151
0.211592
0.211571
0.211827
0.211903
0.211809
0.211652
0.211482
0.211535
0.211763
0.211756
0.2117
0.211513
0.211833
0.211398
0.211278
0.210991
0.210798
0.210799
0.210628
0.210483
0.210687
0.210823
0.210852
0.210756
0.21058
0.210442
0.210633
0.210681
0.210604
0.210517
0.210471
0.210638
0.210844
0.210924
0.211119
0.210954
0.210861
0.210935
0.210837
0.210683
0.210717
0.210654
0.210406
0.210439
0.210544
0.210543
0.210578
0.210491
0.210153
0.210223
0.210161
0.210289
0.210422
0.210174
0.210333
0.21041
0.210576
0.210925
0.211098
0.211037
0.211136
0.211072
0.211445
0.211244
0.211045
0.210992
0.211288
0.211362
0.211216
0.211051
0.210971
0.210836
0.210819
0.210802
0.210921
0.211005
0.211009
0.211154
0.210921
0.210894
0.210864
0.210827
0.210743
0.210999
0.211015
0.211142
0.211185
0.211335
0.211184
0.211391
0.211327
0.211336
0.211078
0.211135
0.211107
0.211071
0.210932
0.210962
0.210929
0.210845
0.210557
0.210469
0.210447
0.210384
0.210838
0.210891
0.211057
0.211249
0.211483
0.211559
0.211599
0.211609
0.211622
0.211701
0.211638
0.211588
0.211734
0.21166
0.211527
0.211618
0.211542
0.211388
0.211505
0.211586
0.211695
0.211627
0.211677
0.211627
0.211712
0.211543
0.21143
0.211337
0.211099
0.210833
0.210896
0.210711
0.21086
0.211035
0.211246
0.21106
0.211003
0.211028
0.211159
0.211071
0.211119
0.211237
0.211393
0.211174
0.211248
0.211119
0.211337
0.211475
0.211539
0.211458
0.211381
0.211458
0.211396
0.21142
0.21111
0.211011
0.21094
0.211073
0.211
0.210853
0.210803
0.210834
0.210933
0.210797
0.210832
0.210571
0.210605
0.210717
0.210764
0.210739
0.210869
0.211121
0.211127
0.211169
0.211079
0.211008
0.211077
0.21137
0.211464
0.211487
0.211842
0.211886
0.211977
0.21205
0.212211
0.212237
0.212081
0.211993
0.212115
0.212225
0.21218
0.212108
0.21198
0.211929
0.212011
0.211871
0.211891
0.211832
0.211816
0.211858
0.211893
0.211968
0.211896
0.211782
0.211756
0.211743
0.211854
0.21181
0.211804
0.211888
0.211903
0.211924
0.211823
0.211829
0.211785
0.21169
0.211662
0.211676
0.211712
0.211762
0.211785
0.211803
0.211765
0.211728
0.211845
0.211886
0.211875
0.211967
0.211922
0.211943
0.211955
0.212023
0.212038
0.212143
0.212201
0.2123
0.212341
0.212416
0.212331
0.21228
0.21235
0.212296
0.212365
0.212309
0.212318
0.21237
0.21245
0.212401
0.212477
0.212422
0.212362
0.212321
0.212251
0.212296
0.212234
0.212275
0.212406
0.212411
0.212366
0.212266
0.212253
0.212418
0.212494
0.212538
0.212489
0.212603
0.212556
0.212553
0.212603
0.212524
0.212358
0.212365
0.212489
0.212596
0.212594
0.212594
0.212656
0.212686
0.212677
0.212709
0.212711
0.212767
0.212914
0.21298
0.213098
0.213167
0.213079
0.213055
0.213012
0.213032
0.213011
0.213007
0.212886
0.212902
0.212764
0.212734
0.212675
0.212542
0.212653
0.212663
0.212615
0.212444
0.212358
0.212274
0.212315
0.212266
0.212258
0.212252
0.212255
0.212126
0.212209
0.212257
0.212118
0.21205
0.211931
0.211811
0.211788
0.211789
0.211736
0.211672
0.211576
0.21166
0.211652
0.21165
0.211642
0.211534
0.211417
0.21147
0.211525
0.211488
0.211559
0.211594
0.211668
0.211666
0.211572
0.211476
0.211548
0.211548
0.211565
0.211537
0.211379
0.211258
0.211261
0.211283
0.211202
0.211198
0.21109
0.211068
0.211058
0.2112
0.211164
0.211143
0.211099
0.21113
0.211052
0.211107
0.211057
0.210983
0.210898
0.210957
0.210907
0.210913
0.210902
0.210979
0.210964
0.210918
0.210961
0.210829
0.210865
0.210809
0.210835
0.2109
0.210842
0.21078
0.210727
0.210707
0.210776
0.210709
0.210738
0.210841
0.210767
0.210692
0.210633
0.210591
0.210539
0.210396
0.210319
0.210323
0.210353
0.210292
0.210291
0.210168
0.210159
0.21009
0.21004
0.210018
0.210022
0.209995
0.209958
0.209862
0.209785
0.209855
0.209926
0.209885
0.209902
0.209968
0.210025
0.210089
0.210094
0.210002
0.209994
0.209941
0.209924
0.209905
0.209953
0.209976
0.20994
0.209895
0.209825
0.209854
0.209775
0.209704
0.209691
0.209688
0.209711
0.209834
0.209844
0.209906
0.209894
0.209857
0.209888
0.209898
0.209947
0.209984
0.210086
0.210117
0.210115
0.210137
0.210202
0.210234
0.210283
0.210376
0.210357
0.210291
0.210262
0.210232
0.21032
0.210426
0.21043
0.21046
0.210491
0.210479
0.210477
0.210461
0.210381
0.210347
0.210351
0.210385
0.21036
0.210373
0.21039
0.210463
0.210491
0.210583
0.210604
0.21057
0.210602
0.210647
0.210686
0.210733
0.21076
0.210776
0.210709
0.210727
0.210633
0.210697
0.210667
0.210553
0.210553
0.210539
0.210479
0.210468
0.210387
0.210382
0.210336
0.210312
0.21025
0.210327
0.210352
0.210262
0.210291
0.21036
0.210454
0.210409
0.210467
0.210487
0.210474
0.210553
0.210555
0.210588
0.210554
0.210561
0.210506
0.210516
0.210488
0.210455
0.210432
0.210378
0.210363
0.210357
0.210365
0.210386
0.210392
0.210352
0.210423
0.210392
0.210388
0.210308
0.210366
0.210405
0.210404
0.210437
0.210394
0.210365
0.210297
0.210232
0.210233
0.210073
0.210081
0.210108
0.210109
0.21014
0.210164
0.210193
0.210251
0.210243
0.210199
0.210165
0.210127
0.210095
0.210076
0.210056
0.210091
0.210067
0.209994
0.210004
0.209985
0.209937
0.209814
0.209809
0.209813
0.209782
0.209696
0.209674
0.209699
0.209694
0.209716
0.209708
0.209742
0.209758
0.209775
0.209773
0.209776
0.209784
0.209808
0.209887
0.209973
0.209972
0.21005
0.210061
0.210087
0.210091
0.210085
0.210041
0.210008
0.209964
0.209953
0.209971
0.209973
0.209999
0.209963
0.209936
0.209974
0.209956
0.209968
0.209987
0.209959
0.20999
0.210055
0.210133
0.210101
0.210075
0.210073
0.210027
0.20998
0.210073
0.210142
0.210219
0.210179
0.210254
0.210154
0.210236
0.2103
0.210325
0.210318
0.210345
0.210381
0.210424
0.210433
0.210434
0.210486
0.210538
0.210537
0.210615
0.210524
0.210573
0.210559
0.210558
0.210565
0.210538
0.21051
0.210466
0.210378
0.210293
0.210247
0.210259
0.210293
0.210348
0.210303
0.210283
0.21027
0.210232
0.210143
0.210128
0.21015
0.210186
0.210214
0.21016
0.210195
0.210206
0.210161
0.210091
0.210079
0.210132
0.210117
0.210159
0.210126
0.210097
0.210131
0.210124
0.210136
0.210114
0.210133
0.210078
0.209981
0.209979
0.209995
0.210026
0.209985
0.209977
0.209972
0.21002
0.210004
0.210045
0.210011
0.210005
0.209987
0.209979
0.21001
0.21002
0.210106
0.210133
0.210231
0.210208
0.210225
0.210223
0.210228
0.210287
0.210287
0.210282
0.210301
0.210314
0.210285
0.210227
0.21022
0.210243
0.210197
0.210193
0.210133
0.210094
0.210117
0.210163
0.210131
0.210093
0.210114
0.210158
0.210155
0.210141
0.210158
0.210164
0.210192
0.210174
0.21013
0.210149
0.210153
0.210158
0.210152
0.210127
0.210115
0.21008
0.210099
0.210141
0.210219
0.210225
0.210323
0.210314
0.210322
0.210292
0.210355
0.210378
0.210358
0.210378
0.210321
0.210309
0.210373
0.21037
0.210365
0.210343
0.210359
0.21039
0.210396
0.210443
0.210468
0.210437
0.210414
0.210427
0.210416
0.210392
0.210398
0.210478
0.210449
0.210455
0.210471
0.21048
0.210528
0.210539
0.210508
0.210509
0.210551
0.210496
0.210467
0.210436
0.210464
0.210454
0.21049
0.210484
0.210448
0.210489
0.210479
0.210426
0.210392
0.210371
0.210394
0.210356
0.210435
0.210422
0.210414
0.210445
0.210436
0.210379
0.210424
0.210423
0.210427
0.210449
0.210465
0.210521
0.210544
0.21057
0.210555
0.210548
0.210473
0.210468
0.21046
0.210431
0.210375
0.210395
0.210406
0.210408
0.210402
0.210365
0.210321
0.21033
0.210347
0.210292
0.210237
0.210208
0.210209
0.210138
0.210133
0.210086
0.210059
0.210065
0.210049
0.210028
0.210031
0.210052
0.210089
0.210101
0.210028
0.21004
0.210061
0.210079
0.210035
0.210064
0.210096
0.210152
0.210159
0.210203
0.2102
0.210234
0.210175
0.210143
0.210115
0.210112
0.210128
0.210142
0.210115
0.21007
0.210028
0.209951
0.209989
0.209977
0.209978
0.210014
0.210033
0.210059
0.210075
0.210044
0.209981
0.210029
0.210037
0.21007
0.210082
0.210071
0.210058
0.210081
0.210096
0.210086
0.210072
0.210123
0.210147
0.210115
0.210154
0.210137
0.210143
0.210161
0.21017
0.210163
0.210188
0.210195
0.210147
0.210152
0.210114
0.21012
0.210109
0.210132
0.210098
0.21008
0.210089
0.21006
0.21004
0.210081
0.210171
0.21023
0.210239
0.21028
0.2103
0.210319
0.210344
0.210318
0.210322
0.210349
0.210392
0.210417
0.21042
0.210405
0.21041
0.210423
0.21041
0.210431
0.210424
0.210418
0.210472
0.210481
0.210425
0.210413
0.210413
0.210385
0.210413
0.210428
0.210534
0.210509
0.210568
0.210639
0.21064
0.210657
0.210641
0.210645
0.210637
0.210699
0.210682
0.210665
0.210635
0.210637
0.210677
0.210658
0.210625
0.210626
0.21064
0.210625
0.210639
0.210657
0.210665
0.210679
0.21068
0.210656
0.210635
0.210678
0.2107
0.210718
0.210714
0.210691
0.210655
0.210694
0.210716
0.210751
0.210748
0.210757
0.210753
0.210777
0.210791
0.210769
0.210762
0.210795
0.210815
0.210861
0.210853
0.210801
0.210804
0.210839
0.21081
0.210777
0.210768
0.210799
0.210787
0.210764
0.21079
0.210737
0.210726
0.210669
0.210666
0.210649
0.210647
0.210645
0.210667
0.210633
0.210607
0.210605
0.210619
0.210642
0.210634
0.210624
0.210609
0.210535
0.210466
0.210476
0.210506
0.210464
0.210497
0.210487
0.210516
0.210596
0.21067
0.210755
0.210765
0.210792
0.210816
0.210854
0.210879
0.21091
0.210931
0.21091
0.210897
0.210904
0.210879
0.210849
0.210831
0.210816
0.210834
0.21084
0.21082
0.210771
0.210752
0.210696
0.210646
0.210622
0.210601
0.21055
0.210522
0.210506
0.210458
0.210463
0.210496
0.210521
0.210541
0.210579
0.210545
0.210574
0.210551
0.210545
0.210508
0.210503
0.210526
0.210553
0.210552
0.210564
0.2106
0.210619
0.210654
0.210678
0.210632
0.210643
0.210641
0.210682
0.210782
0.210896
0.210942
0.21095
0.210986
0.210979
0.210938
0.210981
0.210991
0.211014
0.211028
0.211021
0.211026
0.21106
0.211062
0.21109
0.211118
0.211103
0.211103
0.211175
0.211164
0.211197
0.211228
0.211289
0.211284
0.211289
0.211246
0.211233
0.211286
0.211285
0.211309
0.211324
0.211318
0.211319
0.211332
0.211324
0.211304
0.211253
0.211183
0.211174
0.211165
0.211172
0.211159
0.211154
0.211144
0.211162
0.21118
0.2112
0.211208
0.211241
0.211273
0.2113
0.211293
0.211297
0.211347
0.211373
0.211361
0.21136
0.211363
0.211437
0.211408
0.211372
0.211345
0.211339
0.211307
0.211307
0.211288
0.211253
0.21124
0.211211
0.211232
0.211255
0.211272
0.211273
0.211267
0.21132
0.211339
0.211391
0.211445
0.211395
0.211334
0.211313
0.211287
0.211276
0.211281
0.211271
0.211277
0.211298
0.211321
0.211279
0.211302
0.211333
0.211313
0.211327
0.211359
0.211362
0.211359
0.211351
0.211322
0.211326
0.211305
0.211274
0.211245
0.21123
0.211248
0.211226
0.211223
0.211263
0.211276
0.211269
0.21127
0.211279
0.211303
0.211339
0.211383
0.211402
0.2114
0.211407
0.211393
0.211342
0.211335
0.211332
0.211332
0.21135
0.211316
0.211313
0.211317
0.211314
0.211295
0.211261
0.211288
0.211294
0.211255
0.21129
0.211304
0.211329
0.211327
0.211304
0.211287
0.211322
0.211305
0.211291
0.21127
0.211246
0.211288
0.211291
0.211283
0.211266
0.211254
0.211286
0.211295
0.211239
0.211174
0.211137
0.211146
0.211115
0.211092
0.211093
0.211106
0.211113
0.211164
0.211176
0.211173
0.211224
0.211227
0.211249
0.211263
0.211254
0.211247
0.21122
0.211225
0.21121
0.211175
0.211153
0.211165
0.211145
0.211184
0.211208
0.21125
0.21124
0.211272
0.21129
0.211315
0.211313
0.211315
0.211334
0.211307
0.211342
0.21134
0.211339
0.211342
0.211297
0.211297
0.211301
0.211299
0.211294
0.211314
0.211281
0.211266
0.211264
0.21125
0.211278
0.211283
0.21128
0.211262
0.211269
0.211282
0.21129
0.211263
0.211253
0.211243
0.211224
0.211209
0.21119
0.211174
0.211167
0.211159
0.211156
0.211159
0.211161
0.211162
0.211162
0.211146
0.211126
0.211128
0.211121
0.211099
0.211085
0.211097
0.211065
0.211036
0.211041
0.211064
0.211081
0.211037
0.211022
0.21103
0.211029
0.211043
0.211071
0.211109
0.211071
0.211053
0.211057
0.211066
0.211085
0.211096
0.211099
0.211102
0.211148
0.211127
0.211146
0.211167
0.211155
0.211134
0.211164
0.211191
0.211193
0.211176
0.211149
0.211149
0.211168
0.211204
0.211207
0.211227
0.211211
0.211208
0.2112
0.211176
0.211182
0.211189
0.211175
0.211123
0.211106
0.211113
0.21107
0.211069
0.211125
0.211149
0.211191
0.211232
0.211269
0.211309
0.211325
0.211352
0.211366
0.211402
0.211408
0.211438
0.211489
0.211475
0.211507
0.211484
0.211515
0.211557
0.211563
0.211593
0.211619
0.211626
0.211624
0.211666
0.211691
0.211717
0.211763
0.211802
0.211843
0.211882
0.21192
0.211937
0.211899
0.211911
0.211903
0.211932
0.211922
0.211868
0.211878
0.211885
0.211882
0.21187
0.211902
0.211881
0.211872
0.211896
0.211903
0.211894
0.211912
0.211912
0.211932
0.211933
0.211946
0.211949
0.211942
0.211953
0.21195
0.211934
0.211954
0.211977
0.211977
0.211993
0.212011
0.212005
0.21204
0.212035
0.212011
0.212033
0.212038
0.21205
0.212037
0.211999
0.211964
0.211937
0.21194
0.211952
0.21195
0.211939
0.211932
0.211919
0.211938
0.211931
0.21193
0.211912
0.211927
0.211935
0.211942
0.211948
0.211958
0.211961
0.211959
0.211969
0.211962
0.211942
0.211958
0.211953
0.211939
0.211924
0.21195
0.211964
0.211968
0.211942
0.211925
0.211903
0.211905
0.211936
0.21196
0.211948
0.211935
0.211938
0.211915
0.211907
0.211874
0.211853
0.211839
0.211857
0.211843
0.211838
0.211846
0.211857
0.211879
0.211874
0.211904
0.211912
0.211935
0.211945
0.211942
0.211958
0.211956
0.211927
0.211954
0.211969
0.211979
0.211986
0.212007
0.211998
0.211993
0.211988
0.212031
0.212043
0.212061
0.212089
0.212096
0.212101
0.212079
0.21209
0.212105
0.212122
0.212151
0.212164
0.212163
0.212167
0.212171
0.212173
0.212192
0.212209
0.212241
0.212253
0.212237
0.212255
0.212271
0.21226
0.212279
0.212275
0.212308
0.212318
0.212273
0.212258
0.212258
0.21228
0.212294
0.212285
0.212246
0.212249
0.212248
0.212247
0.212277
0.212288
0.212283
0.212353
0.212361
0.212389
0.212407
0.212418
0.212416
0.212444
0.21244
0.212438
0.212454
0.212471
0.21247
0.212461
0.212481
0.212477
0.212489
0.212493
0.212517
0.212518
0.212527
0.212522
0.212519
0.212513
0.212503
0.212502
0.212469
0.212456
0.212446
0.212432
0.2124
0.212407
0.212432
0.212399
0.212386
0.212379
0.212379
0.21237
0.212342
0.212342
0.21236
0.212381
0.212383
0.212375
0.212367
0.212403
0.212412
0.212415
0.212421
0.212435
0.212453
0.212463
0.212458
0.212483
0.212495
0.212493
0.212473
0.212479
0.212449
0.212446
0.21245
0.212411
0.212391
0.212392
0.212377
0.212372
0.212345
0.212324
0.212346
0.212337
0.212295
0.212309
0.212292
0.212309
0.212317
0.212328
0.21232
0.212302
0.212335
0.212313
0.212318
0.21232
0.212346
0.212345
0.21235
0.212381
0.212382
0.212379
0.212401
0.212372
0.212364
0.212352
0.212333
0.212316
0.212323
0.212311
0.212288
0.212283
0.212283
0.212284
0.212288
0.21229
0.212263
0.212277
0.212299
0.212308
0.212346
0.212396
0.212391
0.212385
0.2124
0.212422
0.212417
0.212417
0.212446
0.212448
0.212498
0.212497
0.21252
0.212546
0.212565
0.212557
0.212572
0.212526
0.212503
0.212513
0.212526
0.212503
0.2125
0.212469
0.212409
0.212424
0.212457
0.212454
0.212448
0.212447
0.212418
0.212436
0.212407
0.21242
0.212393
0.212396
0.212408
0.212414
0.212442
0.212437
0.212424
0.212435
0.212414
0.212426
0.212427
0.212402
0.212388
0.212384
0.212391
0.212389
0.212388
0.212395
0.21235
0.212343
0.212331
0.212354
0.212365
0.212357
0.212404
0.212409
0.212404
0.212381
0.212394
0.212414
0.212388
0.212367
0.212354
0.212336
0.212326
0.212314
0.21229
0.212294
0.212298
0.212303
0.212297
0.212322
0.212373
0.212411
0.212396
0.212424
0.212434
0.212467
0.212448
0.212403
0.212417
0.212414
0.212426
0.212423
0.212428
0.212437
0.212459
0.212451
0.212452
0.21243
0.212442
0.212439
0.212419
0.2124
0.212387
0.212343
0.212366
0.212356
0.212342
0.212344
0.212368
0.212389
0.212438
0.212435
0.212451
0.212491
0.212479
0.212485
0.2125
0.212517
0.212532
0.212521
0.212514
0.212524
0.212528
0.212522
0.212523
0.212488
0.212474
0.21246
0.212448
0.212457
0.212464
0.212456
0.212455
0.212463
0.212453
0.212453
0.212456
0.212487
0.2125
0.212498
0.212496
0.212486
0.212481
0.21249
0.212459
0.212458
0.212467
0.212468
0.212468
0.212515
0.212501
0.212489
0.212492
0.21251
0.212508
0.2125
0.212511
0.21253
0.212568
0.212597
0.212605
0.212586
0.212595
0.212631
0.212627
0.212648
0.212639
0.212644
0.212657
0.212658
0.212669
0.212678
0.21269
0.212704
0.212668
0.21268
0.212682
0.212674
0.212638
0.21263
0.212632
0.212611
0.212617
0.212614
0.212592
0.21257
0.212587
0.212544
0.212553
0.212568
0.212586
0.212569
0.212578
0.21259
0.21263
0.212654
0.212662
0.212656
0.21262
0.212633
0.212631
0.212643
0.21267
0.212641
0.212648
0.212643
0.212663
0.212658
0.212652
0.212646
0.212641
0.212634
0.212659
0.212658
0.212655
0.212687
0.21269
0.212709
0.212691
0.212704
0.212683
0.212681
0.21265
0.212654
0.212638
0.21265
0.212648
0.21262
0.212615
0.2126
0.212619
0.212628
0.212632
0.212643
0.212628
0.212625
0.212655
0.212661
0.212672
0.212669
0.212674
0.212664
0.212664
0.212667
0.212665
0.21267
0.212652
0.212654
0.212648
0.212665
0.212665
0.212666
0.212644
0.212625
0.212621
0.212601
0.212595
0.212602
0.2126
0.212601
0.212597
0.212593
0.21258
0.212572
0.212542
0.212513
0.212498
0.212509
0.212503
0.212504
0.212518
0.212515
0.212524
0.212529
0.212523
0.212529
0.212541
0.212543
0.212544
0.212552
0.212552
0.212529
0.212518
0.212496
0.212502
0.212505
0.212522
0.2125
0.212493
0.212465
0.21246
0.21248
0.212495
0.212497
0.212523
0.212544
0.212531
0.21255
0.212554
0.212564
0.212556
0.212531
0.212512
0.212494
0.212473
0.212454
0.212444
0.212443
0.212446
0.212463
0.212473
0.212465
0.212431
0.212454
0.212438
0.212423
0.212413
0.212395
0.212398
0.212394
0.212404
0.212393
0.21238
0.212353
0.212332
0.212339
0.212333
0.212319
0.212329
0.212312
0.212309
0.212316
0.212329
0.212332
0.212342
0.212362
0.212386
0.212413
0.212411
0.212389
0.212397
0.212391
0.212397
0.212374
0.212376
0.212402
0.21241
0.21238
0.212409
0.212434
0.212445
0.21247
0.212471
0.212465
0.212476
0.21248
0.212492
0.212495
0.212512
0.21253
0.212514
0.212529
0.212533
0.212549
0.212549
0.212544
0.212537
0.21257
0.212562
0.21256
0.212566
0.212534
0.212572
0.212593
0.212633
0.212628
0.212637
0.212644
0.212645
0.21262
0.212628
0.212629
0.212652
0.212646
0.212636
0.212651
0.212641
0.212653
0.212665
0.21265
0.212651
0.212637
0.212641
0.212656
0.212669
0.212656
0.212627
0.212638
0.212638
0.212622
0.212613
0.212603
0.212592
0.212594
0.212589
0.212591
0.212595
0.212574
0.212598
0.212606
0.212608
0.212611
0.212616
0.212622
0.21262
0.21263
0.212631
0.212655
0.212654
0.212652
0.212634
0.212657
0.212648
0.212656
0.212671
0.212672
0.21265
0.212654
0.212658
0.212675
0.212661
0.212682
0.212672
0.212663
0.212656
0.212634
0.212621
0.212615
0.212597
0.212606
0.212604
0.212616
0.212621
0.21264
0.212627
0.212661
0.212661
0.21267
0.212655
0.212644
0.212666
0.212672
0.212656
0.212647
0.212647
0.21265
0.212647
0.212636
0.212621
0.212622
0.212624
0.212627
0.212624
0.212634
0.212636
0.212658
0.21263
0.212657
0.212668
0.212645
0.212636
0.212628
0.212602
0.212598
0.212588
0.212579
0.212593
0.212601
0.2126
0.212596
0.212609
0.212601
0.212579
0.212571
0.212569
0.212576
0.212569
0.212559
0.21256
0.212567
0.212591
0.212591
0.212584
0.212601
0.212592
0.212584
0.212572
0.212556
0.212558
0.212577
0.212559
0.212565
0.212568
0.212564
0.212564
0.212598
0.212584
0.212607
0.212608
0.212599
0.212614
0.212611
0.212631
0.212648
0.212629
0.212635
0.212635
0.212637
0.212628
0.21262
0.212652
0.21265
0.212643
0.212633
0.212636
0.212649
0.21264
0.212648
0.212661
0.212681
0.212697
0.212722
0.212721
0.212716
0.212723
0.21272
0.212712
0.212721
0.212725
0.212717
0.212718
0.212714
0.212738
0.212721
0.212717
0.21271
0.212689
0.212685
0.212687
0.212691
0.212686
0.212696
0.212701
0.212697
0.2127
0.212703
0.212686
0.212691
0.212684
0.212678
0.212682
0.212683
0.212653
0.212675
0.212672
0.212675
0.212649
0.212652
0.212663
0.21265
0.212653
0.212678
0.212664
0.212661
0.212643
0.212646
0.21267
0.21266
0.212672
0.212679
0.212697
0.212689
0.212701
0.212681
0.21269
0.212685
0.212663
0.212652
0.212644
0.212629
0.212611
0.212603
0.212605
0.2126
0.212561
0.212563
0.212542
0.212529
0.212529
0.212534
0.212522
0.21253
0.212551
0.212547
0.212539
0.21255
0.212538
0.212541
0.212528
0.212518
0.212531
0.212532
0.212531
0.212541
0.212549
0.212555
0.212554
0.212565
0.212589
0.21256
0.212542
0.212532
0.212524
0.212501
0.212513
0.212521
0.212502
0.212508
0.212513
0.212536
0.212549
0.212573
0.212602
0.21262
0.212642
0.212637
0.212631
0.212636
0.212629
0.212603
0.212584
0.21259
0.21259
0.212589
0.212594
0.212598
0.212601
0.212604
0.212606
0.212613
0.212608
0.212609
0.212611
0.212624
0.212603
0.212576
0.212563
0.212556
0.212556
0.212554
0.212577
0.212582
0.212587
0.212601
0.212603
0.212619
0.212616
0.212623
0.212624
0.212637
0.21265
0.21266
0.212662
0.21269
0.212651
0.212654
0.212642
0.212634
0.212641
0.212635
0.212625
0.212641
0.212632
0.212627
0.21262
0.21262
0.212636
0.212637
0.212633
0.212638
0.212668
0.212651
0.212659
0.21266
0.212654
0.212657
0.21265
0.212672
0.212688
0.212683
0.212679
0.212685
0.21266
0.212674
0.212678
0.212692
0.212694
0.212667
0.212651
0.212666
0.212667
0.212663
0.212654
0.212658
0.212634
0.21262
0.212612
0.212604
0.212603
0.212614
0.21259
0.21258
0.212567
0.212562
0.21255
0.212531
0.212518
0.212525
0.212528
0.212543
0.212534
0.212544
0.212553
0.212554
0.212564
0.21256
0.212574
0.21258
0.212572
0.212581
0.212583
0.212578
0.212589
0.212578
0.212587
0.212563
0.212539
0.212535
0.212532
0.212535
0.212557
0.212572
0.212575
0.212572
0.212594
0.212591
0.212589
0.212596
0.212606
0.212597
0.212589
0.212576
0.212563
0.212558
0.212564
0.212564
0.212555
0.212546
0.212549
0.212559
0.212549
0.212548
0.212553
0.212551
0.212539
0.212542
0.212529
0.212502
0.212508
0.212503
0.212489
0.21251
0.212511
0.212535
0.212531
0.212534
0.212531
0.212527
0.212514
0.212536
0.212518
0.212521
0.212508
0.212497
0.212491
0.212492
0.212458
0.212471
0.212466
0.212469
0.212475
0.212491
0.212522
0.212551
0.212567
0.212569
0.212599
0.212632
0.212624
0.212666
0.212652
0.212675
0.212703
0.212718
0.212716
0.212723
0.212738
0.212738
0.212763
0.212768
0.212764
0.212767
0.212769
0.212764
0.212757
0.212748
0.212748
0.212748
0.212712
0.212711
0.212719
0.212709
0.212684
0.2127
0.212697
0.212703
0.212698
0.212711
0.212689
0.212699
0.212699
0.212692
0.212682
0.21269
0.212702
0.21268
0.212691
0.212698
0.212699
0.212724
0.212701
0.212716
0.212733
0.212748
0.21275
0.212743
0.212734
0.212736
0.212734
0.212725
0.2127
0.212681
0.212679
0.212686
0.21267
0.212667
0.21266
0.212658
0.21264
0.212621
0.212624
0.212607
0.212602
0.212595
0.212606
0.212617
0.212617
0.212606
0.212612
0.212598
0.212609
0.212588
0.212575
0.212578
0.21257
0.212562
0.21256
0.212571
0.212572
0.212584
0.212609
0.212612
0.212628
0.212616
0.212638
0.212651
0.212663
0.212668
0.212683
0.212697
0.212704
0.212716
0.212715
0.212717
0.212722
0.212733
0.212736
0.212749
0.212754
0.212776
0.212761
0.212761
0.212782
0.212762
0.212774
0.212781
0.212768
0.212769
0.212771
0.212767
0.212782
0.212766
