0.956456
0.934426
0.928174
0.911665
0.904604
0.901057
0.897453
0.89715
0.896743
0.89713
0.8953
0.894773
0.892553
0.891424
0.889258
0.887982
0.888952
0.886614
0.884382
0.883405
0.881709
0.880077
0.877769
0.875776
0.874779
0.873398
0.871773
0.869973
0.868392
0.866967
0.865374
0.863425
0.862052
0.859532
0.857616
0.856196
0.854845
0.853364
0.850909
0.849027
0.847534
0.845163
0.842195
0.839869
0.837452
0.836007
0.834328
0.832265
0.831055
0.82953
0.827176
0.824671
0.822939
0.821025
0.818904
0.816927
0.814687
0.812405
0.810469
0.80843
0.806633
0.804425
0.802319
0.800616
0.79875
0.797003
0.795696
0.793953
0.792753
0.790574
0.78834
0.786565
0.785201
0.784019
0.782
0.780075
0.777962
0.776563
0.775133
0.773547
0.771534
0.769898
0.767685
0.765779
0.764428
0.763374
0.761903
0.760602
0.759517
0.757599
0.7563
0.75502
0.753521
0.751456
0.749731
0.747824
0.745739
0.743633
0.741845
0.740322
0.738769
0.737345
0.736014
0.734467
0.73295
0.73134
0.729939
0.727934
0.726612
0.724825
0.723021
0.721431
0.719435
0.718218
0.717099
0.715514
0.714515
0.712302
0.711018
0.708996
0.707613
0.705999
0.704647
0.703337
0.702091
0.700679
0.699569
0.698432
0.69696
0.694921
0.693313
0.691734
0.6908
0.689386
0.687982
0.686035
0.684421
0.683411
0.682098
0.680632
0.679231
0.677836
0.676579
0.675174
0.673685
0.672343
0.671207
0.670291
0.668704
0.667453
0.66638
0.665295
0.664216
0.662868
0.661817
0.660239
0.659217
0.65797
0.656474
0.655515
0.654309
0.65319
0.651859
0.650339
0.648875
0.64772
0.64625
0.644681
0.643404
0.642216
0.640879
0.639789
0.638775
0.637519
0.636478
0.635494
0.634139
0.632902
0.631706
0.630682
0.629481
0.628244
0.627137
0.626153
0.625278
0.623961
0.623179
0.622228
0.621309
0.620168
0.619262
0.618192
0.617292
0.616321
0.615424
0.614645
0.613648
0.61257
0.611427
0.61021
0.609135
0.608423
0.607627
0.606712
0.605785
0.604749
0.60375
0.603203
0.602033
0.60102
0.600222
0.599654
0.598953
0.597933
0.59724
0.596274
0.595347
0.59452
0.593689
0.592661
0.591877
0.591179
0.590528
0.5898
0.588833
0.588218
0.587242
0.586513
0.585652
0.584811
0.583823
0.583172
0.582298
0.581353
0.580372
0.579561
0.578864
0.578121
0.577303
0.576558
0.575894
0.575114
0.574496
0.573782
0.573072
0.572237
0.571561
0.570929
0.570158
0.56936
0.568525
0.567752
0.567032
0.56622
0.565794
0.564906
0.56407
0.56332
0.562633
0.561865
0.561365
0.560664
0.560118
0.559359
0.558764
0.557968
0.557399
0.556505
0.555701
0.555094
0.554508
0.553698
0.553236
0.552553
0.551697
0.550959
0.550288
0.549568
0.548787
0.548006
0.547293
0.546529
0.545632
0.544807
0.54409
0.543371
0.542568
0.541782
0.54111
0.540333
0.539762
0.539023
0.538553
0.538017
0.537331
0.536711
0.535926
0.535529
0.534789
0.534032
0.533522
0.533045
0.532405
0.531769
0.531258
0.530579
0.529838
0.529131
0.528519
0.527654
0.527263
0.526584
0.526041
0.52556
0.524988
0.524309
0.523743
0.523366
0.522603
0.521967
0.52159
0.521083
0.520669
0.520173
0.519545
0.518903
0.51829
0.517801
0.51732
0.516857
0.516201
0.515761
0.515146
0.514707
0.514246
0.513795
0.513223
0.51275
0.512227
0.511808
0.511216
0.510808
0.510196
0.509623
0.509232
0.508595
0.508142
0.50754
0.507071
0.506565
0.506093
0.505676
0.505287
0.504784
0.504317
0.503738
0.50323
0.502509
0.502012
0.501367
0.500939
0.500398
0.499966
0.499545
0.499075
0.498498
0.497829
0.497271
0.496771
0.496356
0.495848
0.495302
0.494869
0.494414
0.49406
0.493569
0.493084
0.49261
0.492071
0.491649
0.491303
0.490967
0.490432
0.489909
0.489411
0.488949
0.488465
0.487941
0.487413
0.486922
0.48651
0.486067
0.485614
0.485136
0.484618
0.484198
0.483879
0.483446
0.483001
0.482547
0.48218
0.481876
0.481387
0.480916
0.480512
0.479993
0.479549
0.479056
0.478587
0.478209
0.477739
0.477174
0.476758
0.476419
0.476023
0.475676
0.475401
0.475033
0.474668
0.474263
0.473792
0.473534
0.473111
0.472879
0.472564
0.472158
0.471723
0.471238
0.470808
0.470312
0.469937
0.469547
0.469231
0.468836
0.468418
0.468131
0.467712
0.467376
0.466917
0.466623
0.466493
0.466183
0.465915
0.465516
0.465125
0.464835
0.464526
0.464038
0.463736
0.463409
0.463018
0.462655
0.462364
0.461982
0.461577
0.461291
0.461048
0.460764
0.460442
0.460154
0.459828
0.459518
0.459038
0.458653
0.458363
0.458062
0.457566
0.457218
0.456917
0.456576
0.456219
0.455834
0.455494
0.455169
0.454764
0.454404
0.454064
0.453632
0.453326
0.452999
0.452648
0.452366
0.45208
0.451721
0.451328
0.450995
0.450729
0.450384
0.450108
0.449852
0.449665
0.449434
0.449113
0.448769
0.448429
0.448063
0.447714
0.447483
0.447142
0.446702
0.44644
0.446288
0.446045
0.445761
0.445478
0.445253
0.444945
0.444636
0.444276
0.443979
0.44379
0.443528
0.443365
0.442952
0.44269
0.442339
0.441996
0.441601
0.44138
0.441168
0.440964
0.440733
0.440438
0.440128
0.439778
0.439437
0.439135
0.438815
0.438544
0.438193
0.437876
0.437649
0.437331
0.437151
0.436841
0.436545
0.436194
0.435965
0.435753
0.435415
0.435306
0.435038
0.43483
0.434566
0.434363
0.434124
0.433814
0.433557
0.433316
0.43302
0.432799
0.432593
0.432405
0.432224
0.431878
0.431645
0.431368
0.431115
0.430783
0.430601
0.430396
0.430116
0.429746
0.429416
0.429104
0.428816
0.4285
0.428218
0.427931
0.427649
0.427449
0.427267
0.42708
0.426848
0.426574
0.426294
0.426104
0.425877
0.425657
0.425502
0.425339
0.425184
0.424973
0.424696
0.424485
0.424273
0.424052
0.423711
0.423418
0.423166
0.423083
0.422799
0.42261
0.422375
0.422077
0.42193
0.421598
0.421368
0.421062
0.42082
0.420593
0.42039
0.420174
0.419941
0.41977
0.419483
0.419331
0.419123
0.418947
0.418741
0.418671
0.41847
0.41823
0.417981
0.417784
0.417568
0.417322
0.417091
0.416845
0.416684
0.416471
0.41627
0.41606
0.415791
0.415565
0.415433
0.415201
0.415026
0.414837
0.414575
0.414476
0.414313
0.414102
0.413904
0.413797
0.413634
0.413517
0.413327
0.413137
0.412899
0.412711
0.412576
0.412486
0.412342
0.412168
0.411894
0.411749
0.411538
0.411307
0.411124
0.410924
0.410765
0.410596
0.41038
0.410243
0.410094
0.410006
0.40991
0.409793
0.409628
0.40954
0.409328
0.409081
0.408924
0.408809
0.408607
0.408387
0.408164
0.407998
0.407788
0.407678
0.407546
0.407299
0.407034
0.406799
0.406629
0.406494
0.406318
0.4061
0.405887
0.405717
0.405485
0.40537
0.40517
0.405
0.404833
0.404607
0.404343
0.404161
0.404052
0.403903
0.403823
0.403655
0.403588
0.403419
0.40309
0.40291
0.402728
0.402561
0.402351
0.402183
0.402084
0.401973
0.401828
0.40161
0.401438
0.401289
0.401139
0.400943
0.400713
0.400614
0.400467
0.400273
0.400051
0.399917
0.399741
0.399577
0.39938
0.39918
0.399011
0.398928
0.398817
0.398715
0.39859
0.398438
0.398284
0.398154
0.398045
0.397899
0.3978
0.397769
0.397583
0.397464
0.397354
0.39722
0.397055
0.396859
0.396751
0.396628
0.396489
0.396364
0.396185
0.396121
0.395984
0.395836
0.395635
0.395499
0.395316
0.395212
0.395114
0.395043
0.394854
0.394729
0.394598
0.394507
0.39439
0.394289
0.394142
0.393957
0.393856
0.393772
0.393648
0.39348
0.393361
0.393183
0.392981
0.392822
0.392615
0.392448
0.39229
0.392201
0.39204
0.391863
0.391669
0.391568
0.391431
0.391306
0.391185
0.391081
0.390887
0.390774
0.390658
0.390428
0.39027
0.390122
0.390045
0.389853
0.389725
0.389581
0.389468
0.389361
0.389248
0.389114
0.388948
0.388791
0.388644
0.388522
0.38835
0.38823
0.388197
0.388131
0.387992
0.387937
0.38783
0.387661
0.387598
0.387566
0.387419
0.387334
0.387218
0.387132
0.386965
0.38682
0.386728
0.386586
0.38643
0.386337
0.386163
0.385967
0.385866
0.38581
0.385724
0.38556
0.385425
0.385288
0.385163
0.385083
0.384911
0.384795
0.384659
0.38458
0.384458
0.384274
0.384184
0.384074
0.38398
0.383922
0.383791
0.383612
0.383459
0.383376
0.383264
0.383194
0.383083
0.382947
0.382807
0.382705
0.382613
0.382446
0.38238
0.382342
0.382239
0.382131
0.381947
0.38171
0.381593
0.381501
0.381384
0.381213
0.381085
0.381062
0.380942
0.380776
0.38068
0.38062
0.38051
0.380458
0.380333
0.380226
0.38015
0.380091
0.379967
0.3799
0.379772
0.37967
0.379517
0.37943
0.37932
0.379227
0.379156
0.379098
0.379054
0.378918
0.378808
0.378766
0.378674
0.378562
0.378413
0.37825
0.378136
0.377999
0.377912
0.377812
0.37772
0.377619
0.377555
0.377401
0.377242
0.377161
0.377078
0.376991
0.376882
0.376777
0.376675
0.376616
0.376495
0.376349
0.376219
0.376099
0.375986
0.375896
0.375796
0.375661
0.375546
0.375462
0.37539
0.375311
0.375171
0.375063
0.374999
0.374891
0.374797
0.374739
0.374626
0.374529
0.374381
0.374247
0.374182
0.37408
0.374023
0.374027
0.37395
0.373824
0.37368
0.373583
0.373474
0.373406
0.373325
0.373202
0.373176
0.373062
0.372973
0.372888
0.372818
0.372731
0.372674
0.372565
0.372479
0.372372
0.372329
0.37225
0.372157
0.372054
0.37194
0.371883
0.37177
0.371669
0.371579
0.371456
0.371386
0.371356
0.37128
0.371185
0.371056
0.37102
0.370912
0.370775
0.370656
0.370622
0.370527
0.370495
0.370407
0.370294
0.370188
0.370092
0.369958
0.369917
0.369796
0.369716
0.369665
0.369582
0.369569
0.369487
0.369388
0.369266
0.369163
0.369065
0.369
0.368909
0.368816
0.368756
0.36867
0.368596
0.368521
0.368366
0.368285
0.368203
0.368086
0.367982
0.367912
0.367895
0.36792
0.367871
0.367814
0.367694
0.367598
0.367531
0.367496
0.367432
0.36737
0.367361
0.367296
0.367265
0.367224
0.36715
0.367146
0.367068
0.367051
0.366903
0.366776
0.366795
0.366748
0.366649
0.366608
0.366532
0.366458
0.366353
0.366283
0.366233
0.366112
0.366063
0.366005
0.365943
0.36588
0.365754
0.365681
0.365584
0.365481
0.365415
0.365352
0.365279
0.36523
0.365114
0.365036
0.365006
0.364943
0.364823
0.36471
0.364638
0.364618
0.364563
0.364543
0.364494
0.364439
0.364391
0.364277
0.364255
0.364164
0.364053
0.36395
0.363869
0.363821
0.363768
0.363681
0.363637
0.363558
0.363478
0.363425
0.363381
0.363324
0.363279
0.363202
0.363164
0.363095
0.363043
0.362991
0.362896
0.362807
0.362706
0.362577
0.362544
0.362467
0.362412
0.362337
0.3623
0.362278
0.362202
0.362128
0.362053
0.361976
0.361909
0.361859
0.361791
0.361743
0.361645
0.361631
0.361538
0.361434
0.361371
0.361303
0.361251
0.361167
0.36107
0.361021
0.360925
0.360858
0.360759
0.360698
0.360621
0.360551
0.360467
0.360359
0.360266
0.360181
0.360116
0.360008
0.359943
0.35991
0.359899
0.359828
0.359799
0.359769
0.359745
0.359682
0.359626
0.359549
0.359482
0.359387
0.359299
0.359266
0.359215
0.359181
0.359123
0.359042
0.358985
0.358928
0.358883
0.358788
0.358714
0.358632
0.358566
0.358529
0.358461
0.358408
0.358374
0.35831
0.358224
0.358166
0.358109
0.357967
0.357901
0.357861
0.35779
0.357722
0.357617
0.357537
0.357452
0.357404
0.357317
0.357215
0.357149
0.357066
0.356989
0.356936
0.356861
0.356853
0.356777
0.356693
0.356626
0.356613
0.356586
0.356569
0.356499
0.356361
0.356256
0.356162
0.356094
0.356015
0.355918
0.355867
0.355849
0.355792
0.355772
0.355771
0.355703
0.355664
0.355585
0.355514
0.355448
0.355356
0.355348
0.355358
0.35528
0.355215
0.3552
0.355115
0.355069
0.355005
0.354961
0.354943
0.354929
0.354888
0.354848
0.354767
0.354696
0.354629
0.354552
0.354501
0.354404
0.354315
0.354312
0.35426
0.35422
0.354191
0.354114
0.354087
0.353992
0.353925
0.353833
0.353751
0.353702
0.353636
0.353582
0.353551
0.353471
0.353423
0.353371
0.353316
0.353257
0.353173
0.353164
0.353133
0.353082
0.353026
0.352964
0.352937
0.352927
0.352807
0.352745
0.352694
0.352644
0.352588
0.352563
0.3525
0.352466
0.352393
0.352343
0.352338
0.3523
0.352167
0.352152
0.352085
0.352036
0.351971
0.351941
0.35193
0.35187
0.351805
0.351736
0.351671
0.351617
0.351569
0.351548
0.351519
0.351477
0.351437
0.351359
0.351243
0.351154
0.351069
0.351049
0.351015
0.350995
0.350942
0.350855
0.350784
0.350722
0.350682
0.350609
0.350549
0.350535
0.350504
0.350455
0.350384
0.350339
0.35031
0.350229
0.350186
0.350125
0.350102
0.350124
0.350071
0.350038
0.350011
0.349933
0.349837
0.349764
0.349667
0.34957
0.349458
0.349412
0.349352
0.349302
0.34925
0.349213
0.34916
0.349092
0.349046
0.349019
0.348938
0.348981
0.348972
0.348976
0.348941
0.348887
0.348837
0.348807
0.348718
0.348699
0.348674
0.348671
0.348623
0.348614
0.348558
0.348506
0.348414
0.348335
0.348266
0.348196
0.348079
0.348071
0.34804
0.347981
0.347973
0.34798
0.347963
0.347871
0.347795
0.34779
0.347723
0.347719
0.347722
0.347671
0.347603
0.347542
0.347471
0.347416
0.347391
0.347321
0.347277
0.34726
0.347205
0.347154
0.347116
0.347118
0.347046
0.346979
0.346919
0.346883
0.346831
0.34678
0.346761
0.346708
0.346638
0.346601
0.346532
0.346486
0.346432
0.346389
0.346317
0.346316
0.34629
0.346219
0.346174
0.346082
0.34603
0.345937
0.345854
0.345794
0.345739
0.345687
0.345627
0.345613
0.345534
0.345479
0.345409
0.345352
0.345327
0.345289
0.345229
0.345199
0.345113
0.345049
0.34499
0.344992
0.344976
0.344911
0.34484
0.34483
0.344787
0.344797
0.34476
0.344734
0.344694
0.344703
0.344652
0.344596
0.344578
0.344461
0.344396
0.344403
0.344365
0.344335
0.344287
0.344207
0.344139
0.344055
0.343991
0.343954
0.34391
0.343893
0.343839
0.343828
0.343764
0.343733
0.343662
0.343647
0.343558
0.343541
0.343493
0.343439
0.343432
0.343416
0.343394
0.343355
0.343307
0.343265
0.343183
0.343122
0.343027
0.342998
0.342962
0.342946
0.342882
0.342802
0.342761
0.342711
0.342663
0.342608
0.342565
0.342569
0.342534
0.342502
0.342455
0.342407
0.342359
0.34228
0.342206
0.342133
0.342098
0.342077
0.34205
0.342013
0.341955
0.341897
0.341868
0.341803
0.341767
0.341758
0.341718
0.341691
0.341652
0.341594
0.341528
0.341459
0.341411
0.341394
0.34134
0.341292
0.341253
0.341237
0.341197
0.341113
0.341051
0.340976
0.340957
0.340931
0.340908
0.340832
0.340764
0.340743
0.340699
0.340682
0.340638
0.340617
0.340583
0.340551
0.340547
0.340534
0.340507
0.340474
0.340445
0.340395
0.340355
0.340329
0.340304
0.340288
0.340268
0.340211
0.340161
0.340149
0.340102
0.340046
0.340052
0.340027
0.340023
0.339954
0.339927
0.339875
0.339772
0.339757
0.33973
0.33972
0.339707
0.339714
0.339656
0.339629
0.339623
0.339608
0.339556
0.33959
0.339586
0.339568
0.33954
0.339478
0.33945
0.339437
0.339402
0.33935
0.33931
0.339301
0.339306
0.339297
0.339256
0.339233
0.339224
0.339228
0.339151
0.33913
0.339108
0.339089
0.339025
0.339012
0.33896
0.338901
0.338895
0.338858
0.338851
0.338847
0.33882
0.338805
0.338797
0.338786
0.338796
0.338787
0.338787
0.338749
0.338735
0.338673
0.338629
0.338632
0.3386
0.338594
0.338587
0.338531
0.338523
0.338485
0.338454
0.338395
0.338371
0.338345
0.338331
0.338308
0.33826
0.33826
0.338204
0.338163
0.338109
0.338085
0.338051
0.338028
0.338021
0.338017
0.337971
0.337937
0.337888
0.337876
0.337791
0.337753
0.337727
0.33775
0.337734
0.337707
0.337682
0.337695
0.337672
0.337642
0.337606
0.337566
0.33755
0.337558
0.337522
0.337529
0.337513
0.337493
0.337428
0.337387
0.337347
0.337298
0.337229
0.337228
0.337199
0.337156
0.337091
0.337051
0.337035
0.336998
0.336962
0.33691
0.336852
0.336809
0.336812
0.336783
0.336794
0.336765
0.336702
0.336692
0.336661
0.336574
0.336583
0.336582
0.336565
0.33656
0.336514
0.336488
0.336444
0.336448
0.336398
0.336359
0.336319
0.336306
0.336275
0.336255
0.33623
0.336188
0.336125
0.336109
0.336016
0.335976
0.33593
0.335903
0.335862
0.33583
0.335776
0.335704
0.335697
0.335635
0.335598
0.33558
0.33556
0.335537
0.335517
0.335484
0.335492
0.335447
0.3354
0.335393
0.335362
0.335316
0.33531
0.335306
0.335244
0.335222
0.335187
0.335147
0.335099
0.335058
0.335021
0.334975
0.334929
0.33492
0.334906
0.334878
0.334861
0.334839
0.334782
0.334783
0.334764
0.33477
0.334769
0.334789
0.334774
0.334773
0.334716
0.334708
0.334664
0.334641
0.334591
0.334565
0.334519
0.334517
0.334497
0.334482
0.334477
0.334421
0.334397
0.334374
0.334341
0.334285
0.33427
0.334249
0.334236
0.334234
0.334219
0.334209
0.334169
0.334118
0.3341
0.334063
0.334025
0.334004
0.334009
0.333941
0.333932
0.333909
0.333871
0.333821
0.333758
0.333707
0.333661
0.333642
0.333603
0.333556
0.333517
0.33343
0.333416
0.333359
0.33331
0.333285
0.333275
0.333293
0.333287
0.333276
0.333249
0.33324
0.333212
0.333169
0.333108
0.333048
0.333028
0.333003
0.332969
0.332954
0.332923
0.332873
0.332863
0.33283
0.332793
0.332805
0.332767
0.332748
0.33273
0.332682
0.332652
0.332618
0.332579
0.332539
0.332532
0.332477
0.332448
0.332466
0.332451
0.332417
0.332396
0.332352
0.332293
0.332245
0.332219
0.332197
0.33215
0.332144
0.332104
0.332071
0.332043
0.332009
0.331975
0.33198
0.33196
0.331921
0.331906
0.331875
0.331862
0.331841
0.331775
0.331719
0.331674
0.331653
0.331662
0.331649
0.331599
0.331557
0.331532
0.331493
0.331461
0.331375
0.331309
0.331293
0.331238
0.3312
0.331179
0.331164
0.331141
0.331135
0.331101
0.331066
0.331032
0.331007
0.330973
0.330973
0.330949
0.330907
0.330885
0.330879
0.33087
0.330823
0.330771
0.330734
0.330738
0.330722
0.3307
0.330674
0.330625
0.330583
0.330549
0.330543
0.330534
0.330507
0.330476
0.330456
0.330432
0.330455
0.330447
0.330418
0.330394
0.330392
0.330349
0.330318
0.330299
0.330278
0.330248
0.330248
0.330226
0.330212
0.33017
0.330171
0.330163
0.330124
0.330088
0.330052
0.330012
0.33001
0.330011
0.329983
0.329972
0.329972
0.329952
0.329936
0.329913
0.329908
0.329867
0.329868
0.329842
0.329827
0.329807
0.329778
0.32974
0.32969
0.329655
0.329614
0.329603
0.329602
0.329601
0.329578
0.329545
0.329526
0.329494
0.329474
0.329447
0.329438
0.329415
0.329446
0.329425
0.329427
0.329413
0.329411
0.329399
0.329349
0.329339
0.329309
0.329294
0.329287
0.329282
0.329272
0.329252
0.329216
0.329197
0.329158
0.329124
0.3291
0.329063
0.329068
0.329068
0.329038
0.329045
0.329008
0.329008
0.329002
0.32899
0.328959
0.328904
0.328893
0.328894
0.328868
0.328853
0.328793
0.328783
0.328793
0.328743
0.328719
0.328677
0.328671
0.328647
0.328622
0.328594
0.328542
0.328551
0.328513
0.328455
0.328446
0.328413
0.328389
0.328394
0.328394
0.328365
0.328351
0.328356
0.328386
0.328384
0.328371
0.328352
0.328339
0.328333
0.328304
0.328294
0.328249
0.32819
0.328161
0.328171
0.328158
0.328137
0.328123
0.328081
0.328072
0.328049
0.32802
0.327979
0.327955
0.32792
0.327905
0.327903
0.327894
0.327869
0.327861
0.32784
0.327796
0.327775
0.327743
0.327718
0.327682
0.327668
0.327672
0.327676
0.32767
0.327668
0.32767
0.327629
0.327595
0.327614
0.327583
0.32754
0.327547
0.32755
0.327565
0.327547
0.327535
0.327537
0.327514
0.3275
0.327495
0.327473
0.327465
0.327445
0.327447
0.327431
0.327422
0.327402
0.327371
0.327344
0.327336
0.327343
0.32733
0.327303
0.327282
0.32728
0.327282
0.327263
0.327268
0.327228
0.327202
0.32716
0.327151
0.327119
0.327111
0.327078
0.327051
0.327028
0.327001
0.326987
0.326964
0.326937
0.326932
0.326925
0.326876
0.326879
0.326849
0.3268
0.32678
0.326736
0.326719
0.32668
0.326677
0.326679
0.326661
0.326649
0.326619
0.326614
0.326588
0.326586
0.32654
0.326492
0.326499
0.32647
0.32646
0.326454
0.326387
0.326376
0.32634
0.326333
0.326298
0.326271
0.326261
0.326249
0.326247
0.326197
0.326154
0.326133
0.326089
0.326072
0.326019
0.325984
0.325964
0.325977
0.325956
0.325927
0.325911
0.325869
0.325828
0.325822
0.325796
0.325787
0.325786
0.325775
0.325765
0.325764
0.325751
0.325739
0.325738
0.32573
0.32571
0.325688
0.325689
0.325686
0.325692
0.3257
0.325659
0.325641
0.325625
0.325586
0.325589
0.325585
0.325573
0.325523
0.325506
0.325475
0.325442
0.325421
0.325406
0.325382
0.325377
0.32536
0.325357
0.325324
0.32532
0.32532
0.325291
0.325259
0.325254
0.325225
0.325198
0.325168
0.325164
0.325122
0.32512
0.32508
0.325069
0.325034
0.324992
0.324959
0.324941
0.324918
0.324919
0.324902
0.324864
0.324838
0.324823
0.324795
0.324776
0.324753
0.324695
0.32468
0.324673
0.324658
0.324631
0.32461
0.32457
0.32458
0.324563
0.32454
0.324536
0.324512
0.324501
0.324492
0.32447
0.324458
0.324455
0.324446
0.3244
0.324399
0.324397
0.324398
0.324401
0.324399
0.324399
0.324383
0.324366
0.324367
0.324353
0.324358
0.324355
0.324313
0.324308
0.324287
0.324279
0.324247
0.324248
0.324197
0.324149
0.324133
0.324101
0.324075
0.324052
0.324038
0.324043
0.324027
0.324005
0.323978
0.323973
0.32394
0.323921
0.323925
0.32391
0.323926
0.323901
0.323879
0.323889
0.323879
0.323861
0.32385
0.3238
0.3238
0.323793
0.323794
0.323787
0.323788
0.323756
0.323751
0.323735
0.323713
0.323696
0.323676
0.323683
0.323674
0.323655
0.323641
0.323608
0.32357
0.323544
0.323513
0.323483
0.323477
0.323476
0.323452
0.323422
0.323411
0.323383
0.323372
0.323346
0.323342
0.323317
0.323309
0.323332
0.323328
0.323329
0.32332
0.323297
0.32327
0.323289
0.323255
0.323226
0.323202
0.323196
0.3232
0.323192
0.323187
0.323172
0.323167
0.323149
0.323142
0.323149
0.323134
0.323144
0.323133
0.323136
0.323127
0.3231
0.323077
0.32308
0.323061
0.323071
0.323047
0.32304
0.32301
0.322953
0.322932
0.322904
0.322866
0.322851
0.322824
0.322815
0.322787
0.322746
0.322742
0.32272
0.322689
0.32269
0.322659
0.322635
0.322623
0.322586
0.322576
0.322578
0.322552
0.322556
0.32253
0.322501
0.322489
0.322474
0.322482
0.322469
0.322426
0.322437
0.32242
0.322406
0.3224
0.322378
0.322355
0.322342
0.322328
0.322337
0.322315
0.322326
0.322319
0.322296
0.322278
0.322262
0.322256
0.322251
0.322229
0.322202
0.322211
0.322207
0.322187
0.322174
0.322174
0.32216
0.322125
0.322118
0.322094
0.322081
0.322062
0.322058
0.322048
0.322062
0.322065
0.322055
0.322035
0.322013
0.321999
0.321986
0.321962
0.321974
0.321961
0.321964
0.321941
0.321931
0.321902
0.321878
0.321863
0.321835
0.321815
0.321812
0.321809
0.321789
0.321768
0.321767
0.321758
0.321731
0.321725
0.321707
0.321691
0.321685
0.321691
0.321678
0.321652
0.321636
0.321637
0.321596
0.321579
0.321562
0.321522
0.32152
0.321507
0.32151
0.321536
0.321516
0.3215
0.321486
0.321512
0.321521
0.321493
0.321503
0.32149
0.321492
0.321484
0.321469
0.321452
0.321453
0.321466
0.32145
0.321447
0.321428
0.321416
0.321402
0.321381
0.321372
0.321353
0.321357
0.321355
0.321344
0.321325
0.321309
0.32128
0.321267
0.321253
0.321253
0.321227
0.321196
0.321151
0.321142
0.321125
0.321131
0.321116
0.321091
0.321053
0.321046
0.321037
0.32102
0.321006
0.320991
0.320964
0.320943
0.320935
0.320947
0.320894
0.320866
0.320851
0.320836
0.320804
0.320806
0.320778
0.320767
0.320771
0.320754
0.320737
0.320712
0.320705
0.320671
0.320653
0.320634
0.320609
0.32059
0.320577
0.320566
0.320568
0.320556
0.320554
0.320541
0.320527
0.320524
0.320494
0.320477
0.320466
0.320478
0.320453
0.320453
0.32044
0.320402
0.320404
0.320384
0.320373
0.320398
0.320383
0.320362
0.320339
0.32033
0.320304
0.320304
0.320288
0.320255
0.320227
0.320239
0.320223
0.320214
0.320186
0.320196
0.320176
0.320155
0.320118
0.320087
0.320051
0.320051
0.320041
0.32002
0.320017
0.320017
0.320025
0.320017
0.320003
0.319971
0.319951
0.319936
0.31994
0.319922
0.319908
0.319894
0.319879
0.319859
0.319829
0.319808
0.319767
0.319754
0.319753
0.319759
0.319741
0.319701
0.319685
0.319667
0.319643
0.319609
0.319614
0.319583
0.319594
0.319567
0.31958
0.319553
0.319546
0.319528
0.31952
0.319502
0.319484
0.319492
0.319477
0.319445
0.319431
0.319415
0.319393
0.319363
0.319328
0.319308
0.31931
0.31931
0.319323
0.319324
0.319337
0.319316
0.319307
0.319285
0.319253
0.319231
0.319216
0.31921
0.319202
0.319199
0.319192
0.319165
0.319119
0.319078
0.319064
0.319037
0.319031
0.319022
0.318997
0.318999
0.318989
0.31899
0.318981
0.318976
0.318968
0.318936
0.318917
0.318919
0.318913
0.318929
0.31895
0.31894
0.318939
0.318919
0.318909
0.318876
0.318857
0.318847
0.318842
0.31884
0.318835
0.318817
0.318814
0.318776
0.318747
0.318709
0.318686
0.318684
0.31868
0.318683
0.318683
0.318674
0.318684
0.318662
0.318632
0.318616
0.318599
0.318613
0.318606
0.318576
0.318565
0.318557
0.318565
0.318544
0.318526
0.31851
0.318529
0.318527
0.318528
0.318537
0.31854
0.318524
0.318511
0.318513
0.318524
0.318519
0.318524
0.318539
0.318523
0.318513
0.318507
0.3185
0.31847
0.318451
0.318433
0.318436
0.318436
0.318437
0.318431
0.318425
0.318417
0.3184
0.318362
0.318337
0.318307
0.318285
0.318256
0.318271
0.318263
0.318244
0.318219
0.318222
0.318198
0.318203
0.31821
0.318216
0.318225
0.318231
0.318246
0.318232
0.318224
0.318226
0.318229
0.318227
0.318204
0.318187
0.318173
0.318167
0.318171
0.318198
0.318163
0.318146
0.318134
0.318126
0.318104
0.318106
0.318111
0.3181
0.318088
0.318086
0.318076
0.318057
0.318034
0.318014
0.317988
0.317981
0.317968
0.317954
0.317949
0.317926
0.317919
0.317918
0.317901
0.317896
0.317888
0.317884
0.317886
0.3179
0.317886
0.317876
0.317867
0.317856
0.31786
0.317871
0.317861
0.317841
0.317838
0.317831
0.317827
0.317821
0.317824
0.317831
0.317831
0.317821
0.317794
0.317772
0.317748
0.317751
0.317755
0.317755
0.317757
0.317749
0.317733
0.317729
0.317719
0.317696
0.317679
0.317666
0.317645
0.317632
0.317622
0.317604
