0.793413
0.580547
0.4565
0.373797
0.332737
0.286982
0.256757
0.233987
0.218134
0.203846
0.197524
0.191965
0.18807
0.183719
0.179345
0.175133
0.171397
0.16742
0.163651
0.16159
0.157453
0.156238
0.153931
0.150403
0.148587
0.147388
0.146012
0.144925
0.142544
0.142007
0.142006
0.141983
0.141247
0.139888
0.138604
0.13765
0.13622
0.134979
0.133208
0.131709
0.130283
0.128696
0.127922
0.126801
0.125812
0.125675
0.125068
0.124043
0.122974
0.121981
0.120985
0.119613
0.119132
0.118556
0.118061
0.117388
0.116654
0.115926
0.115485
0.114614
0.114318
0.11355
0.114024
0.11369
0.113486
0.113837
0.113746
0.113427
0.11302
0.112239
0.111791
0.111447
0.111717
0.110915
0.110349
0.109981
0.109954
0.109732
0.108975
0.108515
0.108128
0.107978
0.107569
0.107337
0.10688
0.106469
0.106029
0.105998
0.105486
0.104711
0.104321
0.104199
0.103844
0.103531
0.103052
0.102996
0.102512
0.102402
0.101799
0.101082
0.100796
0.100621
0.100394
0.0998846
0.0994279
0.0992106
0.0987026
0.0984583
0.0981695
0.097552
0.0968998
0.0968041
0.0966455
0.0961753
0.0962333
0.0958664
0.0956582
0.0951492
0.0946084
0.0944383
0.0941431
0.0936085
0.0931574
0.0927525
0.0924095
0.0922636
0.0919197
0.0918
0.091337
0.0908519
0.0905153
0.0901836
0.0898119
0.0894569
0.0889652
0.0884627
0.0879427
0.0877111
0.087258
0.0868798
0.0865589
0.0862248
0.0859179
0.0855425
0.0851885
0.0849665
0.0845448
0.0842779
0.0839399
0.0837004
0.0835288
0.0832427
0.0829667
0.0827391
0.0827176
0.0825285
0.082167
0.0818508
0.0816752
0.0813498
0.0811317
0.0809004
0.0806914
0.0804722
0.0804738
0.0801471
0.0798069
0.0796766
0.0795167
0.0793263
0.0791037
0.0788765
0.0787312
0.078538
0.078302
0.078024
0.0777643
0.0775409
0.0773968
0.0771345
0.0769256
0.0767541
0.0765844
0.0763564
0.0762799
0.0760527
0.0757576
0.0757605
0.0754478
0.075215
0.0751887
0.0749081
0.0746158
0.0746204
0.0742799
0.0741612
0.0740673
0.0738992
0.0737685
0.0734594
0.0732667
0.0731186
0.0728948
0.0728444
0.0727331
0.0725339
0.0723671
0.072076
0.0718123
0.0717044
0.0715404
0.0714589
0.0713963
0.07121
0.0710033
0.0708002
0.0705576
0.0705142
0.0704136
0.0702163
0.0700215
0.0699303
0.0698673
0.0696436
0.0694679
0.0693737
0.0692914
0.0691688
0.0690145
0.0688842
0.068789
0.0688051
0.0686726
0.0684826
0.0684182
0.068326
0.0681714
0.0680964
0.0680159
0.0679719
0.0679249
0.0677619
0.0676052
0.0675702
0.0673281
0.0672385
0.0671857
0.0669886
0.0668432
0.066678
0.0665269
0.0664858
0.0663191
0.066252
0.0661208
0.0659309
0.0658347
0.065708
0.0655837
0.0654623
0.0653354
0.0652028
0.0651067
0.064975
0.0648828
0.064783
0.0646977
0.0645993
0.0644572
0.0644995
0.0643876
0.064247
0.0641863
0.0640512
0.0638706
0.0638508
0.0637095
0.0636876
0.0636195
0.0635041
0.0634536
0.0632914
0.0631547
0.0630949
0.062973
0.0629739
0.06293
0.0627927
0.0627536
0.0626637
0.0625561
0.0625195
0.0625856
0.0625052
0.062415
0.0623292
0.0621955
0.0620639
0.061951
0.0618022
0.0617478
0.0616645
0.061548
0.0615172
0.0614198
0.0612736
0.0611189
0.0610498
0.0609494
0.0608429
0.0607419
0.0606587
0.0607086
0.0606225
0.0606301
0.0606154
0.0605985
0.060515
0.0604574
0.0603765
0.0603272
0.0602524
0.0601746
0.0601719
0.0600503
0.0599764
0.0598963
0.0598736
0.0597668
0.059739
0.0597103
0.0596883
0.0596298
0.0595349
0.0594919
0.0594322
0.0593545
0.0592629
0.059197
0.0590916
0.0590803
0.0590461
0.058991
0.0589206
0.0589234
0.0588069
0.058655
0.0586122
0.058622
0.0585456
0.058529
0.0584666
0.0584674
0.0584541
0.0584592
0.0584996
0.0584491
0.0583286
0.058226
0.0581766
0.0581832
0.0581743
0.0581554
0.0581423
0.0581014
0.058011
0.0579599
0.0578988
0.0578358
0.0578083
0.0577827
0.0577803
0.0577144
0.0575862
0.0574741
0.0573857
0.0573684
0.0573433
0.0573377
0.0572797
0.0572563
0.0572698
0.0572992
0.0572947
0.0572542
0.0572331
0.0571542
0.0570847
0.0569674
0.0569292
0.0569378
0.0568789
0.0568765
0.0568162
0.0566819
0.056656
0.0566752
0.056598
0.0565371
0.0564973
0.0565132
0.0565617
0.0564593
0.0564026
0.056351
0.0563197
0.0562425
0.0561948
0.0561774
0.0561399
0.0561534
0.0561256
0.0560648
0.0560109
0.0559681
0.0559146
0.0558369
0.0557473
0.0556614
0.0556148
0.0555742
0.0555822
0.0555201
0.0554791
0.055448
0.055385
0.0553813
0.0553825
0.0553495
0.0552468
0.0552412
0.0552309
0.0551944
0.0551457
0.0550696
0.0550778
0.0550281
0.0550106
0.0549534
0.0549679
0.0550443
0.0550525
0.0550736
0.0550939
0.055045
0.0550223
0.0549624
0.0549859
0.054921
0.054932
0.0549001
0.0548773
0.0548954
0.0549011
0.0549372
0.0549001
0.054861
0.0548862
0.054834
0.0549203
0.0548652
0.0548687
0.054845
0.0548655
0.0548588
0.0548668
0.0548256
0.0547783
0.0547111
0.0546199
0.054643
0.0546203
0.0546374
0.0546528
0.0546
0.0545502
0.0544848
0.0544749
0.0543859
0.0543932
0.054352
0.0543345
0.0543104
0.0542499
0.0542149
0.054207
0.0541506
0.0541261
0.0541059
0.0541445
0.0541973
0.0542618
0.0542908
0.0542232
0.0541629
0.0541078
0.0540121
0.0540115
0.0540571
0.054049
0.0540994
0.0541069
0.054128
0.0540613
0.0540051
0.0540168
0.0540073
0.0539403
0.0539412
0.0539168
0.0539501
0.0539594
0.0539434
0.0538922
0.0538451
0.0537704
0.0537102
0.0536419
0.053578
0.0535555
0.0535776
0.053719
0.0536864
0.0536228
0.0536891
0.0536213
0.0535855
0.053561
0.0535353
0.053489
0.0534941
0.0534528
0.053425
0.0533634
0.0533524
0.0533573
0.0533723
0.0533372
0.0532798
0.053269
0.0532661
0.0532607
0.0532789
0.0532699
0.0532812
0.0532575
0.0532159
0.0532101
0.0531622
0.053108
0.0530652
0.0530455
0.0530347
0.0530111
0.053014
0.0529722
0.0530103
0.0529734
0.0529466
0.0528924
0.0529321
0.0529182
0.0529358
0.0529063
0.0528446
0.0527912
0.0527357
0.0526752
0.0526505
0.0526219
0.0525859
0.0525227
0.052524
0.0524912
0.0524682
0.0524617
0.0524399
0.052469
0.0524715
0.0525134
0.0525378
0.0525301
0.0525236
0.0525338
0.052505
0.0524885
0.0524398
0.0524213
0.0523934
0.0523717
0.0524593
0.052458
0.0524946
0.0524394
0.052397
0.0524247
0.0523775
0.0523654
0.05232
0.052282
0.0522723
0.0522962
0.0522615
0.0522292
0.0521888
0.0521507
0.0521746
0.0521564
0.0520945
0.0520846
0.0521384
0.0520944
0.0521007
0.0520765
0.0520641
0.0520783
0.0520755
0.0520114
0.0520351
0.0520151
0.0519999
0.0520119
0.052004
0.0519727
0.0519451
0.0519352
0.0518951
0.0518951
0.0519101
0.0518961
0.0519423
0.051937
0.0519148
0.0519356
0.0519563
0.0519666
0.0519629
0.0519716
0.0519879
0.0519583
0.0519726
0.0519772
0.0519812
0.0519969
0.0520134
0.0520488
0.0519987
0.0519578
0.0519618
0.0519588
0.0519368
0.0519985
0.0519881
0.0519656
0.0519859
0.0519455
0.0519678
0.0519642
0.0519722
0.0519682
0.0519748
0.051966
0.0519653
0.0519679
0.0520013
0.0520109
0.0519687
0.051934
0.0519238
0.0519025
0.051945
0.0519334
0.0519349
0.051933
0.051962
0.0519882
0.0520588
0.052036
0.05198
0.0519526
0.0519678
0.0519405
0.0519237
0.0518955
0.0519114
0.0518915
0.0519092
0.0518934
0.0518933
0.0518384
0.0518852
0.0518995
0.0519056
0.0519028
0.0519095
0.051877
0.05187
0.0518519
0.0518202
0.0518309
0.0517835
0.0517692
0.051756
0.0517799
0.0517535
0.051796
0.0518147
0.0517748
0.0517353
0.0517154
0.0516991
0.0516625
0.0516642
0.0516517
0.0516195
0.0516154
0.0515997
0.0515764
0.0515669
0.051573
0.0516213
0.0516053
0.0515954
0.051599
0.0515871
0.051577
0.0515338
0.051534
0.0515324
0.051554
0.0515665
0.0515836
0.051569
0.0515778
0.0515792
0.0515829
0.0515682
0.0515633
0.0516051
0.0515669
0.0515538
0.0515318
0.0515126
0.0515071
0.0514982
0.0515009
0.0515135
0.0515189
0.0515201
0.0515544
0.0515389
0.0515237
0.0515652
0.0515593
0.0515466
0.0515221
0.0514958
0.0514673
0.05147
0.0514893
0.051525
0.0515181
0.0515122
0.0515531
0.0515298
0.0515205
0.0515089
0.0514772
0.0514872
0.0515081
0.0514947
0.0514959
0.0515006
0.0514681
0.0514636
0.0514709
0.051444
0.0514226
0.0513892
0.0513585
0.0513572
0.0513514
0.0513051
0.0513035
0.0512816
0.0512473
0.0512304
0.0512051
0.0511935
0.0511634
0.0511714
0.0511948
0.0511731
0.0511461
0.0511714
0.0511657
0.0511404
0.0511337
0.0510901
0.0511047
0.0511629
0.0511518
0.0511733
0.0511995
0.0511662
0.0511354
0.0511867
0.0511571
0.0511359
0.0511045
0.0511578
0.0511839
0.0511799
0.0512042
0.0511845
0.0511836
0.0512031
0.0511893
0.0511672
0.051179
0.051232
0.0512272
0.0511988
0.0511799
0.0512231
0.0512726
0.0512993
0.0512593
0.0512579
0.0512535
0.0512722
0.0512678
0.0512567
0.0512164
0.0512328
0.0512572
0.0512538
0.0512406
0.0512601
0.0512274
0.0512508
0.0512957
0.0513215
0.051374
0.0513832
0.0513982
0.0513768
0.0513604
0.0513251
0.051309
0.0513524
0.0513762
0.0513693
0.0513539
0.0513345
0.0513335
0.0513039
0.0513069
0.0513011
0.051337
0.0513617
0.0513765
0.0513405
0.0513238
0.0513082
0.0512993
0.0512883
0.0512987
0.0512706
0.0512701
0.0512962
0.05131
0.0513298
0.0513042
0.0512857
0.0512632
0.0512587
0.0512576
0.0512388
0.0511934
0.0511865
0.0511968
0.0512439
0.0512452
0.0512647
0.0512442
0.0512199
0.0511905
0.0511567
0.0511405
0.0511845
0.0511821
0.0511763
0.0511599
0.0511461
0.0511151
0.051071
0.0510871
0.051097
0.0510977
0.0511146
0.0510821
0.0510802
0.0510656
0.0511232
0.0510954
0.051079
0.0510549
0.0510217
0.0510016
0.0510105
0.050995
0.0509717
0.0509314
0.0509209
0.0508943
0.050876
0.0508406
0.0508149
0.0508045
0.050806
0.0508069
0.0507944
0.0507811
0.0507672
0.0507403
0.0507301
0.0507074
0.0507258
0.0507294
0.0507155
0.0507487
0.0507777
0.0507765
0.0507262
0.0507345
0.0507036
0.0507256
0.0507145
0.0506974
0.0506737
0.0506836
0.0506729
0.0506652
0.0506804
0.0506883
0.0506728
0.0506525
0.0506307
0.0505889
0.0505969
0.0506202
0.0506301
0.0506374
0.0506639
0.050663
0.0506759
0.0506677
0.050695
0.0506877
0.0507417
0.0507224
0.0507013
0.0507113
0.0507117
0.0507132
0.0507387
0.0507004
0.0506868
0.050681
0.0506822
0.0507149
0.0507145
0.0507179
0.0507156
0.0506873
0.0506862
0.0506493
0.0506324
0.0506487
0.0506616
0.0506823
0.0506606
0.0506482
0.0506072
0.0505642
0.0505618
0.0505716
0.0505524
0.0505468
0.0505289
0.0505075
0.0505385
0.0505415
0.0505148
0.0505162
0.0505163
0.0505296
0.0504927
0.0505107
0.0505312
0.0505884
0.0505887
0.0506074
0.050586
0.0505742
0.0505873
0.0505864
0.0505614
0.0505386
0.0505411
0.0505603
0.050561
0.0505572
0.0505538
0.0505923
0.0505662
0.0505726
0.050554
0.0505498
0.0505578
0.0505536
0.0505485
0.0505294
0.0505343
0.0505073
0.050494
0.0504826
0.0505038
0.0504777
0.0505101
0.0505011
0.0505128
0.0505427
0.0505412
0.0505362
0.0505175
0.0505119
0.0505243
0.0505145
0.050484
0.0504871
0.0504824
0.0504925
0.0504815
0.050485
0.0504542
0.0504228
0.0504242
0.050422
0.0504199
0.0504329
0.0504162
0.050406
0.0503938
0.0503679
0.0503589
0.0503468
0.0503551
0.0503391
0.0503385
0.0503465
0.050335
0.0503211
0.0503335
0.0503464
0.0503551
0.0503298
0.0503457
0.0503278
0.0503503
0.0503727
0.0503878
0.0503782
0.0503689
0.0503679
0.0503582
0.0503478
0.0503338
0.0503196
0.0503447
0.0503363
0.0503228
0.0503187
0.0503308
0.0503339
0.0503045
0.0502916
0.0502778
0.050256
0.0502546
0.0502681
0.0502882
0.0502929
0.0502926
0.0503092
0.0503203
0.0503175
0.05032
0.0503055
0.0503144
0.0503107
0.0503022
0.050316
0.0503069
0.0503248
0.0503398
0.0503443
0.0503417
0.0503813
0.0503806
0.0503685
0.0503699
0.0503608
0.0503409
0.0503139
0.0503279
0.0503453
0.0503573
0.0503721
0.0504148
0.0504147
0.0504263
0.0503925
0.0503671
0.0503556
0.0503634
0.0503683
0.0503339
0.0503239
0.0503438
0.0504146
0.0504095
0.0504089
0.0503934
0.0503947
0.0503924
0.0503915
0.0503774
0.0503845
0.0504246
0.0504358
0.0504345
0.0504331
0.0504497
0.0504463
0.0504347
0.0504087
0.050389
0.0503488
0.0503668
0.0503675
0.0503713
0.0503495
0.050328
0.0503313
0.0503186
0.0503283
0.0503364
0.0503072
0.0503002
0.0503029
0.050297
0.0502674
0.0502575
0.050261
0.0502555
0.0502504
0.0502628
0.0502765
0.0502798
0.0502865
0.0502828
0.0502887
0.0502703
0.0502802
0.0502536
0.0502209
0.0502173
0.0502243
0.0502299
0.050255
0.0502691
0.0502784
0.0502768
0.0502827
0.0502576
0.0502794
0.0502678
0.050247
0.0502607
0.0502865
0.0503286
0.0503162
0.0503283
0.0503241
0.0503155
0.0503215
0.0502943
0.0502857
0.0503343
0.050327
0.050357
0.0503598
0.0503653
0.0503366
0.0503392
0.0503241
0.0503124
0.0503067
0.0503324
0.0503768
0.0503783
0.0503754
0.0503925
0.0503829
0.0503684
0.0503678
0.0503529
0.0503503
0.0503703
0.0503515
0.0503415
0.0503497
0.0503522
0.0503294
0.0503061
0.0502882
0.0502936
0.0503004
0.0503725
0.0503858
0.0503702
0.0503562
0.0503736
0.0503619
0.0503555
0.0503562
0.0503443
0.0503516
0.0503528
0.0503574
0.0503783
0.0503583
0.0503611
0.050356
0.0503489
0.0503378
0.050317
0.0502884
0.0503293
0.0503328
0.0503468
0.0503581
0.0503478
0.0503493
0.0503322
0.0503185
0.0503332
0.0503218
0.0503126
0.0503084
0.0503151
0.0503238
0.0503399
0.0503403
0.0503254
0.0503343
0.0503262
0.0503064
0.0503222
0.050334
0.050369
0.0503406
0.0503226
0.0503258
0.0503253
0.0503243
0.0503059
0.0503069
0.0503048
0.0503117
0.0503034
0.0503251
0.05034
0.0503248
0.0503109
0.0503144
0.0503197
0.0503188
0.0503239
0.0502932
0.0502932
0.0503081
0.0503051
0.0503158
0.0502906
0.050266
0.0502494
0.0502504
0.0502476
0.0502339
0.0502366
0.0502453
0.0502586
0.0502528
0.0502452
0.0502596
0.0502621
0.0502748
0.0502727
0.0502768
0.0502897
0.0503141
0.0503146
0.0503291
0.0503341
0.0503252
0.0503426
0.0503409
0.0503828
0.0503734
0.0503658
0.0503528
0.0503279
0.050308
0.0502997
0.0502997
0.0502858
0.0502781
0.0502941
0.0503038
0.0503045
0.0502843
0.0502827
0.0503001
0.0502908
0.0502938
0.050281
0.0502807
0.0503136
0.0503173
0.0503098
0.0503203
0.0502965
0.0502818
0.050267
0.0502574
0.0502345
0.0502469
0.0502397
0.0502472
0.050257
0.0502658
0.0502637
0.050251
0.0502608
0.0502518
0.0502814
0.0502771
0.0502621
0.0502467
0.0502477
0.0502737
0.050242
0.0502575
0.0502456
0.0502348
0.0502188
0.0502152
0.0502552
0.0502344
0.0502399
0.0502569
0.0502444
0.0502344
0.0502338
0.0502229
0.0502186
0.0502121
0.050216
0.0501991
0.0501948
0.0502001
0.0501841
0.0501697
0.0501727
0.0501747
0.0501524
0.0501667
0.0501822
0.050176
0.0501659
0.0501455
0.0501871
0.0501795
0.0501605
0.0501402
0.0501329
0.0501305
0.0501461
0.0501326
0.0501533
0.0501423
0.0501415
0.0501274
0.0501431
0.0501205
0.0501083
0.0500844
0.0501093
0.0500945
0.0500882
0.0500886
0.0500875
0.0500779
0.0500827
0.0500558
0.0500418
0.0500677
0.0500939
0.0501032
0.050083
0.0500653
0.0500406
0.0500286
0.0500407
0.0500308
0.0500171
0.0500081
0.0500283
0.0500338
0.0500202
0.050048
0.050051
0.0500376
0.0500488
0.050047
0.050024
0.0500299
0.0500277
0.0500111
0.0500331
0.0500098
0.0500072
0.0500124
0.0500287
0.0500232
0.0500111
0.0500128
0.050031
0.0500342
0.0500498
0.0500528
0.0500501
0.0500417
0.05003
0.0500263
0.0500017
0.0499845
0.0500041
0.0500017
0.0499979
0.0500062
0.0499936
0.0499888
0.049991
0.050018
0.0500225
0.0500265
0.0500171
0.0500222
0.0499977
0.0499746
0.0499574
0.0499533
0.0499996
0.0500009
0.0500006
0.0500013
0.0500036
0.0499871
0.049975
0.0499644
0.0499543
0.0499395
0.0499294
0.0499482
0.0499347
0.049912
0.0499004
0.0498948
0.0498835
0.0498783
0.0498693
0.0498555
0.0498487
0.0498625
0.0498781
0.0498798
0.0499176
0.0499166
0.0499175
0.049919
0.0499093
0.0499386
0.049943
0.0499374
0.0499272
0.0499179
0.0499215
0.0499091
0.0499179
0.0499404
0.0499435
0.0499419
0.0499208
0.0499119
0.0499008
0.0498824
0.0499112
0.0499026
0.0499095
0.0499372
0.049928
0.0499225
0.0499273
0.0499145
0.0499154
0.0498992
0.0499301
0.0499373
0.0499491
0.0499567
0.0499467
0.0499387
0.0499408
0.0499245
0.0499264
0.0499246
0.0499544
0.0499735
0.0499959
0.0500112
0.0500132
0.050032
0.0500423
0.0500423
0.0500276
0.0500136
0.050029
0.0500685
0.0500594
0.0500745
0.0500712
0.0500957
0.050093
0.0501062
0.050128
0.0501515
0.0501677
0.0501734
0.0501927
0.0501938
0.0502147
0.0502148
0.0502064
0.0502107
0.0502168
0.0502239
0.0502682
0.0502674
0.0502596
0.0502581
0.0502601
0.0502492
0.050237
0.0502285
0.0502403
0.0502386
0.0502335
0.0502279
0.0502216
0.0502193
0.0502221
0.0502155
0.0502056
0.0501914
0.050183
0.0501854
0.0502061
0.0502151
0.0502222
0.0502284
0.0502184
0.0502067
0.0501937
0.0501686
0.0501699
0.0501505
0.0501822
0.0502181
0.0502176
0.0502216
0.0502357
0.0502407
0.0502292
0.0502161
0.0502019
0.050199
0.0502424
0.0502643
0.0502558
0.0502693
0.0502944
0.0503028
0.050295
0.0503042
0.0502966
0.0502828
0.0502844
0.0502939
0.050291
0.0502891
0.0502911
0.0502911
0.0503079
0.0503213
0.0503133
0.0503074
0.0503147
0.0503355
0.0503303
0.0503418
0.0503343
0.0503072
0.0503241
0.0503441
0.0503331
0.0503287
0.0503488
0.0503785
0.0503668
0.0503578
0.0503692
0.0503675
0.0503805
0.050366
0.0503592
0.0503571
0.0503537
0.0503468
0.0503561
0.0503768
0.0503789
0.0503699
0.0503577
0.0503275
0.0503148
0.0502913
0.0502825
0.0502581
0.0502612
0.0502682
0.0502696
0.0502562
0.0502327
0.0502242
0.0502452
0.050246
0.050237
0.0502192
0.0502241
0.0502165
0.0502021
0.0502003
0.0501904
0.0501837
0.0501918
0.0501867
0.0501789
0.0501855
0.0501923
0.0501795
0.0501788
0.05018
0.0501654
0.0501742
0.0501592
0.0501524
0.0501724
0.0501865
0.0501999
0.0501993
0.0502146
0.0502016
0.0501957
0.0501975
0.0501976
0.05019
0.0502323
0.0502544
0.0502565
0.0502476
0.0502434
0.0502315
0.0502175
0.0502168
0.0502148
0.0502136
0.0502271
0.0502401
0.0502559
0.0502635
0.0502488
0.0502554
0.0502518
0.0502368
0.0502327
0.0502397
0.05026
0.0502623
0.0502489
0.05027
0.0502574
0.0502618
0.0502765
0.050283
0.0502667
0.0502623
0.0502743
0.0502816
0.0502842
0.0502899
0.0502968
0.0502988
0.0502939
0.0502985
0.0502887
0.050269
0.0502818
0.0502779
0.0503146
0.0503193
0.0503111
0.0503171
0.050309
0.0502935
0.0503002
0.0503086
0.0503331
0.0503491
0.050346
0.0503658
0.0503672
0.0503779
0.0503668
0.050359
0.0503656
0.0503717
0.0503702
0.0503758
0.0503867
0.0504014
0.0503985
0.0503966
0.0503957
0.0503866
0.0504029
0.0503918
0.0503829
0.0504001
0.0503956
0.0503916
0.050396
0.0503933
0.0503822
0.0503581
0.050347
0.0503426
0.0503422
0.050365
0.0503673
0.0503811
0.0503673
0.0503614
0.0503568
0.0503556
0.0503444
0.0503536
0.0503573
0.0503498
0.0503507
0.0503482
0.050341
0.0503457
0.0503427
0.0503332
0.0503248
0.0503355
0.0503295
0.050335
0.0503379
0.0503173
0.0503037
0.0502829
0.0502784
0.0502715
0.0502893
0.0502966
0.0503069
0.050306
0.0503064
0.0502938
0.0502824
0.0502677
0.0502621
0.0502554
0.0502655
0.0502659
0.0502611
0.0502519
0.0502651
0.0502523
0.0502349
0.0502301
0.050225
0.0502306
0.0502434
0.0502463
0.0502366
0.0502259
0.0502301
0.0502388
0.0502429
0.0502292
0.0502257
0.0502182
0.0502054
0.0501979
0.0502119
0.0502191
0.0502289
0.050236
0.050235
0.05024
0.0502477
0.0502316
0.0502357
0.0502308
0.0502338
0.0502406
0.050225
0.0502116
0.0502032
0.0502015
0.0502008
0.0502027
0.0501955
0.0501976
0.050212
0.0502241
0.0502158
0.0502182
0.0502071
0.050202
0.0501954
0.0501972
0.0501976
0.0501869
0.0502274
0.0502375
0.0502398
0.0502319
0.0502329
0.050234
0.0502413
0.0502359
0.0502269
0.0502365
0.0502741
0.0502686
0.0502527
0.0502447
0.0502574
0.0502593
0.050258
0.0502527
0.0502597
0.0502541
0.0502528
0.050256
0.0502581
0.050257
0.0502645
0.0502637
0.0502508
0.050238
0.0502235
0.0502106
0.0502199
0.0502495
0.0502349
0.0502331
0.050233
0.0502208
0.0502157
0.0502226
0.0502043
0.0501959
0.0501996
0.0502084
0.0502202
0.0502291
0.0502277
0.0502239
0.0502062
0.0501992
0.0501955
0.0502062
0.0502135
0.0502298
0.0502387
0.0502305
0.0502409
0.0502257
0.0502437
0.0502464
0.0502487
0.0502445
0.0502522
0.0502522
0.0502665
0.0502557
0.050251
0.0502379
0.0502622
0.0502427
0.0502378
0.0502273
0.0502609
0.050252
0.0502642
0.050262
0.0502531
0.0502569
0.0502527
0.0502609
0.0502484
0.0502427
0.050236
0.0502354
0.0502411
0.0502505
0.0502492
0.0502536
0.0502659
0.0502908
0.0502859
0.0502827
0.0502873
0.0502806
0.0502831
0.0502871
0.0502733
0.0502629
0.0502956
0.0503027
0.0502961
0.0503153
0.0503147
0.0502949
0.0502943
0.0503043
0.050293
0.0502887
0.0502779
0.0502782
0.0502803
0.0502684
0.0502923
0.0502995
0.0503033
0.0503108
0.0503098
0.0503128
0.0503032
0.0503183
0.0502997
0.0502926
0.0503197
0.0503369
0.0503774
0.0503677
0.0503762
0.0503787
0.0503838
0.0503766
0.050366
0.0503496
0.0503433
0.0503524
0.0503751
0.0503684
0.0503747
0.0503915
0.0503902
0.0503947
0.0503848
0.0503708
0.0503885
0.050409
0.0504047
0.0504149
0.0504281
0.0504273
0.0504531
0.0504395
0.0504438
0.0504374
0.0504798
0.0504816
0.050484
0.0504704
0.0504899
0.0505065
0.0505132
0.0505217
0.0505267
0.0505396
0.0505294
0.0505205
0.0505301
0.0505251
0.0505295
0.0505325
0.0505356
0.0505299
0.050523
0.0505153
0.0505331
0.0505296
0.0505213
0.0505161
0.0505069
0.0505016
0.0504912
0.0504785
0.0505036
0.0504907
0.0504881
0.050498
0.0504918
0.0505031
0.0504836
0.0504828
0.0504727
0.0504804
0.0504775
0.0504698
0.0504762
0.0504915
0.0504963
0.0505013
0.0504833
0.050478
0.0504679
0.0504648
0.0504677
0.050454
0.0504755
0.0504798
0.0504793
0.0504777
0.0504711
0.0504652
0.0504673
0.0504721
0.0504521
0.0504577
0.0504641
0.0504844
0.0504824
0.050481
0.050472
0.050472
0.0504634
0.0504647
0.0504658
0.0504655
0.0504763
0.0504657
0.0504801
0.0504851
0.0504865
0.0504675
0.0504601
0.0504601
0.050467
0.0504642
0.0504814
0.0504827
0.0504975
0.0505064
0.0505075
0.050499
0.0504954
0.0504972
0.0504999
0.0504895
0.0504968
0.0504927
0.0504953
0.0504894
0.0504908
0.0504898
0.0504729
0.0504799
0.0504755
0.0504696
0.0504694
0.0504877
0.0504824
0.050484
0.0504719
0.0504714
0.0504701
0.0504694
0.0504604
0.0504538
0.0504537
0.0504496
0.0504504
0.0504649
0.0504622
0.0504673
0.0504596
0.0504503
0.0504606
0.0504476
0.0504584
0.050462
0.0504596
0.0504537
0.0504502
0.0504549
0.0504561
0.0504491
0.0504424
0.0504647
0.0504572
0.0504447
0.0504411
0.050444
0.0504341
0.0504567
0.050458
0.0504603
0.050476
0.0504721
0.0504877
0.0504833
0.0504949
0.0505063
0.0505206
0.0505271
0.0505238
0.0505238
0.0505328
0.0505336
0.0505468
0.0505392
0.0505511
0.0505642
0.0505586
0.050565
0.0505652
0.0505695
0.0505645
0.0505653
0.0505674
0.0505609
0.0505531
0.0505581
0.0505568
0.050547
0.0505383
0.0505394
0.0505326
0.0505231
0.0505101
0.0505134
0.0505204
0.0505226
0.0505399
0.0505277
0.0505296
0.0505131
0.0505083
0.0505231
0.0505253
0.0505438
0.050533
0.0505248
0.0505253
0.0505282
0.0505238
0.0505226
0.050527
0.0505281
0.0505301
0.0505328
0.0505465
0.0505499
0.0505385
0.0505404
0.0505172
0.0505044
0.0505195
0.0505043
0.0505358
0.0505407
0.0505366
0.0505195
0.0505057
0.0505068
0.0504984
0.0504971
0.050492
0.0504912
0.050496
0.0504973
0.0505002
0.0504913
0.0504868
0.0504842
0.0505007
0.0505049
0.050503
0.0505126
0.0505339
0.0505416
0.0505627
0.0505661
0.0505792
0.0505746
0.0505951
0.0505872
0.0505874
0.0505923
0.0506042
0.0505925
0.0505978
0.0506039
0.0506023
0.0506001
0.0506082
0.0506039
0.0506078
0.0506073
0.0506165
0.0506307
0.0506546
0.0506686
0.0506733
0.0506867
0.050682
0.0506866
0.0506866
0.0506834
0.0506768
0.0506784
0.050667
0.0506767
0.0506721
0.0506637
0.0506668
0.0506773
0.050685
0.0506739
0.0506736
0.0506786
0.0506621
0.0506512
0.0506372
0.0506262
0.0506179
0.050612
0.0506029
0.0505947
0.0506125
0.0506246
0.0506387
0.0506419
0.0506486
0.0506405
0.050634
0.0506325
0.0506303
0.0506359
0.0506588
0.0506488
0.050655
0.0506604
0.0506689
0.0506742
0.0506833
0.0507028
0.0507073
0.0507108
0.050736
0.0507412
0.0507609
0.0507601
0.0507651
0.0507549
0.0507611
0.0507593
0.05075
0.0507511
0.0507406
0.050747
0.050744
0.0507353
0.050735
0.0507465
0.050746
0.0507495
0.050747
0.050735
0.0507402
0.050741
0.0507453
0.0507626
0.0507681
0.0507833
0.0507931
0.0507988
0.0507962
0.0507914
0.0508187
0.0508261
0.0508443
0.0508451
0.0508418
0.0508433
0.0508351
0.0508524
0.0508534
0.0508412
0.0508592
0.0508462
0.050857
0.0508439
0.0508493
0.0508655
0.0508567
0.0508598
0.0508582
0.0508621
0.0508705
0.0508922
0.0508934
0.0508866
0.0508812
0.0508718
0.0508782
0.0508674
0.0508749
0.0508672
0.0508766
0.0508742
0.0508686
0.0508767
0.0508755
0.0508816
0.0508833
0.0508798
0.0508766
0.0508648
0.0508721
0.0508825
0.050882
0.0508915
0.0508942
0.050902
0.0509014
0.0508993
0.0508935
0.050881
0.0508956
0.0509024
0.0509
0.0509014
0.0509003
0.0508969
0.0509014
0.050899
0.0508922
0.0508875
0.0508864
0.0508844
0.0508873
0.0508942
0.0508891
0.0508825
0.0508708
0.0508628
0.0508672
0.0508722
0.050875
0.0508639
0.0508571
0.0508524
0.0508481
0.0508395
0.0508518
0.0508523
0.0508632
0.0508591
0.050862
0.0508765
0.0508982
0.0508855
0.0508914
0.050881
0.0508781
0.0508654
0.0508781
0.0508611
0.0508577
0.0508889
0.0508771
0.0508817
0.0508742
0.0508675
0.0508729
0.0508718
0.0508771
0.0508668
0.0508552
0.0508571
0.0508629
0.0508589
0.0508753
0.0508714
0.0508621
0.0508514
0.0508461
0.0508531
0.0508594
0.050866
0.0508691
0.0508738
0.0508778
0.0508783
0.05088
0.0508807
0.0508714
0.0508703
0.0508876
0.0508842
0.0508797
0.0508848
0.0508986
0.0508922
0.0508884
0.0508762
0.050873
0.0508652
0.0508777
0.0508772
0.0508763
0.0508684
0.0508737
0.0508701
0.0508637
0.0508434
0.050839
0.050833
0.0508406
0.05085
0.0508383
0.0508392
0.0508392
0.0508327
0.0508415
0.0508361
0.0508275
0.050831
0.050838
0.0508296
0.0508336
0.0508414
0.0508442
0.0508492
0.0508479
0.0508464
0.0508406
0.0508362
0.0508434
0.0508506
0.0508563
0.0508543
0.050847
0.0508428
0.0508383
0.0508303
0.0508213
0.0508291
0.0508215
0.0508331
0.0508258
0.0508138
0.050814
0.050809
0.0507986
0.0507977
0.0507878
0.050774
0.0507756
0.0507594
0.050767
0.0507711
0.0507855
0.0507919
0.0507821
0.0507861
0.0508028
0.0508083
0.0508074
0.0508139
0.0508101
0.0508148
0.0508163
0.0508164
0.0508167
0.0508074
0.050815
0.0508065
0.0508123
0.0508167
0.0508098
0.0508014
0.050794
0.0507896
0.050782
0.050773
0.0507722
0.0507646
0.0507749
0.0507908
0.0508212
0.050811
0.0508235
0.0508116
0.0508132
0.0507984
0.0508033
0.0508034
0.0508081
0.0508199
0.0508189
0.0508355
0.0508304
0.050835
0.0508304
0.0508297
0.050827
0.0508268
0.0508478
0.0508641
0.0508701
0.0508733
0.0508681
0.0508779
0.050869
0.0508692
0.0508557
0.0508551
0.0508541
0.0508545
0.0508574
0.0508584
0.0508636
0.0508677
0.0508738
0.0508733
0.0508727
0.0508624
0.0508798
0.0508803
0.0508786
0.0508824
0.0508806
0.0508805
0.0508852
0.0508751
0.0508988
0.0509151
0.0509067
0.0509066
0.0509139
0.0509165
0.0509252
0.050926
0.0509168
0.0509151
0.0509231
0.0509278
0.0509344
0.0509345
0.0509403
0.0509435
0.0509502
0.0509537
0.0509538
0.0509422
0.0509412
0.0509392
0.0509305
0.0509442
0.0509787
0.0509847
0.0509781
0.0509699
0.0509625
0.0509519
0.0509584
0.0509763
0.0510038
0.051017
0.0510117
0.0510062
0.0510084
0.0509961
0.050989
0.0509825
0.051011
0.0510034
0.0510069
0.0510085
0.0510088
0.0510178
0.0510133
0.0510182
0.0510359
0.0510454
0.051045
0.0510538
0.0510589
0.0510695
0.0510711
0.0510651
0.0510588
0.051061
0.0510574
0.0510448
0.0510408
0.0510453
0.0510548
0.0510472
0.051053
0.0510549
0.0510482
0.0510376
0.051054
0.051053
0.0510618
0.0510694
0.0510944
0.0510943
0.051115
0.0511092
0.0511063
0.0510949
0.0510904
0.051082
0.0510808
0.0510869
0.0511046
0.051111
0.051104
0.0510993
0.0511052
0.0511116
0.0511222
0.0511274
0.0511151
0.0511155
0.0511211
0.0511305
0.0511188
0.0511156
0.0511148
0.0511237
0.051127
0.051128
0.0511156
0.0511115
0.0511116
0.0511087
0.0511067
0.0510941
0.0510896
0.0510864
0.0510902
0.0510875
0.0510837
0.0510951
0.0510908
0.0510836
0.0510749
0.0510738
0.0510798
