0.129944
0.130798
0.127361
0.133822
0.133948
0.135085
0.133191
0.134692
0.135265
0.139552
0.149366
0.158151
0.166667
0.170666
0.173787
0.182258
0.189
0.194141
0.19974
0.20625
0.214853
0.222806
0.228127
0.232064
0.236074
0.239959
0.242152
0.24436
0.24638
0.248116
0.248072
0.247285
0.247123
0.24531
0.244059
0.243769
0.243821
0.242648
0.241163
0.240522
0.240677
0.241429
0.242305
0.24395
0.244083
0.243417
0.243767
0.244458
0.244007
0.24367
0.243058
0.243067
0.243561
0.244573
0.245602
0.245548
0.246678
0.246866
0.247024
0.246803
0.246637
0.245888
0.246527
0.246922
0.24721
0.246972
0.246953
0.246107
0.245333
0.244879
0.244078
0.243721
0.243068
0.242332
0.241538
0.240823
0.239791
0.239006
0.238021
0.236748
0.236711
0.236619
0.236193
0.235286
0.23469
0.23418
0.23394
0.233415
0.232905
0.231975
0.232003
0.231443
0.230805
0.230032
0.229247
0.228739
0.228137
0.227597
0.227228
0.226304
0.226165
0.225764
0.225416
0.225191
0.224857
0.224447
0.224405
0.223419
0.223135
0.222437
0.222845
0.223
0.222952
0.223029
0.222721
0.222824
0.22299
0.223138
0.222738
0.222766
0.222602
0.222604
0.222147
0.221416
0.22079
0.220079
0.219427
0.218699
0.21859
0.218208
0.218464
0.21859
0.219146
0.219541
0.219892
0.220215
0.220652
0.221026
0.221343
0.22197
0.222294
0.222619
0.222417
0.222787
0.223263
0.223482
0.223486
0.223754
0.22374
0.223628
0.224073
0.224128
0.224439
0.224505
0.224428
0.2243
0.223948
0.224059
0.223942
0.224235
0.224459
0.224578
0.224693
0.225004
0.225369
0.225659
0.225943
0.225595
0.22551
0.225481
0.225715
0.225931
0.22614
0.22622
0.226429
0.226619
0.226728
0.226713
0.226709
0.226748
0.227053
0.226978
0.227194
0.227342
0.227359
0.227551
0.227583
0.227477
0.227568
0.22752
0.227453
0.227677
0.227676
0.227672
0.227482
0.227356
0.227273
0.22696
0.226799
0.226781
0.227114
0.227169
0.227268
0.227113
0.227034
0.226976
0.226961
0.226912
0.226902
0.226902
0.227028
0.227161
0.227188
0.227078
0.227314
0.227322
0.227254
0.22723
0.2272
0.22721
0.227299
0.227366
0.22737
0.227224
0.226981
0.22692
0.22687
0.226802
0.226585
0.226536
0.226597
0.226666
0.226625
0.226523
0.226378
0.226466
0.226455
0.226508
0.226346
0.226338
0.226218
0.226139
0.225992
0.225736
0.225462
0.225223
0.225116
0.224783
0.224535
0.224278
0.224296
0.224419
0.224297
0.224264
0.224239
0.224187
0.224101
0.223999
0.223829
0.22368
0.223857
0.223737
0.223676
0.223696
0.223491
0.223362
0.223181
0.223151
0.222952
0.222634
0.222528
0.222365
0.222194
0.222062
0.221901
0.221703
0.221465
0.221246
0.221236
0.221156
0.221093
0.221207
0.221233
0.22115
0.221046
0.221062
0.220929
0.220792
0.220599
0.220327
0.220491
0.220678
0.220586
0.220629
0.220689
0.220681
0.220561
0.220449
0.220194
0.219973
0.220043
0.220141
0.220161
0.220122
0.220166
0.219888
0.219774
0.219607
0.219463
0.219267
0.219279
0.219189
0.219126
0.21918
0.219185
0.219084
0.219139
0.219027
0.218881
0.218725
0.218689
0.218763
0.218741
0.218786
0.218728
0.218679
0.218583
0.21859
0.218593
0.218439
0.218367
0.218373
0.218293
0.218219
0.218003
0.217866
0.217491
0.217315
0.217212
0.217147
0.217308
0.217431
0.217316
0.217341
0.217298
0.217233
0.217123
0.217008
0.216843
0.216667
0.216774
0.21664
0.216536
0.216471
0.216332
0.216168
0.215978
0.215775
0.215654
0.215615
0.215626
0.215623
0.215682
0.215713
0.215713
0.215691
0.215712
0.215642
0.215561
0.215657
0.215776
0.215852
0.215849
0.215891
0.215756
0.215629
0.2155
0.21551
0.215356
0.215211
0.215238
0.21522
0.215252
0.215169
0.214973
0.214854
0.214803
0.214698
0.214661
0.214699
0.214613
0.214569
0.214454
0.21431
0.214262
0.214131
0.214014
0.21392
0.213743
0.213593
0.213707
0.21365
0.213803
0.213716
0.213699
0.213611
0.213543
0.213517
0.213563
0.213454
0.213445
0.213456
0.213486
0.213466
0.2133
0.213165
0.213003
0.212833
0.212585
0.212386
0.212392
0.212341
0.212407
0.212353
0.212228
0.212167
0.212068
0.212009
0.211907
0.211793
0.211864
0.211867
0.211881
0.211797
0.211709
0.211617
0.211534
0.211406
0.211292
0.211203
0.211152
0.211145
0.2111
0.210979
0.210976
0.210905
0.210816
0.210799
0.210774
0.2108
0.210733
0.210605
0.210509
0.21037
0.210288
0.210228
0.210037
0.209977
0.209835
0.209744
0.209714
0.209612
0.209655
0.209669
0.209589
0.209479
0.209309
0.209184
0.209013
0.208896
0.208945
0.209038
0.209065
0.209001
0.20883
0.208772
0.208704
0.208619
0.208711
0.208707
0.208778
0.208833
0.208822
0.20882
0.208737
0.208567
0.208419
0.208315
0.208207
0.208032
0.208115
0.208178
0.208162
0.208001
0.207953
0.207871
0.207846
0.207671
0.207596
0.207456
0.207641
0.207624
0.207628
0.207512
0.207413
0.207315
0.207157
0.207024
0.206918
0.206896
0.207038
0.207002
0.206977
0.206884
0.206781
0.206687
0.206617
0.206516
0.206466
0.206373
0.20644
0.206453
0.206483
0.206491
0.20641
0.206426
0.20638
0.206351
0.206293
0.206154
0.206248
0.206266
0.206254
0.206168
0.206215
0.206138
0.206018
0.205912
0.205825
0.205722
0.205764
0.205716
0.20567
0.205665
0.205598
0.205513
0.205432
0.205337
0.205204
0.205131
0.205233
0.205186
0.20504
0.204971
0.204822
0.204761
0.204656
0.204582
0.204535
0.204404
0.204434
0.20431
0.204297
0.204226
0.204136
0.20402
0.203999
0.203986
0.20387
0.203872
0.203961
0.203967
0.204003
0.204031
0.203901
0.20386
0.203761
0.203641
0.203557
0.203497
0.203605
0.203652
0.203684
0.203606
0.203542
0.203533
0.203423
0.203356
0.203217
0.203174
0.203228
0.203271
0.203218
0.203167
0.203171
0.203172
0.203172
0.203138
0.203083
0.203053
0.203115
0.203139
0.203152
0.203109
0.203038
0.202997
0.202938
0.202892
0.202813
0.202783
0.202778
0.20273
0.202711
0.202645
0.202559
0.202536
0.202481
0.202416
0.202382
0.202229
0.202249
0.202206
0.202178
0.202126
0.202123
0.202043
0.202029
0.201893
0.201785
0.201736
0.201751
0.201735
0.201765
0.201721
0.201693
0.201676
0.201566
0.201517
0.201454
0.201435
0.201421
0.201431
0.201465
0.201367
0.201431
0.201383
0.201419
0.201435
0.201469
0.201434
0.201552
0.201612
0.201672
0.201706
0.201727
0.201683
0.201606
0.201525
0.201465
0.201466
0.201429
0.201471
0.201408
0.201312
0.201248
0.201202
0.201174
0.201119
0.201035
0.201019
0.201006
0.201002
0.201037
0.200945
0.200926
0.200908
0.200871
0.200809
0.200799
0.200811
0.200841
0.20089
0.200891
0.200864
0.200907
0.200849
0.200786
0.200754
0.200684
0.200669
0.200641
0.200617
0.200552
0.200493
0.200436
0.200421
0.200367
0.200339
0.200271
0.200132
0.200098
0.200089
0.200032
0.199951
0.199901
0.19984
0.199783
0.199739
0.199672
0.199607
0.199689
0.199669
0.199665
0.199661
0.199584
0.199503
0.199447
0.199367
0.199338
0.19937
0.199396
0.199381
0.199337
0.199297
0.199292
0.199283
0.199229
0.199215
0.199186
0.199133
0.19916
0.199179
0.199213
0.199207
0.199162
0.199129
0.199084
0.199038
0.199021
0.198971
0.198952
0.19891
0.198863
0.198842
0.198816
0.198764
0.198725
0.198668
0.198631
0.198649
0.19868
0.198692
0.198672
0.198642
0.198628
0.198538
0.19844
0.198348
0.198281
0.198262
0.198296
0.198293
0.198317
0.198296
0.198307
0.198307
0.19827
0.198297
0.198302
0.19824
0.198247
0.198241
0.198156
0.198122
0.198069
0.198043
0.19803
0.19794
0.197892
0.197782
0.197786
0.19775
0.197737
0.197658
0.197621
0.197561
0.197505
0.197428
0.197359
0.197303
0.197356
0.19733
0.197373
0.197306
0.197205
0.197135
0.197131
0.197056
0.197023
0.196983
0.196991
0.19696
0.196901
0.19685
0.196768
0.196756
0.196697
0.196638
0.196528
0.196531
0.196556
0.196576
0.196553
0.196536
0.196495
0.196552
0.196539
0.196436
0.196438
0.196426
0.19647
0.196422
0.196389
0.196404
0.196431
0.196463
0.196469
0.1964
0.196392
0.196325
0.196359
0.196342
0.196332
0.196384
0.196397
0.196369
0.196331
0.196305
0.19627
0.196284
0.196292
0.196283
0.196244
0.19615
0.196036
0.195967
0.19593
0.195919
0.195846
0.195792
0.195833
0.195793
0.195787
0.195747
0.195761
0.195779
0.19577
0.195704
0.195647
0.195607
0.195606
0.19558
0.195605
0.195504
0.195435
0.195351
0.195331
0.195271
0.195246
0.195194
0.195255
0.195255
0.195224
0.195198
0.195136
0.195104
0.195076
0.195007
0.194966
0.194929
0.194927
0.194922
0.194869
0.194832
0.194829
0.194762
0.194703
0.194656
0.194644
0.194622
0.194654
0.194674
0.194669
0.194635
0.194618
0.194566
0.194507
0.194463
0.194434
0.194371
0.194401
0.19438
0.194359
0.1943
0.194251
0.194201
0.194139
0.194093
0.194068
0.194101
0.194047
0.194057
0.194055
0.194045
0.194
0.193954
0.193913
0.193851
0.193821
0.193828
0.19386
0.193839
0.193779
0.193727
0.193682
0.193655
0.193626
0.193648
0.193612
0.193563
0.193552
0.193552
0.193565
0.193534
0.193502
0.193452
0.193437
0.19343
0.19337
0.193357
0.193322
0.193345
0.193285
0.193231
0.19324
0.193184
0.19315
0.193113
0.19304
0.192974
0.193006
0.193004
0.19296
0.192926
0.19292
0.192861
0.192816
0.192737
0.192722
0.192636
0.192699
0.192723
0.192705
0.192681
0.19268
0.192679
0.192691
0.19266
0.192672
0.192656
0.192688
0.192724
0.192661
0.192546
0.192469
0.19238
0.192355
0.192325
0.192281
0.192237
0.192238
0.192192
0.192183
0.192143
0.192072
0.192085
0.192039
0.19198
0.191963
0.191926
0.191958
0.191953
0.191943
0.191922
0.191899
0.191884
0.19182
0.191821
0.191802
0.191752
0.191782
0.191796
0.191807
0.191804
0.191782
0.191753
0.19172
0.191698
0.191647
0.191541
0.191591
0.1916
0.191588
0.191557
0.191531
0.191465
0.191416
0.191342
0.191291
0.191216
0.191219
0.191173
0.191136
0.19111
0.191079
0.191041
0.190987
0.190953
0.190923
0.190881
0.190826
0.190806
0.190774
0.190739
0.190743
0.190728
0.190681
0.190608
0.190587
0.190541
0.190502
0.190471
0.190452
0.190398
0.190351
0.190297
0.190288
0.190233
0.19019
0.190114
0.190149
0.19018
0.190196
0.190142
0.19013
0.190097
0.190083
0.190058
0.19004
0.190016
0.190002
0.189985
0.189998
0.189963
0.189926
0.189899
0.189873
0.189867
0.189813
0.189796
0.189801
0.189774
0.189768
0.189704
0.189739
0.189679
0.18961
0.189564
0.189501
0.18944
0.189441
0.189459
0.189432
0.189417
0.189385
0.189385
0.189366
0.189316
0.18929
0.189241
0.189253
0.189229
0.189181
0.189135
0.189091
0.189039
0.188981
0.188915
0.188861
0.188847
0.188863
0.188855
0.188872
0.188863
0.188876
0.188806
0.188797
0.188778
0.18879
0.188734
0.188774
0.18876
0.188808
0.188798
0.188776
0.188757
0.188766
0.188732
0.188725
0.188736
0.188714
0.188678
0.188647
0.188623
0.188618
0.188597
0.188546
0.188486
0.188421
0.188384
0.188424
0.18843
0.188428
0.188417
0.188411
0.188428
0.188408
0.188392
0.188372
0.188293
0.188293
0.18829
0.18826
0.188211
0.188169
0.188136
0.188073
0.18803
0.187992
0.187971
0.187971
0.187933
0.187928
0.18794
0.187925
0.187954
0.187954
0.187908
0.187896
0.187876
0.18785
0.187841
0.187812
0.187736
0.187685
0.18765
0.187627
0.1876
0.187534
0.18748
0.18749
0.187462
0.187463
0.187467
0.187465
0.187451
0.187399
0.187349
0.187337
0.187318
0.187313
0.187291
0.187268
0.187268
0.187256
0.187233
0.187218
0.187187
0.187174
0.187161
0.187188
0.187172
0.187168
0.187123
0.187097
0.187059
0.187043
0.186991
0.186926
0.186898
0.186906
0.186906
0.186873
0.186841
0.186824
0.18681
0.186773
0.186725
0.18668
0.186637
0.186663
0.186651
0.186647
0.186633
0.18663
0.186608
0.186581
0.186573
0.18656
0.186533
0.18657
0.186538
0.186507
0.186475
0.186483
0.18649
0.1865
0.186472
0.186454
0.186452
0.18648
0.186423
0.186413
0.186358
0.186338
0.186314
0.186279
0.186242
0.18618
0.186103
0.186109
0.186124
0.186144
0.186124
0.186112
0.186104
0.186047
0.186006
0.185936
0.185913
0.185896
0.185853
0.185829
0.185814
0.1858
0.185763
0.185718
0.185686
0.185654
0.18561
0.185607
0.185646
0.185644
0.185619
0.185571
0.185534
0.185488
0.185441
0.185407
0.185345
0.185342
0.185339
0.185317
0.185322
0.185314
0.18529
0.185239
0.185221
0.18521
0.185196
0.185222
0.185195
0.185184
0.185189
0.185158
0.185128
0.185084
0.185008
0.184938
0.184854
0.184842
0.184847
0.18481
0.184813
0.18481
0.184782
0.184731
0.184715
0.184682
0.184648
0.184674
0.184677
0.184703
0.184709
0.184692
0.184651
0.184641
0.184653
0.184654
0.184648
0.184654
0.184623
0.184575
0.184538
0.184484
0.184437
0.184391
0.184338
0.184288
0.184215
0.184227
0.18423
0.18421
0.18419
0.184165
0.184177
0.184129
0.184087
0.184073
0.184056
0.18406
0.184048
0.184016
0.183973
0.183935
0.183893
0.183852
0.183823
0.183786
0.183746
0.183804
0.183812
0.1838
0.183829
0.183834
0.183799
0.183791
0.18379
0.183808
0.183772
0.183775
0.183751
0.183753
0.183729
0.183696
0.183649
0.183606
0.183587
0.183586
0.183553
0.18356
0.183534
0.183531
0.18352
0.183463
0.183449
0.18342
0.183404
0.183375
0.183338
0.183376
0.183347
0.183356
0.183327
0.183316
0.183285
0.183256
0.183251
0.18323
0.183202
0.183217
0.183222
0.183241
0.183216
0.183241
0.183216
0.183189
0.183171
0.183198
0.183175
0.183178
0.183195
0.183199
0.18318
0.1832
0.183162
0.183161
0.183125
0.183081
0.183027
0.183043
0.183027
0.183043
0.183001
0.182952
0.182905
0.182872
0.182809
0.182782
0.182754
0.182767
0.18275
0.182735
0.182715
0.182705
0.182687
0.182718
0.182691
0.182706
0.182689
0.18269
0.182712
0.182722
0.182693
0.182693
0.182663
0.182656
0.18263
0.182611
0.182585
0.182579
0.182542
0.182529
0.182501
0.182467
0.182447
0.182458
0.182454
0.182451
0.182422
0.182432
0.182434
0.182428
0.182438
0.182427
0.182373
0.182314
0.182272
0.182215
0.182187
0.182257
0.18229
0.182271
0.182262
0.182249
0.182234
0.182249
0.182241
0.182278
0.182297
0.182285
0.1823
0.182281
0.182234
0.182188
0.182169
0.182148
0.18213
0.182104
0.182069
0.182072
0.182057
0.182042
0.182021
0.181982
0.181962
0.181932
0.18192
0.181882
0.181859
0.18186
0.181854
0.181857
0.181816
0.181801
0.181817
0.181795
0.181821
0.181815
0.181781
0.181803
0.18182
0.18179
0.181781
0.181762
0.181752
0.181721
0.181655
0.181606
0.181585
0.181596
0.181595
0.18156
0.181586
0.181576
0.181556
0.181504
0.181502
0.181455
0.181412
0.181438
0.18141
0.181421
0.181408
0.18141
0.181375
0.181362
0.181355
0.181348
0.181327
0.181359
0.181382
0.181376
0.181382
0.181378
0.181364
0.181365
0.181327
0.181303
0.181291
0.181346
0.181346
0.181335
0.181346
0.181338
0.181325
0.181331
0.181295
0.181269
0.181252
0.181259
0.181273
0.181255
0.181248
0.181232
0.181232
0.181214
0.181236
0.181216
0.181199
0.181202
0.181171
0.181171
0.181162
0.18115
0.181126
0.181086
0.18108
0.181023
0.181005
0.181022
0.18102
0.181025
0.180992
0.18096
0.180951
0.18093
0.180897
0.180867
0.180849
0.180871
0.180887
0.180874
0.18085
0.180854
0.180839
0.180823
0.180796
0.18077
0.180763
0.180813
0.180814
0.180831
0.1808
0.180777
0.180765
0.180747
0.180695
0.180664
0.180616
0.180641
0.180647
0.180622
0.180625
0.180627
0.18062
0.180615
0.18059
0.180571
0.180555
0.180578
0.180574
0.180584
0.180586
0.180599
0.180567
0.180555
0.180547
0.180518
0.180496
0.180508
0.180521
0.180489
0.180431
0.180406
0.180392
0.18038
0.180351
0.18032
0.180289
0.180275
0.180257
0.180271
0.180269
0.180253
0.180201
0.180205
0.180202
0.180159
0.18013
0.180155
0.180144
0.180127
0.180119
0.180094
0.180083
0.180075
0.180045
0.180018
0.180011
0.179994
0.179983
0.179977
0.179954
0.179917
0.179857
0.17982
0.17975
0.179721
0.179685
0.179663
0.179625
0.179592
0.179561
0.17952
0.179507
0.179463
0.179439
0.179434
0.179412
0.179399
0.179388
0.179368
0.179373
0.179357
0.179336
0.179313
0.179284
0.179264
0.17925
0.179251
0.179219
0.179218
0.179219
0.179216
0.179199
0.179179
0.179172
0.179139
0.179108
0.179123
0.179148
0.179128
0.179131
0.179117
0.179129
0.179111
0.179094
0.179087
0.179086
0.179124
0.17915
0.179147
0.179132
0.179112
0.179089
0.179082
0.179053
0.179027
0.179014
0.179018
0.17901
0.179013
0.17898
0.178943
0.178926
0.17891
0.178889
0.178861
0.178838
0.178846
0.178836
0.178853
0.178858
0.178845
0.17884
0.178844
0.178826
0.17882
0.178811
0.178809
0.178791
0.178745
0.178726
0.178696
0.178692
0.178668
0.178616
0.178595
0.178557
0.178567
0.178569
0.178561
0.178562
0.178534
0.178532
0.178519
0.178504
0.178507
0.178513
0.178519
0.178519
0.178515
0.178513
0.178513
0.178527
0.178515
0.178494
0.178486
0.178481
0.178509
0.178509
0.17851
0.178516
0.178506
0.178499
0.178472
0.178455
0.17846
0.17846
0.178476
0.178476
0.178462
0.178447
0.178448
0.178448
0.178444
0.178429
0.178409
0.178394
0.178427
0.178406
0.178389
0.178362
0.178316
0.17828
0.178254
0.178239
0.178217
0.178183
0.178213
0.178221
0.178226
0.178229
0.178231
0.178243
0.178245
0.178253
0.178238
0.17823
0.178239
0.178204
0.178187
0.178142
0.178102
0.17809
0.17808
0.178065
0.178037
0.178001
0.178006
0.177983
0.177957
0.177919
0.177869
0.177825
0.177805
0.17778
0.177736
0.177724
0.17772
0.177737
0.177729
0.177726
0.17772
0.17771
0.177697
0.177694
0.177701
0.177728
0.177732
0.177745
0.177728
0.177725
0.177703
0.177683
0.17766
0.177648
0.17763
0.177622
0.177614
0.177584
0.177567
0.177542
0.177537
0.177536
0.177535
0.177507
0.177482
0.17748
0.177496
0.177467
0.17743
0.177425
0.177415
0.177388
0.177356
0.17733
0.177307
0.177287
0.177303
0.177295
0.177289
0.177271
0.177259
0.177269
0.177254
0.177227
0.17719
0.17715
0.177184
0.177176
0.177187
0.177164
0.177152
0.177133
0.177127
0.177108
0.177075
0.177063
0.177069
0.177059
0.177052
0.177053
0.177038
0.177034
0.17699
0.176971
0.176975
0.176969
0.176984
0.177
0.176987
0.176983
0.176958
0.176935
0.176908
0.176878
0.176836
0.176793
0.176817
0.176814
0.176812
0.176802
0.1768
0.176787
0.176746
0.176732
0.176705
0.176672
0.176684
0.176687
0.176666
0.176664
0.176648
0.17663
0.176621
0.176604
0.176593
0.176571
0.176584
0.176582
0.176569
0.17655
0.176533
0.176499
0.176485
0.176462
0.176444
0.176401
0.176391
0.17639
0.176364
0.176351
0.17632
0.176277
0.176252
0.176227
0.176202
0.176172
0.176188
0.176188
0.176179
0.176184
0.176171
0.176178
0.17617
0.176156
0.176166
0.176154
0.176169
0.176167
0.176154
0.176146
0.176136
0.176121
0.176111
0.17609
0.176061
0.176031
0.17602
0.176005
0.175994
0.175982
0.175962
0.175932
0.175912
0.175889
0.175867
0.175852
0.175858
0.175844
0.175838
0.175853
0.175833
0.175803
0.1758
0.175788
0.175782
0.175774
0.175776
0.175759
0.175764
0.175753
0.175754
0.175736
0.175724
0.175706
0.175677
0.175644
0.175633
0.175635
0.175616
0.175597
0.17558
0.175551
0.175536
0.175511
0.175497
0.175469
0.17545
0.175427
0.175412
0.175386
0.175353
0.175337
0.175319
0.175289
0.175278
0.175253
0.175266
0.175239
0.175215
0.175187
0.175167
0.175135
0.175119
0.17508
0.175066
0.175038
0.175028
0.175015
0.175003
0.174974
0.174968
0.174949
0.174931
0.174899
0.174882
0.174851
0.174845
0.174819
0.174817
0.174782
0.174763
0.174735
0.174718
0.174703
0.174684
0.174676
0.174685
0.174667
0.174647
0.174629
0.174621
0.174587
0.174551
0.17452
0.174516
0.174492
0.174526
0.174554
0.174556
0.174548
0.174564
0.174577
0.174595
0.174597
0.17459
0.17458
0.174594
0.174598
0.174593
0.174592
0.174574
0.174566
0.17453
0.174522
0.174499
0.174476
0.174454
0.174449
0.174472
0.174462
0.174461
0.174463
0.174445
0.174432
0.174412
0.174382
0.174403
0.174411
0.174404
0.174381
0.174367
0.174345
0.174334
0.174327
0.174319
0.174299
0.174307
0.174293
0.174294
0.174271
0.174249
0.174213
0.174205
0.174186
0.174189
0.174174
0.174157
0.174149
0.174142
0.174128
0.1741
0.174062
0.174038
0.173999
0.17398
0.173954
0.173962
0.173938
0.17394
0.173921
0.173906
0.17388
0.173859
0.173853
0.173848
0.173828
0.17385
0.173833
0.173816
0.173805
0.173783
0.173755
0.173765
0.173728
0.173714
0.173706
0.17373
0.17374
0.173747
0.173754
0.17378
0.17377
0.173767
0.173764
0.173752
0.173735
0.173732
0.173717
0.173701
0.173697
0.173704
0.173696
0.173681
0.173649
0.173628
0.173635
0.173645
0.173667
0.173671
0.173675
0.173664
0.173679
0.173673
0.173646
0.173648
0.173657
0.173674
0.173672
0.173655
0.173642
0.173645
0.173646
0.173638
0.173644
0.173651
0.173664
0.173657
0.173647
0.173639
0.173622
0.173622
0.173622
0.173603
0.173585
0.173564
0.17354
0.173536
0.173521
0.173522
0.173507
0.173506
0.173463
0.173433
0.173403
0.173376
0.173357
0.173332
0.173346
0.173344
0.173328
0.173315
0.173289
0.173268
0.173249
0.173226
0.173219
0.173224
0.173218
0.173191
0.173159
0.17313
0.173132
0.173116
0.173094
0.173062
0.173043
0.173047
0.173053
0.173041
0.173027
0.173003
0.172997
0.172961
0.172927
0.17291
0.172893
0.172898
0.172889
0.172872
0.172857
0.172824
0.172792
0.172761
0.17274
0.172705
0.172686
0.172709
0.172713
0.172701
0.172685
0.172682
0.172684
0.17268
0.172682
0.172682
0.172679
0.172694
0.172694
0.172699
0.172691
0.172677
0.172655
0.172658
0.172648
0.17263
0.172599
0.172612
0.172606
0.172585
0.172577
0.172571
0.172551
0.172536
0.172516
0.17251
0.172501
0.172513
0.172514
0.172514
0.172502
0.172487
0.172477
0.172465
0.172458
0.172437
0.17243
0.172432
0.17243
0.172398
0.172376
0.17236
0.172344
0.172335
0.172326
0.172311
0.172299
0.172283
0.172273
0.172272
0.172263
0.172249
0.172233
0.172213
0.172183
0.172162
0.172144
0.172152
0.172138
0.172142
0.172134
0.172131
0.17211
0.17209
0.17208
0.172069
0.172046
0.172037
0.172017
0.172023
0.172022
0.171992
0.171988
0.17198
0.171951
0.171945
0.171924
0.171924
0.171907
0.171906
0.171885
0.171866
0.171844
0.171839
0.171804
0.171785
0.171772
0.171769
0.171755
0.171752
0.171734
0.171728
0.171707
0.171709
0.171698
0.171681
0.171659
0.171681
0.171687
0.171682
0.171679
0.171677
0.171662
0.171644
0.171642
0.171641
0.17162
0.171616
0.171603
0.171604
0.171582
0.171568
0.171545
0.171516
0.1715
0.171483
0.171474
0.171475
0.171463
0.171457
0.171443
0.171437
0.171436
0.17144
0.171426
0.171422
0.171411
0.171415
0.171407
0.171389
0.171359
0.17132
0.171311
0.171293
0.171272
0.171261
0.171239
0.171252
0.171258
0.171246
0.171233
0.171236
0.171235
0.171221
0.171207
0.171204
0.171186
0.171191
0.171195
0.171172
0.171155
0.171135
0.171141
0.171136
0.171126
0.171097
0.171081
0.171087
0.171094
0.171086
0.17109
0.171095
0.171086
0.17108
0.171065
0.17105
0.171053
0.171041
0.171018
0.171005
0.170982
0.170953
0.170943
0.170926
0.1709
0.170879
0.170863
0.170875
0.170865
0.170847
0.170821
0.170817
0.170809
0.1708
0.170784
0.170775
0.170763
0.170739
0.170732
0.170724
0.1707
0.170666
0.170657
0.170643
0.170631
0.17063
0.170603
0.170603
0.170613
0.170615
0.17061
0.170591
0.170584
0.170579
0.170567
0.170564
0.170549
0.170556
0.170571
0.170561
0.170587
0.170599
0.170596
0.170597
0.170601
0.170602
0.170601
0.170607
0.17062
0.170628
0.170624
0.17061
0.170599
0.170584
0.170588
0.170572
0.170572
0.170586
0.170589
0.170579
0.170581
0.170562
0.170543
0.170525
0.170508
0.170486
0.170476
0.170483
0.17047
0.170471
0.170455
0.170443
0.170434
0.170412
0.170371
0.170361
0.170351
0.170367
0.170378
0.170372
0.170377
0.170388
0.170398
0.17042
0.170419
0.170408
0.170406
0.170422
0.170418
0.170417
0.170402
0.170392
0.17037
0.170346
0.170325
0.170308
0.170294
0.170307
0.17031
0.170315
0.17031
0.170296
0.170294
0.170281
0.170267
0.170243
0.170238
0.170251
0.170255
0.170252
0.170249
0.170244
0.170241
0.170245
0.170237
0.17021
0.170199
0.17019
0.170194
0.170188
0.170187
0.170174
0.170173
0.170146
0.17013
0.170123
0.170135
0.170129
0.17013
0.170127
0.170126
0.170127
0.170109
0.170096
0.170079
0.17006
0.170045
0.170045
0.170037
0.170021
0.170009
0.169991
0.169964
0.169936
0.16991
0.169889
0.169862
0.169878
0.169896
0.169903
0.169908
0.169919
0.169925
0.169912
0.169909
0.169906
0.169902
0.169915
0.169913
0.169915
0.169929
0.169929
0.169926
0.169913
0.169896
0.169875
0.169868
0.169854
0.169839
0.169825
0.169825
0.169807
0.1698
0.169766
0.169734
0.169694
0.169665
0.169669
0.169671
0.169678
0.169682
0.169684
0.169685
0.169678
0.169666
0.169654
0.169639
0.169642
0.169633
0.169618
0.169623
0.169626
0.169625
0.169607
0.1696
0.16961
0.169619
0.169616
0.169619
0.169608
0.169603
0.169596
0.169578
0.169574
0.16956
0.169551
0.169557
0.169561
0.169547
0.169541
0.169525
0.169505
0.169496
0.169485
0.169466
0.169457
0.169448
0.169441
0.169427
0.169426
0.169408
0.169393
0.169374
0.169343
0.169308
0.169295
0.169279
0.169282
0.169295
0.169283
0.169258
0.169256
0.16924
0.169245
0.169242
0.169242
0.169247
0.169263
0.16926
0.169258
0.169251
0.169245
0.169246
0.169255
0.169263
0.169273
0.169264
0.169247
0.169259
0.169261
0.169239
0.169231
0.169228
0.16922
0.169211
0.169197
0.169169
0.169161
0.169145
0.169139
0.169132
0.169097
0.169077
0.169068
0.169059
0.169046
0.169026
0.169031
0.169043
0.169034
0.16903
0.169017
0.169015
0.169012
0.168986
0.168961
0.168966
0.16897
0.168964
0.16896
0.168951
0.168943
0.168935
0.168925
0.168917
0.168904
0.168896
0.168898
0.168884
0.168881
0.168879
0.16886
0.168847
0.168842
0.168824
0.168798
0.168783
0.16878
0.168769
0.168763
0.16875
0.16872
0.168707
0.168693
0.168678
0.168649
0.168627
0.168624
0.168614
0.168599
0.168589
0.168581
