0.310127
0.383051
0.356347
0.347009
0.333333
0.332951
0.333333
0.334501
0.324961
0.317895
0.311927
0.310494
0.308235
0.309656
0.306165
0.300294
0.29972
0.295869
0.297645
0.298065
0.2969
0.297328
0.295196
0.294763
0.295649
0.295093
0.295856
0.290864
0.288809
0.288596
0.288914
0.289712
0.288693
0.288441
0.288084
0.289178
0.28999
0.288815
0.28847
0.288186
0.287784
0.287124
0.288077
0.287189
0.287626
0.289081
0.289025
0.28869
0.287789
0.28988
0.289732
0.288388
0.288845
0.287465
0.286671
0.286847
0.286899
0.288022
0.287665
0.287384
0.287312
0.285038
0.28494
0.28546
0.285463
0.285507
0.285408
0.285372
0.286112
0.285557
0.285637
0.285235
0.285544
0.285546
0.285604
0.285277
0.285174
0.285125
0.283984
0.283356
0.283607
0.283921
0.283904
0.284327
0.283928
0.282838
0.282294
0.281341
0.281813
0.282573
0.282573
0.283537
0.283682
0.28411
0.284511
0.284626
0.284053
0.284155
0.284556
0.284355
0.285616
0.285894
0.285495
0.285728
0.285606
0.286036
0.286324
0.286148
0.286105
0.285792
0.286176
0.287316
0.286824
0.28664
0.286546
0.285862
0.286776
0.2865
0.286254
0.285393
0.285408
0.285492
0.286155
0.28576
0.285612
0.284865
0.284591
0.283831
0.284076
0.283878
0.284174
0.284283
0.284853
0.285244
0.284886
0.284882
0.285432
0.285341
0.28452
0.284588
0.284799
0.284745
0.284242
0.283983
0.283894
0.284281
0.284515
0.283981
0.283637
0.28392
0.284076
0.284218
0.28462
0.284599
0.284791
0.284595
0.284775
0.28432
0.284338
0.284364
0.284184
0.284317
0.284236
0.283923
0.2835
0.28353
0.283571
0.284035
0.284189
0.28413
0.284424
0.284141
0.283901
0.28382
0.283265
0.283734
0.283558
0.283626
0.283749
0.284079
0.283858
0.283442
0.283571
0.283576
0.283627
0.284031
0.28358
0.284096
0.284172
0.284046
0.284272
0.284347
0.284377
0.284672
0.285001
0.28526
0.28613
0.28599
0.285678
0.285714
0.285836
0.285899
0.286231
0.286538
0.286267
0.28609
0.28586
0.286142
0.286346
0.286643
0.28653
0.286743
0.287095
0.287048
0.286581
0.28667
0.286606
0.286851
0.286972
0.287038
0.286928
0.286877
0.286827
0.28693
0.287078
0.287073
0.286878
0.287175
0.287251
0.2878
0.287644
0.287774
0.287742
0.287481
0.287603
0.287736
0.287465
0.287332
0.287296
0.287121
0.287606
0.28743
0.287546
0.28771
0.287556
0.287689
0.287605
0.287586
0.287735
0.287758
0.288079
0.288128
0.288119
0.288252
0.287971
0.288177
0.288442
0.288195
0.288321
0.288266
0.288311
0.288052
0.288193
0.28856
0.288436
0.288491
0.288183
0.287974
0.288008
0.287819
0.287784
0.287506
0.287536
0.287672
0.28786
0.287869
0.288092
0.288021
0.287866
0.28804
0.287795
0.287494
0.28737
0.287385
0.287034
0.287146
0.286975
0.286851
0.286646
0.286443
0.286437
0.286474
0.28658
0.286839
0.286344
0.285896
0.285812
0.28551
0.285234
0.285449
0.285705
0.285383
0.285523
0.285385
0.285334
0.285174
0.285029
0.285054
0.284878
0.285045
0.28521
0.285603
0.286067
0.285955
0.285913
0.28542
0.285416
0.285175
0.284935
0.285056
0.285216
0.285326
0.285372
0.285333
0.285245
0.285108
0.285376
0.285422
0.285144
0.28511
0.285459
0.285438
0.285478
0.285449
0.284972
0.284892
0.284968
0.285168
0.285195
0.285252
0.285185
0.285212
0.285116
0.285211
0.285259
0.285445
0.285379
0.285572
0.285806
0.285818
0.285839
0.285851
0.286118
0.286014
0.286059
0.28625
0.286456
0.286482
0.286666
0.286692
0.28656
0.286445
0.286459
0.286473
0.286574
0.286552
0.286466
0.286441
0.286407
0.286433
0.286588
0.286386
0.286614
0.286643
0.286579
0.286569
0.286417
0.286707
0.286635
0.286514
0.286493
0.286564
0.286718
0.286685
0.286841
0.286672
0.286437
0.286266
0.286044
0.286095
0.285759
0.285673
0.285681
0.285681
0.285615
0.285677
0.285612
0.285652
0.285521
0.285583
0.285609
0.285772
0.285703
0.285599
0.285919
0.285869
0.28585
0.28595
0.285967
0.285807
0.285612
0.285644
0.28552
0.285633
0.28556
0.285368
0.285396
0.285474
0.28562
0.28568
0.285603
0.285459
0.28526
0.285137
0.285241
0.285283
0.285472
0.285438
0.285483
0.285423
0.285491
0.2856
0.285576
0.285506
0.285409
0.28546
0.285601
0.285774
0.285797
0.285943
0.285939
0.286005
0.286021
0.286338
0.286337
0.286228
0.285933
0.285965
0.285958
0.28588
0.285737
0.285608
0.285869
0.285576
0.285397
0.285452
0.285363
0.285437
0.285698
0.285559
0.285543
0.285389
0.28544
0.285425
0.285413
0.285464
0.28543
0.285624
0.285531
0.28541
0.285305
0.285102
0.285195
0.285366
0.28533
0.285377
0.28539
0.285577
0.28569
0.285605
0.285635
0.285517
0.285542
0.285615
0.285796
0.285798
0.285855
0.28572
0.285798
0.285732
0.285759
0.285661
0.285785
0.285732
0.285717
0.285732
0.285978
0.286045
0.285951
0.285959
0.285912
0.285866
0.286022
0.285989
0.286079
0.285922
0.285789
0.285803
0.285749
0.285875
0.285814
0.285612
0.2858
0.285623
0.285717
0.285675
0.285793
0.285548
0.28554
0.285495
0.285428
0.285359
0.285198
0.28504
0.284897
0.28494
0.28495
0.28502
0.285173
0.285062
0.285099
0.285017
0.285128
0.285157
0.285057
0.285104
0.28507
0.285011
0.284983
0.284813
0.28488
0.285113
0.284913
0.284855
0.285103
0.285257
0.285274
0.285184
0.285209
0.28538
0.285399
0.28537
0.285215
0.28529
0.285277
0.285233
0.285192
0.285123
0.285095
0.285281
0.285511
0.285551
0.285416
0.285504
0.285236
0.285209
0.285279
0.285218
0.285216
0.285243
0.285251
0.28515
0.285023
0.285002
0.285183
0.285143
0.285172
0.285257
0.285192
0.285248
0.285116
0.285127
0.28503
0.284969
0.284895
0.284897
0.284983
0.284982
0.28504
0.28512
0.285131
0.285139
0.285192
0.285336
0.285358
0.28528
0.285298
0.285165
0.285007
0.28505
0.285126
0.285324
0.285508
0.285567
0.285509
0.285444
0.285336
0.285404
0.285261
0.285261
0.285198
0.285258
0.285454
0.28546
0.285489
0.285442
0.285425
0.285398
0.285469
0.285373
0.285387
0.285329
0.285157
0.285181
0.2852
0.285339
0.285265
0.285256
0.285301
0.285244
0.285046
0.285257
0.285211
0.285279
0.285073
0.285191
0.285281
0.285266
0.28518
0.285208
0.28535
0.285394
0.285419
0.285565
0.285402
0.285391
0.285405
0.285363
0.285345
0.285335
0.285456
0.28543
0.285332
0.28527
0.2853
0.285285
0.285212
0.285308
0.285244
0.285278
0.28527
0.28533
0.285295
0.285397
0.285314
0.28537
0.285307
0.285384
0.285411
0.285354
0.285322
0.285275
0.28523
0.285138
0.285151
0.28515
0.285246
0.285272
0.285262
0.285153
0.285122
0.285155
0.285192
0.285233
0.285161
0.28522
0.285212
0.285328
0.285402
0.285433
0.285412
0.285537
0.285446
0.2854
0.285466
0.285458
0.285423
0.285505
0.285434
0.285424
0.285449
0.285433
0.28545
0.28544
0.285424
0.285455
0.285455
0.285348
0.285328
0.285417
0.285385
0.285383
0.285318
0.285255
0.285307
0.285416
0.285451
0.2854
0.285321
0.285212
0.285191
0.285118
0.285068
0.28497
0.284943
0.284968
0.284974
0.284896
0.284927
0.284951
0.285004
0.284989
0.285066
0.285054
0.285039
0.2851
0.285071
0.285016
0.284975
0.284941
0.285013
0.285002
0.285117
0.285092
0.285109
0.285141
0.28517
0.285176
0.285233
0.285173
0.285281
0.285381
0.285405
0.28545
0.285559
0.285557
0.285494
0.285542
0.2856
0.285639
0.285639
0.285707
0.285666
0.285718
0.285621
0.285661
0.28564
0.285731
0.28588
0.285796
0.285724
0.285659
0.285693
0.285644
0.28555
0.285575
0.28555
0.28575
0.285682
0.285571
0.285664
0.285686
0.285677
0.285709
0.285643
0.285608
0.285606
0.285608
0.285642
0.285679
0.285701
0.285711
0.285809
0.285755
0.285735
0.28576
0.285676
0.285734
0.285757
0.285909
0.285927
0.28587
0.28597
0.285933
0.28578
0.285796
0.285847
0.285809
0.285751
0.285734
0.285738
0.285767
0.285954
0.285974
0.286099
0.286056
0.286061
0.286055
0.28604
0.286031
0.286102
0.286105
0.28619
0.286184
0.286203
0.286318
0.286321
0.286435
0.286417
0.286412
0.286452
0.286379
0.286329
0.286256
0.286254
0.286208
0.286079
0.286145
0.286059
0.286161
0.286288
0.286282
0.286196
0.286147
0.286202
0.286167
0.286083
0.286034
0.286081
0.286094
0.286249
0.286238
0.2863
0.286239
0.286302
0.286366
0.286427
0.286317
0.286284
0.286339
0.286432
0.286431
0.286357
0.286336
0.286368
0.286418
0.286402
0.286257
0.286304
0.286422
0.286417
0.286295
0.286179
0.286141
0.286206
0.286285
0.286316
0.286225
0.286263
0.286351
0.28638
0.286431
0.286482
0.286467
0.286487
0.286411
0.286415
0.28633
0.286324
0.286254
0.28634
0.286347
0.286287
0.286193
0.286112
0.28619
0.286175
0.28631
0.286321
0.286338
0.28624
0.286244
0.2862
0.286264
0.28618
0.28619
0.286306
0.286284
0.286285
0.286359
0.286424
0.286356
0.28641
0.286372
0.286365
0.286417
0.286474
0.286574
0.286498
0.286412
0.286424
0.286355
0.286289
0.286311
0.286386
0.286347
0.286399
0.286378
0.286464
0.286496
0.286456
0.286406
0.286431
0.286559
0.286447
0.286413
0.286577
0.286565
0.286618
0.286625
0.286557
0.286617
0.28653
0.286509
0.286587
0.286506
0.286432
0.286413
0.286424
0.286382
0.286366
0.286363
0.286327
0.286294
0.286264
0.286273
0.286263
0.286261
0.286328
0.286315
0.286301
0.28634
0.286411
0.286338
0.286321
0.286234
0.286268
0.286415
0.286382
0.286469
0.286414
0.286474
0.286346
0.286228
0.286265
0.286344
0.286336
0.286439
0.286485
0.286498
0.286492
0.28643
0.286374
0.286441
0.286367
0.286464
0.286469
0.286491
0.286447
0.286522
0.286572
0.286522
0.286443
0.286426
0.286323
0.286439
0.286471
0.286507
0.286459
0.286464
0.286371
0.286334
0.286383
0.286381
0.286349
0.286236
0.286285
0.286238
0.286235
0.286199
0.286166
0.286124
0.286086
0.286093
0.286152
0.286227
0.286283
0.286304
0.28638
0.28632
0.286225
0.286279
0.28634
0.286306
0.286325
0.286312
0.286223
0.286286
0.286336
0.286288
0.286262
0.286178
0.286154
0.28614
0.286149
0.286201
0.286059
0.285993
0.286047
0.285984
0.285998
0.286017
0.286097
0.286008
0.286085
0.286054
0.28606
0.286095
0.286158
0.286166
0.286186
0.286127
0.28611
0.286005
0.285974
0.285988
0.286053
0.286045
0.286035
0.286011
0.285991
0.286012
0.286028
0.286135
0.286179
0.286169
0.286222
0.286289
0.286335
0.286272
0.286233
0.286236
0.286241
0.28628
0.286274
0.286304
0.286356
0.286337
0.286352
0.286405
0.286427
0.286443
0.286452
0.286406
0.286446
0.286494
0.286506
0.286474
0.286413
0.286403
0.286371
0.286387
0.286414
0.286468
0.286449
0.286429
0.286409
0.286386
0.28645
0.286341
0.286363
0.286404
0.286427
0.286372
0.286366
0.286445
0.286463
0.286417
0.286432
0.286385
0.286393
0.286401
0.286486
0.286442
0.286407
0.286371
0.286337
0.286382
0.286419
0.286394
0.286381
0.286365
0.286358
0.28634
0.286293
0.286345
0.286371
0.286405
0.286374
0.28632
0.286257
0.286244
0.286205
0.286225
0.286239
0.28623
0.286141
0.286047
0.28599
0.286013
0.285936
0.285956
0.285986
0.286011
0.285985
0.286022
0.285989
0.285964
0.285961
0.285998
0.286066
0.286032
0.286005
0.285965
0.285887
0.285834
0.285868
0.285911
0.285929
0.285923
0.285866
0.285918
0.285886
0.285957
0.285943
0.285935
0.28588
0.285902
0.285865
0.28585
0.285785
0.28581
0.285808
0.285768
0.285782
0.285823
0.285888
0.28588
0.285789
0.285813
0.285825
0.285739
0.285641
0.285691
0.285656
0.285583
0.285535
0.28553
0.285534
0.285551
0.285585
0.285526
0.285518
0.285505
0.285503
0.285499
0.285414
0.285373
0.285364
0.285386
0.285393
0.285359
0.285236
0.28524
0.285226
0.285136
0.28512
0.285106
0.285119
0.285141
0.28513
0.285153
0.285137
0.285161
0.285138
0.285067
0.285013
0.284986
0.284946
0.284946
0.284941
0.284875
0.284764
0.284742
0.284832
0.284729
0.284772
0.28478
0.284801
0.284754
0.284764
0.284779
0.284853
0.284897
0.284823
0.28478
0.284765
0.284739
0.284676
0.284764
0.284797
0.284783
0.284748
0.284736
0.284706
0.284785
0.284787
0.2848
0.284846
0.284768
0.284845
0.28478
0.284779
0.284731
0.28468
0.284726
0.284723
0.284723
0.284794
0.284757
0.284817
0.284797
0.284766
0.284841
0.284836
0.284863
0.284898
0.284848
0.284852
0.284858
0.28486
0.284899
0.284881
0.284865
0.284881
0.284883
0.284965
0.284998
0.284964
0.284976
0.284914
0.284982
0.285025
0.28497
0.285022
0.284973
0.284902
0.284862
0.284861
0.284829
0.284819
0.284792
0.284826
0.284783
0.284836
0.284889
0.28487
0.284876
0.284891
0.284865
0.284822
0.284838
0.284839
0.284896
0.284847
0.284827
0.28478
0.284776
0.28478
0.284808
0.284784
0.284777
0.284818
0.284844
0.284822
0.284859
0.284787
0.284748
0.284762
0.28475
0.284691
0.284715
0.284701
0.284698
0.28473
0.284741
0.284804
0.284801
0.284807
0.284831
0.284748
0.284809
0.284876
0.284851
0.284909
0.284873
0.284939
0.284898
0.284831
0.284793
0.284782
0.284748
0.284719
0.284709
0.284685
0.28466
0.284656
0.284685
0.284662
0.284644
0.284679
0.284645
0.28463
0.284696
0.284725
0.284792
0.284796
0.284768
0.284766
0.284743
0.284724
0.284703
0.284708
0.284708
0.284668
0.284683
0.284689
0.284681
0.284645
0.284664
0.284685
0.284676
0.284668
0.284652
0.28459
0.284669
0.28467
0.28464
0.284588
0.284647
0.284648
0.284632
0.284672
0.284626
0.284613
0.284615
0.284593
0.284558
0.284576
0.284648
0.284683
0.284696
0.284588
0.28455
0.284552
0.284593
0.284609
0.284629
0.284634
0.284628
0.284573
0.284583
0.284626
0.28461
0.284567
0.284581
0.284539
0.284465
0.284465
0.28449
0.284449
0.284429
0.284409
0.284402
0.284416
0.284375
0.284328
0.284363
0.284403
0.284382
0.284383
0.284397
0.284387
0.284338
0.284351
0.284282
0.284269
0.284224
0.284211
0.284211
0.284178
0.28414
0.284115
0.28416
0.284193
0.284245
0.28428
0.284252
0.284225
0.284268
0.284318
0.284343
0.284303
0.284288
0.284275
0.284299
0.284223
0.284188
0.284137
0.284165
0.284158
0.284189
0.284159
0.284199
0.284157
0.284144
0.284207
0.284184
0.284144
0.284144
0.284184
0.284219
0.284192
0.284124
0.284161
0.284154
0.284207
0.284187
0.284234
0.284212
0.284137
0.284124
0.284132
0.284075
0.284074
0.284104
0.284141
0.284114
0.284126
0.284124
0.28421
0.284173
0.284133
0.284157
0.284149
0.284169
0.284196
0.284228
0.284204
0.284134
0.284134
0.284191
0.284188
0.284201
0.284183
0.284199
0.284199
0.284254
0.284315
0.284363
0.284325
0.284367
0.284366
0.284347
0.2843
0.284263
0.28419
0.284148
0.284157
0.284159
0.284237
0.284271
0.28426
0.284334
0.284272
0.284284
0.284283
0.284239
0.284206
0.284164
0.284165
0.284185
0.284245
0.284293
0.284355
0.284371
0.284408
0.284393
0.284407
0.284402
0.284396
0.284421
0.284413
0.284434
0.284488
0.28448
0.284475
0.284438
0.284462
0.284467
0.284444
0.284424
0.284406
0.284383
0.284376
0.284405
0.284421
0.284401
0.284349
0.284331
0.284305
0.284298
0.28435
0.284358
0.284451
0.284452
0.28443
0.284446
0.284439
0.284437
0.284467
0.284427
0.28438
0.284345
0.284386
0.284403
0.284399
0.284398
0.284399
0.284434
0.284462
0.284457
0.284471
0.284485
0.284489
0.284456
0.284491
0.284465
0.284448
0.284421
0.284408
0.284432
0.284451
0.284461
0.284458
0.284447
0.284443
0.284468
0.284438
0.284392
0.284452
0.284501
0.284481
0.284481
0.28445
0.284492
0.284546
0.284595
0.284575
0.284574
0.2846
0.284621
0.284646
0.284641
0.284665
0.284629
0.284636
0.284654
0.284609
0.284619
0.284586
0.284599
0.284578
0.284559
0.284601
0.284565
0.284538
0.284542
0.28452
0.284574
0.284597
0.284612
0.284659
0.284695
0.284761
0.284796
0.284792
0.28479
0.284709
0.284724
0.284729
0.284707
0.28473
0.28483
0.284819
0.284894
0.284919
0.284916
0.284893
0.284934
0.284961
0.284982
0.284933
0.284917
0.28483
0.284799
0.284742
0.284701
0.284726
0.284711
0.284653
0.284598
0.284603
0.284634
0.284566
0.284585
0.284564
0.284517
0.284455
0.284503
0.284452
0.284436
0.284442
0.284497
0.284445
0.284469
0.284469
0.2845
0.284528
0.284466
0.284479
0.28451
0.284512
0.284487
0.284455
0.2844
0.2844
0.284407
0.28442
0.284385
0.284359
0.284381
0.284407
0.284426
0.28446
0.284545
0.28453
0.284589
0.284576
0.284562
0.284559
0.284574
0.284554
0.284601
0.284634
0.284603
0.284609
0.284585
0.284585
0.284552
0.284521
0.28453
0.284545
0.284511
0.284493
0.284488
0.284499
0.284474
0.284532
0.284573
0.284608
0.284626
0.284613
0.284619
0.284644
0.284664
0.284671
0.284717
0.284752
0.284749
0.28475
0.284735
0.28474
0.284704
0.284686
0.284677
0.2847
0.28472
0.284775
0.284801
0.284735
0.284717
0.284699
0.284681
0.28462
0.284643
0.284659
0.284645
0.284623
0.284635
0.284663
0.284629
0.284619
0.284597
0.284591
0.284569
0.284584
0.284586
0.284575
0.284561
0.284496
0.284458
0.28447
0.284466
0.284516
0.284493
0.284464
0.284507
0.284527
0.284547
0.28455
0.284542
0.284511
0.284488
0.284445
0.284415
0.28447
0.284433
0.284443
0.284455
0.284496
0.284495
0.284506
0.284489
0.284515
0.284465
0.284445
0.284451
0.284449
0.284464
0.284448
0.284431
0.284392
0.284385
0.284355
0.284375
0.284377
0.284373
0.284364
0.284353
0.284317
0.284335
0.284322
0.2843
0.284326
0.284263
0.284248
0.284207
0.284226
0.284238
0.284279
0.284331
0.284303
0.284285
0.284294
0.284271
0.284277
0.28424
0.284164
0.284199
0.28425
0.284292
0.284295
0.284287
0.284244
0.284215
0.28422
0.284187
0.284158
0.284143
0.284167
0.284166
0.284147
0.284111
0.284094
0.284111
0.284121
0.284153
0.284137
0.284159
0.284209
0.284232
0.284203
0.284215
0.284241
0.284229
0.284221
0.284217
0.284146
0.284145
0.284067
0.284043
0.284023
0.284076
0.284165
0.284154
0.284194
0.284161
0.28409
0.284093
0.284077
0.284091
0.284094
0.284116
0.284097
0.284088
0.284079
0.28408
0.284094
0.284083
0.284055
0.284053
0.284013
0.284037
0.284068
0.284103
0.284125
0.284179
0.284171
0.28419
0.284151
0.28421
0.28423
0.284233
0.284197
0.28422
0.284176
0.284161
0.284168
0.284182
0.284151
0.284173
0.284211
0.284202
0.284226
0.28428
0.284247
0.284234
0.284238
0.284221
0.284278
0.284271
0.284281
0.284286
0.284291
0.284318
0.284351
0.284345
0.284364
0.284383
0.284363
0.284315
0.284312
0.284304
0.284286
0.284319
0.284336
0.28433
0.284347
0.28434
0.284343
0.28431
0.284317
0.284271
0.284273
0.284203
0.28419
0.284205
0.28418
0.28418
0.284167
0.284173
0.28419
0.284214
0.284225
0.284243
0.284229
0.284167
0.284175
0.28422
0.284242
0.284281
0.28432
0.284273
0.284323
0.284312
0.284287
0.284253
0.284286
0.284267
0.284237
0.284252
0.284229
0.284252
0.284245
0.284292
0.28427
0.284286
0.284266
0.284265
0.284263
0.284219
0.284232
0.284238
0.284244
0.28424
0.284197
0.284247
0.284236
0.284265
0.284316
0.284292
0.28426
0.284226
0.284227
0.284214
0.284229
0.284162
0.284134
0.284146
0.284101
0.284135
0.284148
0.284123
0.284158
0.284143
0.284195
0.284206
0.284205
0.284238
0.28425
0.284247
0.28419
0.284158
0.284184
0.284199
0.284177
0.284187
0.284164
0.284205
0.284208
0.284213
0.284218
0.284211
0.284188
0.284204
0.284223
0.284212
0.284173
0.284168
0.284226
0.284221
0.284197
0.284182
0.284181
0.284142
0.284122
0.284132
0.284144
0.284184
0.284197
0.284152
0.28414
0.284186
0.284214
0.284222
0.284192
0.284201
0.284215
0.284208
0.28419
0.284202
0.284149
0.284116
0.284134
0.284109
0.284128
0.284087
0.284085
0.284105
0.2841
0.284075
0.284081
0.284126
0.284098
0.284078
0.284078
0.284108
0.284091
0.284087
0.284053
0.284069
0.284029
0.284033
0.284039
0.284065
0.284055
0.284056
0.284074
0.284023
0.28409
0.284069
0.284072
0.284069
0.284069
0.284022
0.284082
0.284096
0.284104
0.284157
0.284203
0.284235
0.284265
0.284283
0.284297
0.284314
0.284308
0.284273
0.284261
0.284274
0.284272
0.2843
0.284317
0.284331
0.284302
0.284318
0.284329
0.284341
0.284305
0.284347
0.284415
0.284425
0.284443
0.284438
0.28441
0.284392
0.28441
0.284384
0.284371
0.284373
0.284419
0.284404
0.284363
0.284364
0.284349
0.284358
0.284362
0.284325
0.284354
0.284343
0.284347
0.284315
0.284316
0.284329
0.284343
0.284324
0.284308
0.284295
0.284311
0.284338
0.284292
0.284331
0.284315
0.284303
0.284312
0.284274
0.284231
0.28419
0.284196
0.284185
0.284192
0.284193
0.284205
0.284222
0.284243
0.284246
0.284284
0.284289
0.284254
0.284232
0.284247
0.284255
0.284236
0.284235
0.28425
0.284261
0.284299
0.284328
0.284312
0.284282
0.284259
0.284269
0.284228
0.284233
0.284226
0.28421
0.28423
0.284219
0.284184
0.284207
0.284252
0.284237
0.284267
0.284254
0.284277
0.284267
0.284263
0.284248
0.284254
0.284225
0.284251
0.284255
0.284245
0.284228
0.284184
0.284159
0.28413
0.284111
0.284102
0.284064
0.284041
0.284038
0.284038
0.284058
0.284092
0.28411
0.28411
0.284108
0.284091
0.284089
0.2841
0.284133
0.284127
0.284172
0.284167
0.28416
0.284144
0.28417
0.284176
0.28415
0.284132
0.284144
0.284115
0.284113
0.284122
0.284102
0.284065
0.284054
0.28404
0.284013
0.283987
0.283963
0.283954
0.283953
0.284
0.284003
0.283995
0.283988
0.284007
0.283992
0.284017
0.284024
0.284012
0.284001
0.283997
0.284042
0.284041
0.284058
0.284031
0.284019
0.284021
0.284048
0.284021
0.284042
0.284115
0.284074
0.284078
0.284033
0.283983
0.283956
0.283954
0.283965
0.284002
0.284043
0.284051
0.284033
0.284035
0.284009
0.284025
0.284009
0.283978
0.283967
0.284007
0.284038
0.283969
0.283955
0.283955
0.283943
0.283928
0.283883
0.283895
0.283897
0.283916
0.283925
0.283895
0.283888
0.283887
0.28386
0.283852
0.283863
0.283862
0.283875
0.283873
0.28387
0.283888
0.283866
0.283837
0.283838
0.283786
0.283753
0.283754
0.283706
0.283694
0.283695
0.283699
0.28368
0.283707
0.283699
0.28374
0.2837
0.28368
0.283663
0.283664
0.283649
0.283624
0.283646
0.283628
0.283635
0.283609
0.283609
0.283631
0.283624
0.2836
0.283609
0.283618
0.283625
0.28362
0.283634
0.283614
0.283618
0.283612
0.2836
0.28358
0.28359
0.283571
0.283605
0.283588
0.28359
0.283578
0.283591
0.283584
0.283564
0.283565
0.283603
0.283612
0.283617
0.283603
0.283568
0.283547
0.283558
0.283512
0.283543
0.283532
0.283559
0.283562
0.283584
0.283638
0.283629
0.283653
0.283688
0.283693
0.283692
0.283679
0.283696
0.283707
0.283672
0.283688
0.283685
0.283682
0.283718
0.283759
0.283736
0.283732
0.283732
0.283704
0.283734
0.283736
0.283742
0.283707
0.283699
0.283678
0.283703
0.283747
0.283749
0.283731
0.283696
0.283723
0.283717
0.283697
0.283704
0.28369
0.283652
0.283668
0.28366
0.283666
0.283676
0.2837
0.283709
0.283731
0.283756
0.283746
0.283749
0.283774
0.28378
0.283764
0.283808
0.2838
0.283814
0.283817
0.283816
0.283805
0.28379
0.283752
0.283732
0.283719
0.28376
0.283744
0.283747
0.283742
0.28372
0.283743
0.283762
0.283733
0.283724
0.283762
0.283754
0.28372
0.283724
0.283703
0.283694
0.283658
0.283654
0.283695
0.28367
0.283686
0.28367
0.283706
0.283666
0.283687
0.283681
0.283679
0.283687
0.283643
0.283655
0.283636
0.283621
0.283628
0.283603
0.283571
0.28356
0.283522
0.283514
0.283508
0.28352
0.283536
0.283498
0.283519
0.28351
0.283481
0.28348
0.283459
0.283442
0.283436
0.283446
0.283444
0.283415
0.283421
0.283445
0.283413
0.283427
0.283435
0.283411
0.283398
0.283414
0.283398
0.28339
0.283407
0.283377
0.283416
0.283374
0.283363
0.283368
0.283374
0.283394
0.283451
0.283445
0.283418
0.283421
0.283408
0.283387
0.283347
0.283331
0.283332
0.28328
0.283269
0.283276
0.283278
0.283275
0.283272
0.283252
0.283271
0.283271
0.283284
0.283303
0.283317
0.283351
0.283366
0.28339
0.283437
0.283423
0.283429
0.283429
0.283426
0.283399
0.283394
0.283366
0.283356
0.283364
0.283374
0.283364
0.283387
0.283385
0.283385
0.283339
0.283357
0.283364
0.28335
0.283358
0.283379
0.283349
0.28335
0.283326
0.283313
0.283291
0.283277
0.28328
0.283228
0.283242
0.283246
0.28327
0.283253
0.283239
0.283293
0.283315
0.283296
0.283338
0.283343
0.28334
0.28336
0.283353
0.283333
0.283276
