0.432234
0.426421
0.397971
0.399323
0.378543
0.379646
0.368756
0.36512
0.352403
0.352518
0.355335
0.351701
0.350212
0.350229
0.348038
0.345419
0.346127
0.344572
0.342543
0.34455
0.345541
0.347017
0.34338
0.34272
0.341585
0.342705
0.343377
0.34162
0.342567
0.342361
0.342988
0.343868
0.34341
0.342925
0.343584
0.343593
0.344929
0.343503
0.345672
0.345886
0.346042
0.345528
0.346289
0.345029
0.344514
0.34417
0.343913
0.342645
0.342025
0.342719
0.341746
0.339335
0.340141
0.340518
0.340576
0.340943
0.341482
0.340741
0.340463
0.339904
0.341038
0.340229
0.341403
0.34152
0.341893
0.342231
0.342751
0.343158
0.344014
0.344474
0.344277
0.344555
0.34507
0.344991
0.344669
0.345532
0.34613
0.345756
0.345726
0.345546
0.345668
0.345542
0.345405
0.345183
0.345801
0.345245
0.345128
0.343652
0.343616
0.343743
0.343697
0.34342
0.343558
0.34418
0.344476
0.344681
0.344025
0.344245
0.344931
0.344255
0.344309
0.34478
0.345756
0.346183
0.346216
0.346533
0.346942
0.346953
0.347078
0.346789
0.347287
0.34806
0.347201
0.347089
0.34714
0.347184
0.346411
0.346395
0.346606
0.346488
0.346611
0.346644
0.346668
0.346376
0.346139
0.345943
0.345214
0.344941
0.344596
0.344205
0.34437
0.344498
0.344486
0.344988
0.344741
0.344851
0.345212
0.34553
0.345685
0.345565
0.345567
0.345381
0.345393
0.345507
0.345775
0.345906
0.345534
0.345185
0.345059
0.345305
0.34543
0.344848
0.345255
0.344899
0.345309
0.345203
0.345024
0.344453
0.344088
0.34378
0.343627
0.343516
0.343757
0.344038
0.343739
0.343999
0.344241
0.344296
0.344302
0.344291
0.344084
0.344025
0.344333
0.34451
0.344395
0.344569
0.344729
0.344708
0.344689
0.344805
0.344717
0.344688
0.344923
0.344859
0.344615
0.344222
0.343928
0.343872
0.34385
0.343883
0.343796
0.343933
0.343889
0.344014
0.34385
0.344239
0.344087
0.34372
0.343462
0.343522
0.343956
0.344287
0.344897
0.345235
0.34495
0.344759
0.344508
0.344654
0.344587
0.344782
0.344389
0.344657
0.344698
0.344274
0.34421
0.344316
0.344487
0.344697
0.344529
0.34444
0.344301
0.343959
0.344168
0.344408
0.344719
0.344348
0.344424
0.344384
0.344251
0.344091
0.343793
0.343215
0.342676
0.342708
0.342663
0.342999
0.343066
0.342885
0.342753
0.342336
0.342336
0.342357
0.342298
0.342241
0.342334
0.342373
0.342584
0.342601
0.342759
0.342909
0.343026
0.343091
0.342726
0.342565
0.342498
0.342625
0.342748
0.342571
0.343048
0.342926
0.34326
0.343458
0.34355
0.343557
0.343627
0.343904
0.343591
0.343553
0.343634
0.343476
0.343549
0.343502
0.343492
0.343339
0.343009
0.343309
0.343189
0.343051
0.343118
0.342868
0.342942
0.342696
0.342696
0.342941
0.342616
0.342766
0.342555
0.342847
0.342895
0.342763
0.34263
0.342606
0.342601
0.342765
0.342882
0.342593
0.342641
0.342408
0.342468
0.34239
0.342587
0.342226
0.342497
0.342373
0.342631
0.342891
0.342936
0.343061
0.342733
0.342648
0.342875
0.342924
0.343024
0.343
0.34292
0.342835
0.342763
0.342856
0.342802
0.342569
0.342603
0.342848
0.342778
0.34287
0.342703
0.342469
0.342763
0.34269
0.342963
0.34294
0.343096
0.343031
0.342874
0.342916
0.342614
0.342442
0.342524
0.342624
0.342759
0.342799
0.342596
0.342587
0.342395
0.342493
0.342477
0.34252
0.342494
0.342719
0.342887
0.342866
0.342734
0.342613
0.34274
0.342609
0.342544
0.342626
0.342559
0.342609
0.342659
0.342785
0.342675
0.342698
0.342591
0.342441
0.342383
0.342347
0.342163
0.342144
0.342126
0.342134
0.342112
0.342129
0.342141
0.342087
0.342173
0.342317
0.342413
0.342435
0.342215
0.342165
0.342002
0.342187
0.342285
0.342364
0.342402
0.342484
0.342349
0.342182
0.342131
0.342045
0.341879
0.341882
0.341989
0.342018
0.341972
0.341791
0.341619
0.341632
0.341539
0.341673
0.341697
0.341954
0.342007
0.342007
0.341946
0.341732
0.341808
0.341679
0.341628
0.341637
0.341683
0.341746
0.341741
0.341868
0.342003
0.341967
0.342096
0.34231
0.342425
0.342355
0.342223
0.342222
0.342218
0.342105
0.34215
0.342159
0.34235
0.342393
0.342385
0.342418
0.342425
0.342381
0.342369
0.342369
0.342424
0.342479
0.342476
0.342604
0.342481
0.342621
0.342712
0.342947
0.342987
0.343
0.34316
0.343004
0.342847
0.342791
0.342767
0.342736
0.342597
0.342612
0.342844
0.342583
0.342416
0.342417
0.342422
0.342556
0.342556
0.342634
0.342668
0.342658
0.342645
0.342578
0.34264
0.342628
0.342545
0.342533
0.342593
0.342693
0.342661
0.342732
0.342789
0.342893
0.343014
0.343158
0.343235
0.343325
0.343344
0.343349
0.343419
0.343401
0.343325
0.343232
0.343286
0.343337
0.343533
0.34353
0.343635
0.343671
0.343626
0.343619
0.343528
0.343442
0.343571
0.343557
0.343564
0.343644
0.34353
0.343424
0.343444
0.343389
0.343585
0.343521
0.34364
0.343603
0.343613
0.3436
0.343571
0.343576
0.343451
0.343416
0.3435
0.343391
0.343425
0.343499
0.343422
0.343232
0.343167
0.343364
0.3434
0.343379
0.343412
0.343329
0.343275
0.34329
0.343312
0.343137
0.3431
0.343063
0.343055
0.343107
0.343043
0.343107
0.343082
0.34287
0.342916
0.342872
0.342757
0.342701
0.342526
0.34271
0.342774
0.342667
0.342791
0.342977
0.342937
0.342885
0.342869
0.342958
0.343057
0.343107
0.343258
0.34332
0.343301
0.343193
0.343208
0.34322
0.343206
0.343118
0.343176
0.343221
0.343218
0.343277
0.343119
0.343221
0.343276
0.343174
0.343174
0.343264
0.343162
0.343232
0.343332
0.343304
0.343363
0.343337
0.343259
0.343301
0.343176
0.343147
0.343099
0.34307
0.343026
0.343028
0.342914
0.342909
0.34293
0.3429
0.342912
0.342914
0.343022
0.343086
0.343211
0.343199
0.343145
0.343093
0.34314
0.343181
0.343096
0.343103
0.343177
0.343268
0.343213
0.34318
0.343152
0.343088
0.343074
0.343108
0.343134
0.343117
0.343112
0.34309
0.343144
0.343154
0.343104
0.343116
0.342942
0.342955
0.343028
0.342951
0.343014
0.343065
0.342952
0.342889
0.342919
0.343018
0.343043
0.343069
0.343066
0.343108
0.343109
0.343131
0.343053
0.343142
0.343094
0.343134
0.343193
0.34315
0.343049
0.343088
0.343123
0.343184
0.34315
0.343297
0.343186
0.343217
0.343241
0.343171
0.343175
0.343295
0.343378
0.343339
0.343296
0.343245
0.343168
0.342997
0.343082
0.343111
0.343104
0.343049
0.342973
0.343034
0.343107
0.343198
0.343162
0.343162
0.343107
0.343212
0.343263
0.3433
0.343205
0.343105
0.343023
0.343011
0.342996
0.342989
0.342927
0.342958
0.342933
0.342843
0.342842
0.342784
0.34282
0.342769
0.342822
0.342817
0.342727
0.342806
0.342905
0.343013
0.343073
0.343092
0.343109
0.343167
0.343166
0.343135
0.343105
0.343166
0.343155
0.343099
0.343164
0.343143
0.343146
0.343051
0.343095
0.343145
0.343076
0.343121
0.343148
0.343206
0.343129
0.343082
0.343121
0.343142
0.343182
0.343232
0.343349
0.343265
0.343234
0.343249
0.343214
0.343142
0.343134
0.343135
0.343183
0.343179
0.343194
0.34312
0.343193
0.343186
0.343243
0.34323
0.34321
0.343169
0.343137
0.343076
0.343053
0.343073
0.343032
0.342975
0.34306
0.342927
0.342989
0.343002
0.343071
0.342959
0.342984
0.343129
0.34319
0.343258
0.343285
0.343368
0.343434
0.343531
0.343595
0.343556
0.343527
0.343556
0.343564
0.343566
0.343626
0.343647
0.343573
0.343603
0.343662
0.3437
0.34365
0.343679
0.343637
0.343769
0.343846
0.343814
0.34393
0.343846
0.343741
0.343662
0.3437
0.343701
0.343659
0.343581
0.343566
0.343531
0.343522
0.343514
0.343498
0.343481
0.343493
0.343475
0.3435
0.343513
0.343515
0.343435
0.343449
0.343468
0.343531
0.343579
0.343612
0.343528
0.343568
0.343576
0.343574
0.343597
0.343695
0.34362
0.343596
0.343641
0.343718
0.343672
0.343733
0.343814
0.343855
0.343819
0.343861
0.343869
0.343931
0.34391
0.343888
0.343785
0.343831
0.343827
0.34381
0.343812
0.343919
0.343864
0.343867
0.343819
0.343754
0.343767
0.343631
0.343704
0.343675
0.343748
0.343761
0.343841
0.34379
0.343665
0.343616
0.343699
0.343694
0.343648
0.343781
0.343886
0.343768
0.343752
0.343758
0.343661
0.343616
0.343602
0.343605
0.343603
0.343671
0.343782
0.343786
0.343868
0.34386
0.343952
0.343985
0.343912
0.343804
0.343825
0.343839
0.343793
0.343846
0.343866
0.343872
0.343835
0.343953
0.343927
0.343934
0.343948
0.343974
0.343943
0.343894
0.343932
0.34387
0.343834
0.343842
0.343851
0.343853
0.343926
0.343927
0.344051
0.344041
0.344066
0.344076
0.344002
0.344067
0.344082
0.344138
0.344131
0.344108
0.344118
0.344105
0.344138
0.344091
0.344147
0.34415
0.344158
0.344148
0.34411
0.344268
0.344324
0.344314
0.344315
0.344274
0.34421
0.344238
0.34424
0.34428
0.344264
0.344272
0.344268
0.344293
0.344238
0.344303
0.344427
0.344438
0.344456
0.344459
0.344376
0.344276
0.344288
0.344092
0.344067
0.344055
0.344082
0.344099
0.344127
0.344082
0.344098
0.343987
0.343944
0.343917
0.343982
0.343948
0.34397
0.344055
0.34402
0.344067
0.344073
0.344003
0.344031
0.344082
0.344071
0.344136
0.34415
0.344192
0.344158
0.344122
0.344171
0.34412
0.344143
0.344091
0.344122
0.344118
0.344121
0.344119
0.344115
0.344138
0.344163
0.344154
0.344137
0.344218
0.344192
0.344156
0.344182
0.344155
0.344101
0.344128
0.344156
0.344142
0.344104
0.343974
0.343867
0.343839
0.343876
0.343868
0.343847
0.343846
0.343875
0.343961
0.343959
0.343961
0.34396
0.34397
0.34396
0.343996
0.344064
0.344039
0.344045
0.34407
0.344017
0.343944
0.343944
0.343871
0.343914
0.343885
0.343868
0.343949
0.343915
0.343922
0.34392
0.343946
0.343896
0.343894
0.343868
0.343834
0.34385
0.343854
0.343778
0.34374
0.343741
0.343748
0.343771
0.343864
0.343877
0.343848
0.343903
0.343916
0.343957
0.343889
0.3439
0.343934
0.343914
0.343911
0.343913
0.343848
0.343857
0.343869
0.343924
0.34389
0.343861
0.343842
0.343917
0.343875
0.343908
0.343834
0.343844
0.343814
0.343785
0.343808
0.343786
0.343829
0.343813
0.343808
0.343783
0.343749
0.343728
0.343775
0.343772
0.34374
0.343804
0.343812
0.343783
0.343815
0.343805
0.343877
0.34387
0.343855
0.343868
0.343774
0.343778
0.343798
0.343791
0.343821
0.34386
0.343872
0.343869
0.343892
0.343824
0.343817
0.343828
0.343834
0.34389
0.343887
0.34385
0.343851
0.343855
0.343878
0.3439
0.343872
0.343814
0.343752
0.343787
0.34377
0.343815
0.343811
0.343791
0.343806
0.343803
0.343788
0.34378
0.343817
0.343803
0.343701
0.343671
0.343621
0.343631
0.343627
0.343599
0.343669
0.343695
0.343699
0.343721
0.343671
0.343724
0.343665
0.34367
0.343677
0.343668
0.343699
0.343711
0.3437
0.34363
0.343603
0.343564
0.343549
0.343564
0.343629
0.343658
0.34368
0.34369
0.343688
0.343707
0.343735
0.343816
0.343862
0.343898
0.343932
0.343934
0.343932
0.343965
0.343938
0.343925
0.343982
0.343977
0.343894
0.343884
0.343898
0.343897
0.3439
0.343906
0.343882
0.343926
0.343937
0.343902
0.343945
0.343926
0.343892
0.343888
0.343903
0.343907
0.343857
0.343891
0.343889
0.343899
0.343936
0.343958
0.343938
0.343986
0.343906
0.343839
0.34381
0.343779
0.343818
0.343861
0.34389
0.343967
0.344004
0.344051
0.344061
0.34405
0.344075
0.344084
0.344095
0.344123
0.344195
0.344243
0.344139
0.344191
0.34413
0.344085
0.344095
0.344092
0.344148
0.344134
0.344142
0.344175
0.344142
0.344163
0.344156
0.344124
0.34417
0.344173
0.344202
0.344172
0.344206
0.344201
0.344186
0.344134
0.344112
0.344168
0.344082
0.344059
0.344048
0.343981
0.343998
0.344044
0.344021
0.344011
0.343979
0.343964
0.343984
0.343975
0.343924
0.343896
0.343936
0.343896
0.343949
0.343979
0.343987
0.344005
0.344014
0.344005
0.343989
0.343989
0.343939
0.343927
0.343968
0.343947
0.343932
0.343898
0.343974
0.343974
0.343976
0.343906
0.343967
0.343958
0.343862
0.343896
0.343904
0.343873
0.343911
0.344002
0.343989
0.344013
0.344008
0.343977
0.344006
0.344046
0.344053
0.344003
0.344006
0.343995
0.343962
0.343965
0.343959
0.343981
0.343994
0.344022
0.344041
0.344054
0.344062
0.344089
0.344067
0.344103
0.344133
0.344126
0.344099
0.344083
0.344023
0.344014
0.343933
0.343851
0.34389
0.343913
0.343969
0.344024
0.344033
0.344007
0.344052
0.344065
0.344141
0.344179
0.344183
0.344143
0.344149
0.344112
0.344124
0.344064
0.34407
0.344124
0.34416
0.344093
0.344088
0.344106
0.344087
0.344077
0.344073
0.344081
0.344123
0.344161
0.344167
0.344223
0.344278
0.344279
0.344198
0.344211
0.344286
0.344305
0.344333
0.344356
0.344361
0.34434
0.344407
0.344399
0.344424
0.344348
0.344301
0.34431
0.344265
0.344261
0.344284
0.344323
0.344358
0.34437
0.344428
0.344454
0.344432
0.344391
0.344365
0.344386
0.344411
0.34442
0.344412
0.344424
0.344425
0.344388
0.344328
0.344346
0.344338
0.344385
0.344311
0.344316
0.34429
0.344273
0.344259
0.344285
0.344326
0.344342
0.344331
0.344337
0.344298
0.344339
0.344346
0.344354
0.344374
0.344347
0.344296
0.344309
0.3443
0.344261
0.344275
0.344276
0.344253
0.34422
0.34421
0.344231
0.344229
0.344263
0.344273
0.344285
0.344289
0.344333
0.344328
0.344348
0.344391
0.344399
0.344421
0.344448
0.344387
0.344403
0.344393
0.344402
0.344409
0.344409
0.344437
0.344469
0.344448
0.344482
0.344527
0.344534
0.344486
0.344446
0.344454
0.344468
0.344451
0.344452
0.344475
0.344469
0.344429
0.344428
0.34444
0.344463
0.344472
0.344483
0.344411
0.34443
0.344441
0.344461
0.344432
0.344426
0.34444
0.344385
0.344406
0.34438
0.344371
0.344339
0.344322
0.344295
0.344267
0.344258
0.344274
0.344255
0.344253
0.344247
0.344229
0.344285
0.344297
0.344272
0.344258
0.344276
0.344184
0.344144
0.344155
0.344163
0.344168
0.344142
0.344111
0.344099
0.344108
0.344085
0.344044
0.34405
0.344063
0.344109
0.344067
0.344077
0.344046
0.344085
0.344072
0.344084
0.344065
0.344052
0.344072
0.344045
0.344085
0.344055
0.344036
0.344012
0.344
0.343978
0.343955
0.343909
0.343907
0.343896
0.34393
0.34396
0.343985
0.344009
0.34397
0.344006
0.34402
0.344027
0.344051
0.344081
0.34409
0.344038
0.344043
0.344066
0.344053
0.344035
0.343982
0.34403
0.344045
0.344052
0.344035
0.344069
0.344065
0.344069
0.344082
0.344088
0.344143
0.344159
0.344164
0.34415
0.344154
0.344174
0.344164
0.344199
0.344197
0.344237
0.344269
0.344293
0.344271
0.344265
0.344236
0.344222
0.344275
0.344204
0.344264
0.344291
0.344281
0.344286
0.344283
0.344258
0.344246
0.344249
0.344247
0.344171
0.344152
0.344133
0.34414
0.34417
0.344146
0.344174
0.344144
0.34418
0.344204
0.344172
0.344137
0.344167
0.344111
0.344131
0.344143
0.344151
0.344169
0.344147
0.344145
0.34413
0.344128
0.344152
0.344162
0.34411
0.344122
0.344118
0.344097
0.34413
0.344105
0.344062
0.344086
0.34405
0.344086
0.344097
0.344107
0.344062
0.344105
0.34408
0.344086
0.344114
0.344112
0.344147
0.344127
0.344081
0.344079
0.344123
0.344083
0.344108
0.344161
0.344176
0.344197
0.34415
0.3441
0.344157
0.344219
0.344212
0.344238
0.344302
0.344318
0.344294
0.344313
0.344343
0.344362
0.344363
0.344375
0.344366
0.344366
0.344353
0.344362
0.34437
0.344397
0.34441
0.344411
0.344376
0.344405
0.344437
0.344508
0.344524
0.344512
0.344493
0.34448
0.344463
0.344485
0.344489
0.344485
0.344489
0.344487
0.344487
0.344526
0.344566
0.344557
0.34455
0.344541
0.344484
0.344479
0.344508
0.34448
0.344531
0.344502
0.34455
0.344561
0.344573
0.344579
0.344567
0.344561
0.344554
0.344545
0.344555
0.344524
0.344525
0.344502
0.344489
0.3445
0.344586
0.344605
0.344615
0.344651
0.344699
0.344725
0.344703
0.344706
0.344735
0.344704
0.344722
0.344674
0.344699
0.344675
0.344701
0.344697
0.344744
0.34472
0.344711
0.344696
0.344696
0.344675
0.344693
0.344682
0.344671
0.344652
0.344674
0.344688
0.344686
0.344722
0.344764
0.344732
0.344697
0.344715
0.344748
0.34474
0.344734
0.344751
0.344738
0.344705
0.344662
0.34463
0.344603
0.344621
0.344644
0.344657
0.344609
0.344595
0.344643
0.344657
0.344678
0.344637
0.344646
0.34465
0.34462
0.344624
0.344613
0.34464
0.34464
0.344662
0.344677
0.344662
0.34468
0.344661
0.344705
0.344701
0.344664
0.344681
0.344705
0.344728
0.344737
0.344712
0.34469
0.344689
0.344641
0.344641
0.344644
0.344642
0.344673
0.344687
0.3447
0.34468
0.344664
0.344617
0.344647
0.344674
0.344741
0.344734
0.34478
0.344832
0.344876
0.344862
0.344885
0.344902
0.344938
0.344929
0.344943
0.344882
0.34486
0.344867
0.344871
0.344817
0.344851
0.344889
0.344842
0.344825
0.344836
0.344837
0.344836
0.344844
0.344832
0.344805
0.344789
0.344793
0.344806
0.344829
0.344837
0.344815
0.344757
0.344793
0.344825
0.34483
0.344813
0.344782
0.344805
0.344789
0.344822
0.344837
0.344867
0.344877
0.344872
0.344877
0.344869
0.344925
0.34491
0.344931
0.344937
0.344966
0.344948
0.344945
0.344968
0.344955
0.344973
0.344945
0.344941
0.344936
0.344921
0.3449
0.344909
0.344864
0.344883
0.344885
0.344883
0.344917
0.344925
0.344908
0.344924
0.344926
0.344928
0.344913
0.344814
0.344854
0.344843
0.344831
0.344786
0.34483
0.344851
0.344855
0.344916
0.344945
0.344954
0.344945
0.344968
0.344995
0.344978
0.344947
0.344994
0.345012
0.345051
0.345076
0.34509
0.34508
0.345122
0.345129
0.345133
0.345146
0.345165
0.345175
0.345179
0.34518
0.345167
0.345148
0.345194
0.345209
0.345216
0.345225
0.345222
0.345232
0.345218
0.345236
0.345229
0.345233
0.345244
0.345261
0.345215
0.345129
0.345126
0.345102
0.345141
0.34513
0.345155
0.345228
0.345228
0.345221
0.345205
0.345196
0.345195
0.345195
0.345196
0.345235
0.345272
0.345274
0.345271
0.345253
0.345257
0.345269
0.345267
0.345272
0.34525
0.345255
0.345257
0.345254
0.34523
0.345224
0.345224
0.345211
0.345196
0.34516
0.34517
0.345192
0.345221
0.345207
0.345201
0.345181
0.345197
0.345229
0.345235
0.345272
0.345295
0.345331
0.345376
0.34539
0.345426
0.34543
0.345402
0.345404
0.345415
0.345466
0.345444
0.345407
0.345424
0.345441
0.345421
0.345439
0.345468
0.345502
0.345493
0.345512
0.345519
0.34554
0.345515
0.345562
0.345555
0.345544
0.345536
0.345567
0.345529
0.345502
0.345434
0.345469
0.345472
0.345474
0.345439
0.345461
0.345445
0.345406
0.345424
0.345406
0.345427
0.34538
0.34539
0.345408
0.34539
0.345416
0.345403
0.34542
0.345437
0.345416
0.345432
0.34545
0.345421
0.345463
0.345494
0.34552
0.345532
0.34551
0.345487
0.345449
0.345459
0.345445
0.345421
0.345387
0.345438
0.34544
0.345452
0.34547
0.345454
0.345465
0.345487
0.345466
0.345478
0.345449
0.345421
0.345406
0.345407
0.345401
0.34539
0.345416
0.345396
0.345429
0.345406
0.345407
0.345392
0.34537
0.345374
0.345354
0.345381
0.345397
0.345406
0.345409
0.345395
0.34542
0.345429
0.345471
0.345486
0.345527
0.345528
0.34556
0.345565
0.345605
0.345615
0.345634
0.345616
0.345641
0.345655
0.345676
0.345699
0.345694
0.345673
0.345682
0.3457
0.345677
0.345647
0.345643
0.345671
0.34561
0.345625
0.345644
0.345654
0.34564
0.345604
0.345589
0.345562
0.345577
0.345571
0.3456
0.345602
0.34561
0.345614
0.345617
0.345613
0.345628
0.345613
0.345597
0.345577
0.345541
0.345541
0.345546
0.345569
0.345546
0.345526
0.345522
0.345533
0.34554
0.345548
0.345549
0.345589
0.345593
0.345542
0.345593
0.345597
0.345584
0.345606
0.345635
0.345626
0.345614
0.345616
0.34559
0.345602
0.345601
0.345577
0.345584
0.345557
0.345525
0.345534
0.345517
0.345521
0.345552
0.345518
0.345491
0.345527
0.345508
0.345484
0.345506
0.345505
0.345495
0.345516
0.345502
0.345507
0.345529
0.345509
0.345498
0.345534
0.345517
0.345491
0.345507
0.345488
0.345512
0.345535
0.345545
0.34555
0.345552
0.345562
0.345611
0.345649
0.345694
0.34572
0.345722
0.345724
0.345741
0.345754
0.34575
0.345728
0.345722
0.34571
0.345731
0.345701
0.345733
0.345743
0.345743
0.345721
0.345732
0.345758
0.345714
0.345736
0.345756
0.345784
0.345773
0.345732
0.345727
0.345727
0.345753
0.345753
0.345714
0.345684
0.345689
0.34568
0.345683
0.345689
0.345686
0.345725
0.345729
0.345704
0.345723
0.345726
0.345715
0.345702
0.345728
0.345736
0.345753
0.345756
0.34573
0.3457
0.345686
0.34565
0.345626
0.345637
0.345637
0.345614
0.345636
0.345632
0.345613
0.345599
0.345605
0.345606
0.345594
0.345605
0.345617
0.345594
0.345543
0.345559
0.345562
0.345581
0.345551
0.345565
0.345557
0.345554
0.345563
0.345574
0.34558
0.345589
0.345602
0.345556
0.345538
0.345516
0.34552
0.345473
0.345479
0.345518
0.345523
0.345487
0.345473
0.345495
0.345473
0.345449
0.345465
0.345497
0.345465
0.345461
0.345458
0.345478
0.345493
0.3455
0.345525
0.345507
0.345509
0.345507
0.345507
0.345545
0.34556
0.345576
0.345574
0.345591
0.345577
0.345577
0.34557
0.345559
0.34557
0.345558
0.345559
0.345581
0.345584
0.345577
0.345556
0.345541
0.345534
0.345567
0.345544
0.345529
0.345517
0.345543
0.34553
0.345499
0.345465
0.345486
0.345497
0.345488
0.345497
0.345498
0.345501
0.345496
0.345497
0.345525
0.345518
0.345552
0.345547
0.345548
0.345558
0.345575
0.345566
0.345588
0.345585
0.34553
0.34553
0.345513
0.34547
0.345472
0.345469
0.345506
0.345535
0.345549
0.345554
0.345559
0.345566
0.345544
0.345537
0.345514
0.345501
0.345497
0.345521
0.3455
0.345508
0.345509
0.345507
0.345524
0.345454
0.345436
0.345432
0.345463
0.345446
0.34548
0.345451
0.34544
0.345433
0.345402
0.345384
0.3454
0.345386
0.345357
0.345359
0.345339
0.345348
0.345358
0.345367
0.345397
0.345412
0.345409
0.345427
0.345404
0.345392
0.34542
0.345389
0.345399
0.345401
0.345417
0.345426
0.345431
0.34542
0.345408
0.345409
0.345399
0.345402
0.345403
0.345398
0.345376
0.345378
0.345392
0.345408
0.345419
0.345403
0.345397
0.345391
0.345371
0.345408
0.345428
0.345411
0.34538
0.345401
0.345395
0.34538
0.345396
0.345386
0.3454
0.345429
0.345395
0.345366
0.345356
0.345368
0.345395
0.34541
0.345407
0.345397
0.345411
0.345374
0.345374
0.345417
0.345433
0.345404
0.345439
0.345456
0.345468
0.34546
0.345493
0.345503
0.345488
0.345519
0.345543
0.345585
0.345569
0.345568
0.345559
0.345573
0.345557
0.345556
0.345542
0.345529
0.345532
0.345552
0.345557
0.34554
0.345535
0.345535
0.345581
0.345595
0.345566
0.345561
0.345567
0.345579
0.345587
0.345607
0.345604
0.345611
0.345623
0.345635
0.345642
0.345639
0.345642
0.345637
0.345635
0.345669
0.345641
0.345625
0.345612
0.345607
0.345628
0.345639
0.345643
0.345635
0.345637
0.345657
0.345653
0.345622
0.34562
0.345607
0.345592
0.345564
0.345581
0.345576
0.345562
0.345546
0.345511
0.34549
0.345499
0.345484
0.345488
0.345506
0.34549
0.345515
0.345505
0.345504
0.345486
0.345484
0.345475
0.345469
0.345466
0.345434
0.345394
0.345406
0.345422
0.345432
0.345445
0.345475
0.34546
0.345501
0.345498
0.345485
0.345504
0.345491
0.345545
0.345544
0.345534
0.345521
0.345514
0.345525
0.345485
0.345461
0.345482
0.345476
0.345466
0.345457
0.345445
0.34548
0.345472
0.345485
0.345477
0.345485
0.345473
0.345456
0.345411
0.345439
0.345434
0.345438
0.345429
0.345412
0.345405
0.345397
0.345382
0.345395
0.345404
0.34539
0.345378
0.345395
0.345391
0.345411
0.345379
0.345392
0.345383
0.345377
0.34537
0.345385
0.345404
0.345399
0.345393
0.34542
0.345416
0.345401
0.345391
0.34539
0.345372
0.345369
0.345341
0.345345
0.345371
0.34536
0.345364
0.345387
0.345386
0.345363
0.345343
0.345369
0.345372
0.345373
0.345376
0.345388
0.345381
0.345397
0.345383
0.345348
0.345359
0.345335
0.345307
0.345279
0.345276
0.345293
0.345311
0.345337
0.345343
0.345317
0.345311
0.345329
0.345305
0.345339
0.345323
0.345299
0.345287
0.345261
0.345219
0.345187
0.345188
0.345194
0.345173
0.345183
0.345185
0.345148
0.345156
0.345159
0.34515
0.34516
0.345131
0.34514
0.345153
0.345162
0.345167
0.345193
0.345198
0.345204
0.345191
0.34518
0.34514
