0.446875
0.417933
0.399399
0.387367
0.387294
0.38539
0.386678
0.371418
0.375339
0.375724
0.382231
0.384459
0.384181
0.385239
0.382913
0.384423
0.385649
0.382807
0.386034
0.389612
0.391426
0.39011
0.38936
0.386575
0.384912
0.385479
0.387483
0.387458
0.3881
0.385832
0.386916
0.387838
0.388585
0.388375
0.388795
0.388644
0.388455
0.387849
0.386573
0.385947
0.385013
0.382538
0.382559
0.381735
0.380975
0.380455
0.38133
0.381816
0.38137
0.379981
0.380802
0.379
0.379451
0.380335
0.38002
0.380713
0.380958
0.382032
0.382538
0.382075
0.381362
0.381749
0.382362
0.383531
0.38338
0.383494
0.383943
0.384361
0.382882
0.383333
0.383481
0.383488
0.383577
0.383921
0.384912
0.384497
0.385375
0.384148
0.384666
0.384512
0.384495
0.384456
0.384999
0.385669
0.385808
0.386096
0.385928
0.386204
0.386291
0.385456
0.385494
0.385588
0.385472
0.385139
0.385679
0.385205
0.385125
0.384652
0.384572
0.384618
0.384559
0.385145
0.384456
0.384343
0.384407
0.38429
0.384013
0.38393
0.383314
0.382937
0.382605
0.38309
0.382843
0.382755
0.382692
0.382481
0.382054
0.382252
0.38281
0.382599
0.383154
0.383212
0.383167
0.383519
0.383424
0.38368
0.383987
0.384081
0.384308
0.38396
0.384286
0.383902
0.383879
0.383819
0.383434
0.383749
0.383601
0.383333
0.383261
0.383454
0.383703
0.383304
0.383329
0.383386
0.383543
0.38311
0.38323
0.382742
0.382868
0.382237
0.382408
0.382687
0.382689
0.382769
0.382786
0.382792
0.382656
0.383012
0.383179
0.383445
0.383616
0.383559
0.383719
0.38403
0.38375
0.38357
0.383659
0.38328
0.383254
0.383132
0.383277
0.383306
0.383284
0.383605
0.383584
0.383404
0.383524
0.38343
0.383265
0.383436
0.38338
0.383259
0.383332
0.383292
0.383089
0.383115
0.383503
0.383626
0.383249
0.383228
0.383277
0.383497
0.383765
0.383833
0.383759
0.383707
0.383382
0.383271
0.383105
0.383261
0.382805
0.38291
0.38276
0.382459
0.382741
0.38291
0.382804
0.382896
0.382562
0.382307
0.382428
0.38216
0.382519
0.382548
0.382628
0.382474
0.382775
0.382763
0.382752
0.382811
0.382516
0.382423
0.382118
0.38182
0.382068
0.382168
0.38205
0.382169
0.382256
0.382161
0.382493
0.382357
0.382272
0.38227
0.382437
0.382287
0.382397
0.382248
0.382498
0.38273
0.382846
0.382763
0.382505
0.3826
0.382258
0.382361
0.38229
0.382224
0.382354
0.382285
0.382372
0.382375
0.382309
0.38227
0.382257
0.382402
0.382429
0.382321
0.382477
0.382415
0.382478
0.382514
0.382494
0.382438
0.382155
0.382342
0.382174
0.382161
0.382062
0.382089
0.382096
0.381962
0.381974
0.382054
0.381955
0.382257
0.381896
0.381726
0.381931
0.381953
0.381912
0.381961
0.382011
0.382107
0.382058
0.381887
0.381916
0.381993
0.381929
0.381942
0.382226
0.381949
0.381949
0.382031
0.382166
0.382273
0.382443
0.382702
0.382719
0.382749
0.382704
0.382879
0.382916
0.383018
0.382837
0.382495
0.382357
0.382308
0.382232
0.382234
0.382142
0.382203
0.382174
0.382331
0.382226
0.382129
0.38207
0.382037
0.382269
0.382489
0.382744
0.382748
0.382605
0.382542
0.382521
0.382504
0.382399
0.382445
0.382561
0.382636
0.382648
0.382477
0.38228
0.382356
0.382379
0.382348
0.382441
0.382431
0.382584
0.38271
0.382825
0.382861
0.382996
0.382948
0.382889
0.383016
0.383212
0.383417
0.383494
0.38357
0.383447
0.383348
0.383334
0.383189
0.383284
0.383162
0.383122
0.383249
0.383128
0.383055
0.383271
0.383334
0.383438
0.383447
0.383521
0.38356
0.383647
0.383717
0.383622
0.38352
0.383434
0.38353
0.383436
0.383546
0.383643
0.383644
0.383556
0.383411
0.383291
0.383294
0.383174
0.383007
0.383189
0.383146
0.383198
0.383137
0.383006
0.383033
0.383082
0.383347
0.383451
0.383376
0.383399
0.383562
0.383653
0.383617
0.383714
0.383808
0.383829
0.383965
0.38393
0.383863
0.383817
0.383928
0.383828
0.383811
0.383937
0.384058
0.384032
0.384112
0.383927
0.383785
0.383628
0.383597
0.383606
0.383586
0.383763
0.383785
0.383761
0.383897
0.383917
0.384086
0.38414
0.384186
0.384207
0.384221
0.38418
0.384143
0.384133
0.384234
0.384317
0.38439
0.384518
0.384566
0.384533
0.384433
0.384231
0.384104
0.384113
0.384133
0.384113
0.384201
0.38436
0.384118
0.384139
0.384118
0.384054
0.384067
0.384128
0.384212
0.384213
0.384216
0.384193
0.384162
0.384113
0.384163
0.384016
0.384005
0.383952
0.383998
0.384032
0.384115
0.384187
0.384312
0.384399
0.384468
0.384589
0.384598
0.384783
0.384891
0.385008
0.384999
0.385044
0.385013
0.384968
0.384936
0.384971
0.385077
0.385017
0.38503
0.384944
0.38492
0.384816
0.384854
0.38487
0.384865
0.384843
0.384862
0.384812
0.384756
0.384833
0.384896
0.384932
0.384913
0.38502
0.385031
0.385023
0.38504
0.384905
0.384935
0.384893
0.384973
0.385086
0.385024
0.385022
0.384949
0.384929
0.38469
0.384697
0.384877
0.384869
0.384842
0.384682
0.384516
0.384466
0.384486
0.38447
0.384469
0.384309
0.384332
0.384318
0.384397
0.384466
0.384555
0.384562
0.384452
0.384459
0.384527
0.384588
0.384487
0.384473
0.384491
0.384453
0.384411
0.384494
0.384422
0.38452
0.384474
0.384407
0.384445
0.384488
0.384481
0.384524
0.384522
0.384615
0.384499
0.384589
0.384557
0.384446
0.384429
0.38439
0.384373
0.384345
0.384341
0.384179
0.384163
0.384094
0.384128
0.384234
0.384235
0.384195
0.384255
0.384208
0.384168
0.384253
0.384197
0.384185
0.384276
0.384256
0.38429
0.384248
0.384135
0.384046
0.384029
0.383959
0.383821
0.383819
0.383772
0.38373
0.383762
0.383703
0.383734
0.383849
0.383959
0.384019
0.383963
0.384035
0.384005
0.383961
0.384062
0.384045
0.384048
0.384067
0.384055
0.384008
0.383923
0.383889
0.383953
0.383956
0.383925
0.383944
0.383929
0.384019
0.383984
0.38403
0.384028
0.383883
0.38387
0.383751
0.383762
0.383823
0.383915
0.38383
0.383825
0.383857
0.383879
0.383857
0.383891
0.383955
0.383924
0.383998
0.384084
0.384116
0.384069
0.383973
0.384045
0.384094
0.384039
0.384
0.383833
0.383856
0.383897
0.38391
0.383958
0.383925
0.384086
0.384159
0.384122
0.384078
0.38417
0.384175
0.384272
0.384295
0.384357
0.38433
0.384157
0.384204
0.384178
0.384061
0.383992
0.384033
0.384058
0.38399
0.383979
0.383937
0.383808
0.383767
0.38379
0.383834
0.383784
0.38379
0.383647
0.383584
0.383548
0.383609
0.383617
0.383738
0.383767
0.383757
0.383669
0.383759
0.383775
0.383895
0.383855
0.383896
0.383916
0.38379
0.383871
0.383919
0.383963
0.383989
0.384088
0.384068
0.383963
0.383931
0.383921
0.383928
0.383872
0.383882
0.383827
0.383906
0.383912
0.383879
0.383853
0.383997
0.384133
0.38415
0.384189
0.384226
0.384297
0.384273
0.384253
0.38431
0.384269
0.384321
0.384279
0.384425
0.384471
0.38443
0.384408
0.384397
0.384357
0.384395
0.384361
0.384389
0.384365
0.384395
0.384493
0.384575
0.384583
0.384614
0.384702
0.384711
0.384774
0.384838
0.384859
0.384888
0.38492
0.384863
0.384872
0.384881
0.384867
0.384897
0.384948
0.384964
0.384985
0.385039
0.38512
0.385161
0.385284
0.385363
0.385368
0.385354
0.385371
0.385394
0.385387
0.385367
0.385411
0.385448
0.385462
0.385416
0.385339
0.385247
0.385341
0.385341
0.385345
0.385372
0.385327
0.385323
0.385306
0.3853
0.385293
0.385312
0.385238
0.385167
0.385114
0.385128
0.385167
0.385167
0.385135
0.385167
0.385176
0.385188
0.385239
0.385244
0.385284
0.385326
0.385335
0.38541
0.385497
0.385506
0.385452
0.38547
0.385439
0.385352
0.385377
0.385366
0.385362
0.385388
0.385475
0.385439
0.38545
0.385569
0.385589
0.385575
0.385622
0.385644
0.385657
0.38563
0.385661
0.385659
0.385673
0.385658
0.385636
0.385723
0.385714
0.3857
0.385645
0.385702
0.385703
0.385755
0.38574
0.385778
0.385729
0.385678
0.385679
0.385613
0.385645
0.385594
0.385592
0.385603
0.385563
0.385598
0.385628
0.385603
0.385509
0.385444
0.385395
0.385346
0.38528
0.385272
0.385331
0.385339
0.385336
0.385358
0.385336
0.385304
0.385264
0.385294
0.38542
0.385418
0.385452
0.385479
0.385508
0.385509
0.385554
0.38554
0.385508
0.385458
0.385474
0.385502
0.385609
0.385541
0.385562
0.385573
0.385529
0.385546
0.385498
0.385541
0.385513
0.385498
0.385482
0.385433
0.385486
0.385459
0.385551
0.385528
0.385548
0.385541
0.38556
0.385632
0.385656
0.385591
0.385563
0.385612
0.385573
0.385603
0.385615
0.385655
0.38566
0.385657
0.385729
0.385726
0.385684
0.385631
0.385678
0.385698
0.385748
0.385743
0.385684
0.385706
0.385663
0.385632
0.385644
0.385639
0.385525
0.385534
0.385516
0.385538
0.385572
0.385572
0.385528
0.385492
0.385476
0.385501
0.385528
0.38551
0.385513
0.385482
0.385459
0.385487
0.385489
0.385401
0.385415
0.385428
0.385487
0.385552
0.385581
0.385559
0.3856
0.38559
0.385533
0.385507
0.385547
0.385538
0.385612
0.385675
0.385695
0.385623
0.385667
0.385624
0.385582
0.38555
0.385523
0.385519
0.385496
0.385484
0.385463
0.385399
0.38544
0.385453
0.385422
0.385368
0.385456
0.385437
0.385436
0.385441
0.385447
0.385444
0.385459
0.385495
0.385509
0.385513
0.385519
0.385472
0.38544
0.385466
0.385438
0.385374
0.385404
0.385374
0.385387
0.385244
0.385225
0.38527
0.385287
0.385281
0.385291
0.385303
0.385327
0.385319
0.385322
0.385318
0.385356
0.385394
0.385477
0.385494
0.385526
0.385501
0.385462
0.385449
0.385476
0.385443
0.385433
0.385415
0.385444
0.385411
0.385382
0.38541
0.385411
0.385373
0.385366
0.385422
0.385416
0.385409
0.385435
0.385474
0.385432
0.385373
0.385317
0.385304
0.385277
0.385282
0.385327
0.385384
0.385395
0.385442
0.385463
0.385417
0.385426
0.385382
0.385393
0.385439
0.385456
0.385503
0.385545
0.385596
0.385572
0.385581
0.385529
0.385501
0.385453
0.385489
0.385499
0.385428
0.385415
0.385424
0.385471
0.385489
0.385509
0.385547
0.385526
0.38552
0.385532
0.385512
0.385545
0.38553
0.385542
0.385583
0.385612
0.385651
0.385705
0.385717
0.385652
0.385624
0.385657
0.385707
0.385644
0.38563
0.385583
0.385472
0.385472
0.385459
0.385502
0.385468
0.3854
0.385439
0.385433
0.385474
0.385437
0.385422
0.385451
0.385423
0.385472
0.385447
0.385461
0.385506
0.385496
0.385464
0.385489
0.385534
0.385504
0.385551
0.385563
0.385524
0.385575
0.38555
0.385621
0.385602
0.38565
0.385656
0.385652
0.385622
0.385618
0.385522
0.385495
0.385454
0.385507
0.385525
0.385485
0.385477
0.385524
0.3855
0.385522
0.385495
0.385558
0.385595
0.385585
0.385635
0.385655
0.385639
0.385628
0.385698
0.385629
0.38563
0.385645
0.385674
0.385673
0.385735
0.385711
0.385714
0.385706
0.385724
0.38576
0.385777
0.385812
0.385832
0.38583
0.385815
0.385819
0.385758
0.385793
0.385752
0.385792
0.385772
0.385799
0.385726
0.385701
0.385728
0.385758
0.385743
0.385714
0.385691
0.385686
0.385744
0.385758
0.385768
0.385764
0.385766
0.385784
0.385773
0.385738
0.385698
0.385714
0.385726
0.385729
0.385719
0.385739
0.385739
0.385756
0.385664
0.38564
0.385594
0.385573
0.385564
0.385628
0.385623
0.385674
0.385675
0.385653
0.385649
0.385664
0.385697
0.385723
0.385733
0.385779
0.385793
0.385808
0.38578
0.385856
0.385836
0.385755
0.385716
0.385709
0.385734
0.385729
0.385709
0.385727
0.38575
0.385739
0.385711
0.385629
0.385675
0.385697
0.385727
0.385739
0.385777
0.385752
0.385789
0.385775
0.385728
0.385726
0.385696
0.385675
0.385683
0.385588
0.385595
0.385605
0.385654
0.385621
0.38564
0.385716
0.385708
0.385803
0.385785
0.385717
0.385774
0.385771
0.385758
0.38577
0.385782
0.385856
0.385815
0.385831
0.385859
0.385872
0.385947
0.385956
0.386003
0.386004
0.38602
0.386035
0.386064
0.386052
0.38611
0.386043
0.38605
0.386043
0.385972
0.386019
0.386003
0.38598
0.385973
0.385999
0.385966
0.385988
0.386003
0.385973
0.385974
0.38593
0.385898
0.385841
0.385775
0.385797
0.385762
0.38577
0.385741
0.385763
0.385801
0.38577
0.385777
0.385781
0.385778
0.385801
0.385757
0.38573
0.385757
0.38571
0.385676
0.385639
0.385643
0.385649
0.385593
0.385527
0.385528
0.385548
0.385554
0.385563
0.385553
0.385533
0.38556
0.385583
0.385564
0.385567
0.385552
0.385552
0.385538
0.385492
0.385455
0.385429
0.385433
0.385498
0.385519
0.385465
0.385472
0.385494
0.385487
0.385527
0.385563
0.385596
0.385643
0.385703
0.385718
0.385751
0.385771
0.38577
0.385723
0.385734
0.385779
0.38579
0.385822
0.385806
0.385809
0.38583
0.385837
0.385826
0.385807
0.385767
0.3857
0.38569
0.38563
0.385632
0.385606
0.385612
0.385619
0.385637
0.385661
0.385645
0.385653
0.385599
0.38556
0.385562
0.385564
0.385531
0.385524
0.385522
0.385507
0.385496
0.38543
0.38543
0.385431
0.385419
0.385358
0.385326
0.3853
0.385285
0.385313
0.385327
0.385359
0.385381
0.385437
0.385414
0.385376
0.3854
0.385441
0.385433
0.385419
0.385416
0.385398
0.385417
0.3854
0.385333
0.385311
0.385299
0.385241
0.385221
0.385234
0.385255
0.385266
0.385242
0.385271
0.385267
0.385277
0.385327
0.385327
0.38532
0.385351
0.385384
0.385382
0.385425
0.385415
0.385455
0.385495
0.38551
0.385491
0.385455
0.385427
0.385436
0.385418
0.385422
0.385463
0.385478
0.385409
0.385366
0.385377
0.385387
0.385367
0.385319
0.385318
0.385304
0.385288
0.385305
0.385275
0.385268
0.385265
0.385261
0.385224
0.385235
0.385191
0.385176
0.385141
0.385089
0.38508
0.385053
0.385071
0.385043
0.385052
0.385067
0.385078
0.385086
0.385074
0.385096
0.385065
0.385132
0.385149
0.385141
0.385142
0.385159
0.385183
0.385184
0.385201
0.385187
0.385137
0.385161
0.385164
0.385186
0.385184
0.385189
0.385201
0.385269
0.385295
0.385338
0.385315
0.385339
0.385273
0.385271
0.385258
0.385265
0.385244
0.385267
0.385232
0.385245
0.385229
0.385206
0.385211
0.38522
0.385247
0.385234
0.385227
0.385201
0.385234
0.385235
0.385211
0.385181
0.38517
0.385192
0.38527
0.385289
0.385298
0.385335
0.385294
0.385322
0.385329
0.385301
0.385292
0.385274
0.385251
0.385226
0.385207
0.385203
0.385195
0.385195
0.385143
0.385163
0.385193
0.385177
0.385186
0.385195
0.385237
0.385228
0.385202
0.38522
0.385218
0.385221
0.385223
0.385234
0.385231
0.385243
0.385249
0.385208
0.385246
0.385269
0.385251
0.385269
0.385234
0.385265
0.385258
0.385259
0.385326
0.385302
0.385314
0.385313
0.385305
0.385283
0.385234
0.38521
0.385173
0.385154
0.385129
0.385094
0.38508
0.385092
0.385124
0.38512
0.385116
0.385128
0.385137
0.385156
0.385176
0.385174
0.385138
0.385137
0.385128
0.385131
0.385158
0.385159
0.385164
0.38515
0.385147
0.385111
0.385111
0.385087
0.385086
0.385032
0.38502
0.385055
0.385044
0.385087
0.385111
0.385046
0.385002
0.385027
0.385063
0.385056
0.385084
0.385081
0.385088
0.385094
0.385096
0.385102
0.385117
0.385102
0.38509
0.385054
0.38508
0.385079
0.385052
0.385077
0.385064
0.385048
0.385096
0.385104
0.385057
0.385076
0.385082
0.385069
0.385105
0.385123
0.385182
0.385177
0.38516
0.385163
0.385216
0.385216
0.38518
0.385226
0.385232
0.385221
0.38524
0.385233
0.385231
0.385237
0.385263
0.38527
0.385239
0.385229
0.385234
0.385268
0.385244
0.385262
0.385262
0.385311
0.38533
0.385318
0.385305
0.385315
0.385311
0.385318
0.385344
0.38538
0.38536
0.385368
0.385363
0.385312
0.385324
0.385308
0.385308
0.385341
0.385342
0.385379
0.385415
0.385416
0.385424
0.385413
0.385382
0.385423
0.385407
0.385416
0.385382
0.385392
0.38539
0.385413
0.385436
0.385457
0.385475
0.385481
0.385498
0.385525
0.385518
0.385485
0.385457
0.385423
0.385376
0.385375
0.385306
0.385294
0.385292
0.385307
0.385281
0.385299
0.385228
0.38521
0.385198
0.385204
0.385176
0.385132
0.385116
0.385101
0.385085
0.385115
0.385117
0.385142
0.385183
0.385225
0.38521
0.385207
0.385273
0.385289
0.385305
0.385302
0.385331
0.385321
0.385305
0.385282
0.385259
0.385244
0.38523
0.385228
0.385274
0.385264
0.385285
0.385329
0.385346
0.385338
0.385314
0.385304
0.385302
0.385309
0.385285
0.385303
0.385312
0.385293
0.385319
0.38529
0.385275
0.385235
0.385202
0.385203
0.385205
0.385206
0.385184
0.385166
0.385208
0.385196
0.385173
0.385181
0.385187
0.385157
0.385193
0.385201
0.385212
0.385226
0.385213
0.385234
0.385235
0.385229
0.385205
0.385214
0.385205
0.385201
0.385165
0.385182
0.385218
0.385232
0.38521
0.385195
0.385189
0.385212
0.385205
0.385236
0.385212
0.385199
0.385224
0.385222
0.385193
0.385227
0.385225
0.385185
0.385178
0.385192
0.385216
0.385233
0.385256
0.385208
0.385187
0.385172
0.385182
0.385238
0.385223
0.385254
0.385256
0.385221
0.385224
0.385239
0.385248
0.385274
0.385241
0.38524
0.385242
0.385236
0.385253
0.385254
0.385243
0.385266
0.385265
0.38528
0.385309
0.385319
0.385316
0.385331
0.385361
0.385367
0.385378
0.385398
0.385383
0.385395
0.385372
0.385383
0.385383
0.385388
0.38538
0.385367
0.385356
0.385376
0.385387
0.385422
0.385446
0.385445
0.385426
0.385413
0.385418
0.385408
0.38538
0.385334
0.385335
0.385307
0.385309
0.385265
0.385283
0.385323
0.385315
0.385301
0.385299
0.385287
0.385281
0.385272
0.385289
0.385284
0.385265
0.385312
0.385328
0.385384
0.385405
0.385381
0.385353
0.385337
0.385343
0.385346
0.385339
0.385368
0.385382
0.385407
0.385399
0.385369
0.385344
0.385347
0.385323
0.385314
0.385285
0.385269
0.38528
0.385258
0.385245
0.385259
0.385236
0.385245
0.385244
0.385255
0.385213
0.385211
0.385195
0.385232
0.385209
0.385252
0.385286
0.385281
0.385288
0.385248
0.385228
0.385204
0.385204
0.385198
0.385223
0.385217
0.385191
0.385164
0.385135
0.385155
0.385146
0.385166
0.385121
0.385119
0.385101
0.385094
0.385112
0.385128
0.385118
0.385125
0.385129
0.385092
0.385078
0.385114
0.385133
0.385153
0.385149
0.385158
0.385145
0.385159
0.385181
0.385197
0.385198
0.385223
0.38526
0.385291
0.385288
0.385316
0.385289
0.385286
0.385288
0.385278
0.385306
0.385322
0.385294
0.385276
0.385299
0.385313
0.385304
0.385305
0.385288
0.385276
0.385304
0.385322
0.385336
0.385335
0.385351
0.38534
0.385333
0.385328
0.38533
0.385306
0.385326
0.385295
0.385301
0.385304
0.385297
0.385267
0.385264
0.385244
0.385203
0.385199
0.385169
0.385163
0.385162
0.385193
0.385205
0.385227
0.385249
0.385258
0.38529
0.385323
0.385307
0.385325
0.385301
0.38526
0.385281
0.385274
0.385284
0.385286
0.385261
0.385252
0.385187
0.385204
0.385191
0.385208
0.385188
0.385189
0.385202
0.38518
0.385183
0.385204
0.385175
0.385164
0.385163
0.385205
0.3852
0.385177
0.385182
0.38521
0.385196
0.385235
0.385266
0.385311
0.385335
0.385325
0.385318
0.385327
0.38533
0.385294
0.385284
0.3853
0.385328
0.385316
0.385323
0.385341
0.385368
0.385359
0.385399
0.385416
0.38543
0.385412
0.385397
0.385382
0.385381
0.385377
0.385369
0.385343
0.385346
0.385349
0.385335
0.385345
0.38534
0.385332
0.385347
0.385376
0.385381
0.385381
0.385386
0.385397
0.385384
0.385387
0.385414
0.38544
0.385471
0.385434
0.385436
0.385426
0.385429
0.385436
0.385435
0.385416
0.385396
0.385386
0.385375
0.385362
0.385351
0.385312
0.38531
0.385312
0.38529
0.3853
0.385306
0.385311
0.385281
0.385272
0.385251
0.385238
0.38525
0.385261
0.385256
0.385266
0.385244
0.385208
0.385235
0.385235
0.385234
0.385231
0.385256
0.385244
0.385246
0.385241
0.385229
0.385241
0.385219
0.385223
0.385201
0.385191
0.385192
0.385187
0.385195
0.385206
0.385233
0.385261
0.385253
0.385302
0.385314
0.385301
0.385348
0.385352
0.385378
0.385377
0.38537
0.385358
0.385401
0.385395
0.385391
0.385387
0.385388
0.385334
0.385354
0.385348
0.385369
0.385382
0.38538
0.385421
0.385467
0.385515
0.38553
0.385569
0.385573
0.385572
0.385588
0.385605
0.385618
0.385619
0.385601
0.385589
0.385601
0.385573
0.38556
0.385539
0.385555
0.385585
0.385615
0.385603
0.385606
0.385588
0.385565
0.385575
0.385599
0.385589
0.385573
0.38553
0.385518
0.38553
0.385571
0.385591
0.385612
0.385609
0.385651
0.38564
0.385653
0.385664
0.385662
0.385659
0.385661
0.385658
0.385644
0.385641
0.385649
0.385639
0.38566
0.385679
0.385687
0.385706
0.385713
0.385674
0.385692
0.385668
0.385667
0.385676
0.385684
0.385689
0.385696
0.385699
0.385695
0.385699
0.385715
0.38573
0.385729
0.385726
0.385723
0.385715
0.385689
0.385664
0.385638
0.385628
0.385631
0.385629
0.385659
0.385677
0.385696
0.38567
0.385657
0.385664
0.385688
0.385688
0.385696
0.385686
0.385704
0.385685
0.385713
0.385739
0.385753
0.385745
0.38574
0.385731
0.385717
0.385696
0.385688
0.385687
0.385665
0.385659
0.385692
0.385694
0.385707
0.385744
0.38573
0.385721
0.385727
0.385721
0.385718
0.385779
0.385783
0.385784
0.385779
0.385746
0.385751
0.385774
0.385765
0.385761
0.385761
0.385771
0.385763
0.385758
0.385764
0.385788
0.385761
0.385754
0.385728
0.385744
0.385717
0.385721
0.385728
0.385741
0.385762
0.385761
0.385745
0.385739
0.385732
0.385706
0.385702
0.38569
0.385689
0.385658
0.38565
0.385652
0.385669
0.3857
0.385699
0.385698
0.385685
0.385669
0.385691
0.385707
0.385728
0.385692
0.385698
0.385708
0.385677
0.385651
0.385641
0.385652
0.385659
0.385674
0.385671
0.385688
0.385682
0.385667
0.385666
0.385646
0.385614
0.385607
0.385625
0.385598
0.385561
0.385544
0.385531
0.385547
0.3855
0.38549
0.38552
0.385521
0.385518
0.385538
0.385527
0.385517
0.385534
0.385543
0.385547
0.385553
0.38556
0.385539
0.385543
0.385538
0.385547
0.38557
0.385567
0.385576
0.385586
0.385588
0.385604
0.385597
0.385607
0.385636
0.385625
0.385628
0.385646
0.385633
0.385624
0.385612
0.385594
0.385606
0.3856
0.385597
0.385595
0.385591
0.385579
0.385558
0.385547
0.385541
0.385551
0.385561
0.385555
0.385557
0.385557
0.385513
0.385541
0.385553
0.385554
0.385568
0.385582
0.385591
0.385588
0.385583
0.385582
0.385612
0.385612
0.38559
0.385563
0.385558
0.385572
0.385591
0.385618
0.385616
0.385607
0.385591
0.385536
0.385526
0.385519
0.385537
0.385517
0.385529
0.385528
0.385535
0.385529
0.385523
0.385513
0.385496
0.385512
0.385533
0.385542
0.385543
0.385557
0.38558
0.385595
0.385564
0.385549
0.385534
0.385524
0.385523
0.385526
0.385522
0.385531
0.385508
0.385484
0.385503
0.385502
0.385479
0.38547
0.385452
0.385461
0.385465
0.385486
0.385493
0.385471
0.385483
0.385493
0.385506
0.385498
0.385474
0.385482
0.385495
0.385492
0.385491
0.385455
0.385428
0.38544
0.385428
0.385404
0.385396
0.385409
0.385428
0.385414
0.385387
0.385402
0.3854
0.385419
0.385417
0.385398
0.385389
0.385383
0.385379
0.385369
0.385374
0.385341
0.385356
0.385342
0.385348
0.385354
0.385361
0.38536
0.385394
0.385389
0.385377
0.385378
0.385369
0.385369
0.385366
0.385323
0.385285
0.385304
0.385301
0.385317
0.385304
0.38534
0.385325
0.385362
0.385374
0.385371
0.385362
0.385378
0.385372
0.385375
0.385383
0.385379
0.385367
0.38538
0.385393
0.385379
0.385383
0.385369
0.385371
0.38537
0.385372
0.385369
0.385367
0.385374
0.385346
0.385312
0.3853
0.385282
0.385269
0.385283
0.385301
0.385295
0.385307
0.385311
0.38531
0.385318
0.385336
0.385334
0.385328
0.385344
0.385307
0.385312
0.38531
0.385312
0.385285
0.385297
0.385279
0.385288
0.385278
0.385278
0.385296
0.385302
0.385293
0.385294
0.385285
0.385283
0.385257
0.385248
0.385245
0.385228
0.385208
0.385204
0.385198
0.385194
0.385189
0.385205
0.385216
0.385259
0.385265
0.385284
0.385293
0.385296
0.385305
0.385327
0.385347
0.385373
0.385383
0.385369
0.385369
0.38537
0.385365
0.38535
0.385336
0.385348
0.385378
0.385377
0.385381
0.385361
0.385356
0.385345
0.385334
0.385371
0.385341
0.38534
0.385358
0.385373
0.385358
0.385328
0.385309
0.385328
0.385318
0.385342
0.385352
0.385336
0.385338
0.385334
0.385333
0.38533
0.385325
0.38532
0.385313
0.385316
0.385341
0.385365
0.385376
0.385388
0.385396
0.385386
0.385333
