0.05
0.218935
0.244186
0.188034
0.235294
0.256831
0.23937
0.267857
0.263415
0.278523
0.291841
0.301075
0.309833
0.300347
0.312092
0.323461
0.322173
0.315565
0.317599
0.321824
0.323899
0.323226
0.325731
0.316798
0.309913
0.306884
0.298886
0.299263
0.30019
0.303267
0.30121
0.299826
0.301433
0.30082
0.299602
0.301828
0.302158
0.299038
0.302106
0.301632
0.301422
0.301083
0.305583
0.306744
0.30538
0.305538
0.307293
0.303657
0.302995
0.303057
0.301807
0.298138
0.296236
0.298523
0.301633
0.298993
0.301144
0.300075
0.300296
0.299635
0.299305
0.300331
0.301328
0.301908
0.30193
0.300784
0.301104
0.30307
0.304516
0.304959
0.304824
0.306686
0.305196
0.306168
0.309291
0.309843
0.312257
0.312212
0.309808
0.310176
0.310901
0.309241
0.309902
0.307472
0.308605
0.308177
0.308798
0.308562
0.309528
0.308838
0.308838
0.310576
0.311499
0.310781
0.312104
0.311792
0.310436
0.311758
0.312738
0.311384
0.311018
0.312519
0.311415
0.310114
0.309246
0.308624
0.308888
0.308339
0.310905
0.310146
0.311759
0.310466
0.3093
0.30948
0.310122
0.311178
0.311966
0.312066
0.310657
0.309786
0.310379
0.31074
0.309727
0.309787
0.309359
0.307395
0.306569
0.305849
0.307104
0.306139
0.30607
0.306852
0.306972
0.308111
0.306652
0.305857
0.30471
0.306215
0.306579
0.305761
0.30697
0.306967
0.306505
0.307302
0.30724
0.306586
0.305671
0.304817
0.306202
0.306717
0.306629
0.305617
0.305254
0.305795
0.306942
0.305855
0.306735
0.305732
0.305215
0.304547
0.303857
0.304266
0.304519
0.305039
0.30389
0.304763
0.305944
0.304908
0.30385
0.303014
0.302982
0.303506
0.304943
0.304588
0.305187
0.305823
0.305668
0.305544
0.307096
0.307275
0.307433
0.307879
0.307789
0.308146
0.30864
0.30835
0.308265
0.308137
0.308204
0.308313
0.309317
0.310287
0.310268
0.310105
0.310364
0.31078
0.309823
0.309328
0.309018
0.309679
0.310028
0.309408
0.308707
0.308911
0.308762
0.307807
0.307298
0.306396
0.307047
0.307281
0.306533
0.306254
0.30634
0.305556
0.304351
0.304533
0.305272
0.304648
0.303911
0.304226
0.304889
0.304273
0.30364
0.303089
0.303055
0.302805
0.301972
0.301762
0.302493
0.302576
0.302194
0.301115
0.30031
0.300782
0.301119
0.30054
0.299838
0.299961
0.30027
0.299558
0.299037
0.298698
0.298754
0.29883
0.299198
0.299513
0.299956
0.29966
0.299661
0.299067
0.299627
0.300476
0.299945
0.299855
0.300301
0.300372
0.300132
0.300435
0.300795
0.301389
0.301154
0.301746
0.301185
0.300494
0.301014
0.30052
0.300356
0.300212
0.300433
0.301283
0.30203
0.30231
0.303154
0.303205
0.302782
0.302576
0.303646
0.303936
0.303418
0.302848
0.303262
0.303821
0.303451
0.303263
0.302838
0.303162
0.302503
0.301994
0.301695
0.301881
0.301097
0.301409
0.30164
0.301567
0.302051
0.301349
0.301598
0.301649
0.30205
0.30217
0.301938
0.301674
0.301481
0.301199
0.300812
0.301331
0.301804
0.301847
0.301607
0.301056
0.300756
0.30099
0.30136
0.301562
0.301445
0.301427
0.301131
0.301239
0.30096
0.300683
0.300877
0.301314
0.301148
0.301396
0.301402
0.301458
0.301661
0.30137
0.301529
0.301003
0.300298
0.299759
0.299182
0.298976
0.298619
0.29834
0.298853
0.299066
0.298646
0.298137
0.298346
0.298657
0.298706
0.298507
0.299026
0.298944
0.298893
0.298803
0.299032
0.298342
0.298637
0.298803
0.298579
0.298517
0.298369
0.29866
0.298997
0.299095
0.298821
0.298996
0.298704
0.29893
0.298524
0.298825
0.298964
0.299364
0.299386
0.299308
0.299214
0.298899
0.298714
0.298668
0.298795
0.298972
0.299333
0.299618
0.299889
0.299653
0.299023
0.29935
0.29936
0.299281
0.299271
0.299639
0.299527
0.299708
0.299351
0.299265
0.299152
0.299343
0.299381
0.29978
0.300388
0.300614
0.300738
0.300693
0.300322
0.300793
0.300718
0.300424
0.300069
0.299939
0.30008
0.300145
0.300156
0.299826
0.3005
0.300332
0.300004
0.300319
0.300959
0.30077
0.300545
0.301012
0.300932
0.30149
0.301501
0.301533
0.301905
0.301753
0.30145
0.301296
0.300904
0.300701
0.300573
0.300134
0.299686
0.299654
0.299145
0.299154
0.299103
0.299323
0.29932
0.299578
0.299288
0.299011
0.298721
0.298628
0.298344
0.2984
0.298121
0.297958
0.298217
0.298155
0.298363
0.29836
0.29783
0.297567
0.297729
0.297662
0.297899
0.297673
0.297342
0.297078
0.296889
0.297166
0.297253
0.297025
0.29661
0.296635
0.296445
0.296648
0.296888
0.297088
0.297214
0.297032
0.296697
0.296904
0.297123
0.297579
0.297267
0.297378
0.297337
0.297189
0.297153
0.297184
0.297241
0.296879
0.296612
0.296877
0.297044
0.297396
0.29704
0.297276
0.297414
0.297061
0.297326
0.297594
0.297398
0.297064
0.29664
0.296513
0.296306
0.296167
0.296045
0.29605
0.295881
0.295938
0.296125
0.295987
0.296223
0.296172
0.296124
0.29607
0.296067
0.295952
0.295995
0.295813
0.296284
0.296163
0.296055
0.296035
0.295983
0.295922
0.295762
0.296103
0.295978
0.295838
0.295806
0.295918
0.29592
0.296266
0.296347
0.296199
0.296324
0.296318
0.296646
0.297029
0.296845
0.296759
0.296954
0.296924
0.296904
0.296968
0.296913
0.296383
0.296548
0.296812
0.29719
0.297201
0.297452
0.297251
0.297555
0.29758
0.2973
0.297555
0.297728
0.297696
0.297857
0.297883
0.29785
0.297821
0.297704
0.297671
0.297647
0.297701
0.297583
0.297663
0.297625
0.297485
0.297697
0.29751
0.297877
0.297922
0.297808
0.297927
0.297985
0.297906
0.297727
0.297746
0.297554
0.297472
0.297833
0.297942
0.298097
0.297944
0.297723
0.297569
0.297496
0.297642
0.297517
0.297423
0.297287
0.296905
0.296704
0.296725
0.296713
0.296676
0.296877
0.296832
0.296727
0.296901
0.297197
0.297233
0.296979
0.296584
0.296362
0.296644
0.296234
0.296058
0.296095
0.296328
0.29642
0.296162
0.296129
0.295721
0.29582
0.29592
0.296053
0.296002
0.295716
0.295334
0.295221
0.295416
0.295553
0.295647
0.295543
0.295687
0.295854
0.295813
0.296043
0.295868
0.295788
0.295678
0.295506
0.29562
0.295442
0.295497
0.295435
0.295424
0.295649
0.295422
0.295487
0.295413
0.295383
0.295159
0.294964
0.295324
0.295451
0.295499
0.295329
0.295555
0.295639
0.29586
0.295636
0.295591
0.29556
0.295397
0.295541
0.295465
0.295713
0.295491
0.295746
0.295736
0.295614
0.295292
0.295002
0.29484
0.294743
0.294783
0.294931
0.294857
0.295187
0.295133
0.295046
0.295067
0.294744
0.294681
0.294826
0.294932
0.294952
0.294642
0.294452
0.294783
0.295164
0.29536
0.295293
0.295273
0.29547
0.295184
0.29537
0.295313
0.295214
0.295412
0.295636
0.295725
0.295511
0.295272
0.295176
0.294828
0.294906
0.294937
0.294968
0.295143
0.29542
0.295833
0.29593
0.296148
0.29644
0.296454
0.296347
0.29662
0.29683
0.296527
0.296609
0.296873
0.297149
0.297263
0.29721
0.297471
0.297649
0.297591
0.297776
0.297872
0.297734
0.297871
0.297742
0.297792
0.297696
0.298038
0.298107
0.298144
0.298276
0.298577
0.298759
0.298801
0.298767
0.298994
0.298957
0.298905
0.298788
0.298913
0.299071
0.299198
0.299307
0.299112
0.299143
0.299478
0.299786
0.299918
0.299724
0.299672
0.299742
0.299852
0.300042
0.300253
0.300226
0.300095
0.300014
0.30005
0.29986
0.299833
0.299612
0.299666
0.299691
0.299765
0.300037
0.299686
0.299845
0.299805
0.299545
0.299685
0.299481
0.299433
0.299389
0.299265
0.29952
0.299456
0.299421
0.299532
0.299426
0.299685
0.299806
0.299618
0.299451
0.2993
0.299447
0.299294
0.299482
0.299378
0.299202
0.299029
0.298876
0.298608
0.298397
0.298726
0.298766
0.298829
0.298662
0.298435
0.2988
0.298651
0.298443
0.298641
0.298567
0.298561
0.29865
0.298757
0.298426
0.298473
0.298699
0.298748
0.298548
0.298525
0.298327
0.298195
0.297997
0.297785
0.297848
0.298028
0.298238
0.298309
0.2981
0.297931
0.297788
0.297877
0.297963
0.29798
0.297847
0.297972
0.297696
0.297883
0.297588
0.297864
0.298078
0.298047
0.298126
0.298205
0.298299
0.298375
0.298168
0.298007
0.297889
0.297966
0.298037
0.297823
0.297582
0.297468
0.297364
0.297115
0.297004
0.296881
0.296807
0.296761
0.296862
0.296765
0.296643
0.296801
0.296646
0.296749
0.29687
0.296945
0.296917
0.297169
0.297016
0.29705
0.297078
0.296849
0.296736
0.296803
0.2968
0.296863
0.296885
0.296588
0.296491
0.296477
0.296245
0.296338
0.296299
0.296061
0.296053
0.296061
0.295966
0.295988
0.295863
0.295702
0.295757
0.295806
0.296027
0.296063
0.296038
0.296146
0.295871
0.295852
0.295727
0.295654
0.295593
0.295596
0.29588
0.295838
0.295977
0.296074
0.295921
0.295999
0.295865
0.295878
0.295918
0.295732
0.295846
0.296047
0.295948
0.296057
0.296114
0.296451
0.296337
0.296157
0.296093
0.296295
0.296364
0.296396
0.296277
0.296269
0.296236
0.296268
0.296289
0.296184
0.29612
0.296107
0.296045
0.295954
0.296218
0.296433
0.296353
0.29625
0.296114
0.296171
0.29601
0.295897
0.2957
0.295696
0.295532
0.295603
0.295589
0.295469
0.295549
0.295537
0.295499
0.295515
0.295479
0.295437
0.295495
0.295716
0.295692
0.295608
0.295643
0.295649
0.295683
0.295735
0.295661
0.295699
0.295674
0.295739
0.295638
0.295638
0.295835
0.29616
0.296197
0.296471
0.296411
0.296476
0.296407
0.296381
0.296537
0.296431
0.296461
0.29644
0.296474
0.296455
0.296334
0.296228
0.296097
0.295973
0.295906
0.295848
0.295789
0.295694
0.295772
0.295745
0.295847
0.295769
0.295726
0.295856
0.296021
0.296095
0.296111
0.296036
0.296054
0.295873
0.295878
0.29587
0.295939
0.295907
0.29609
0.296223
0.296396
0.296296
0.296169
0.296203
0.29613
0.295878
0.295763
0.295674
0.295543
0.295531
0.295406
0.295444
0.295374
0.295571
0.295581
0.295551
0.295521
0.295585
0.295764
0.295831
0.295561
0.295689
0.295791
0.295543
0.295315
0.295325
0.29526
0.295268
0.295318
0.29555
0.295428
0.295677
0.295607
0.295531
0.295533
0.295472
0.295419
0.295578
0.295662
0.295906
0.29592
0.295707
0.295888
0.295857
0.296002
0.295961
0.295976
0.295875
0.295783
0.29585
0.295941
0.296163
0.296192
0.296117
0.296097
0.296039
0.29616
0.296131
0.296084
0.295877
0.295971
0.296185
0.296184
0.29635
0.296503
0.296378
0.296166
0.29598
0.295856
0.29576
0.295788
0.296015
0.296082
0.296073
0.296171
0.296095
0.295891
0.295913
0.296136
0.295939
0.295883
0.295954
0.295987
0.295959
0.296029
0.296026
0.296099
0.296048
0.296109
0.296302
0.296344
0.296311
0.296419
0.296372
0.296495
0.296478
0.296549
0.296632
0.296492
0.296342
0.296373
0.29644
0.296267
0.296334
0.296216
0.29636
0.296475
0.296249
0.296323
0.296214
0.296497
0.296409
0.296328
0.296481
0.296594
0.296591
0.296436
0.296213
0.296228
0.296165
0.296261
0.296385
0.296439
0.296478
0.296566
0.296785
0.296735
0.296676
0.296771
0.296861
0.296814
0.29658
0.29667
0.29676
0.296898
0.296921
0.296834
0.296865
0.296842
0.296891
0.297082
0.297116
0.296955
0.296774
0.296969
0.296773
0.296651
0.296662
0.296709
0.296853
0.296704
0.296731
0.29693
0.297027
0.297071
0.297129
0.296972
0.297013
0.296983
0.296898
0.297056
0.297149
0.297211
0.297151
0.297212
0.29715
0.297003
0.296891
0.297068
0.297011
0.296952
0.296823
0.296807
0.29679
0.296873
0.29691
0.297037
0.297251
0.297373
0.297253
0.297202
0.297012
0.297105
0.29706
0.297163
0.297014
0.296955
0.296838
0.296736
0.296608
0.296753
0.296881
0.296842
0.297038
0.297159
0.297219
0.297118
0.297012
0.296821
0.296794
0.296819
0.29673
0.296755
0.296773
0.296749
0.296638
0.296516
0.296618
0.296546
0.296575
0.296704
0.2966
0.296559
0.296646
0.296679
0.296776
0.29678
0.296837
0.296987
0.296982
0.297135
0.297104
0.297408
0.297613
0.297802
0.297758
0.297785
0.297927
0.297786
0.297936
0.297998
0.298096
0.298216
0.298166
0.298324
0.298184
0.29818
0.298088
0.298259
0.298196
0.298261
0.298069
0.298107
0.298071
0.297848
0.297722
0.297813
0.297739
0.297675
0.297675
0.29784
0.297965
0.298062
0.297991
0.29789
0.297932
0.297832
0.297655
0.297628
0.297792
0.297777
0.297877
0.297875
0.297739
0.297726
0.297799
0.297685
0.297648
0.297589
0.297555
0.297334
0.297468
0.297577
0.297525
0.297446
0.297494
0.297469
0.297545
0.297553
0.297483
0.297444
0.297507
0.297409
0.297325
0.297384
0.297339
0.297355
0.297494
0.297545
0.297761
0.297969
0.297895
0.298028
0.298014
0.297996
0.2979
0.297829
0.29778
0.297815
0.297717
0.297676
0.29773
0.297726
0.297839
0.298032
0.298196
0.298322
0.298359
0.298402
0.298299
0.298361
0.298289
0.298117
0.298223
0.298235
0.298343
0.298376
0.298345
0.298304
0.298066
0.298024
0.298111
0.298241
0.298056
0.297939
0.297943
0.297817
0.297768
0.297653
0.297635
0.297652
0.2978
0.297794
0.297861
0.297787
0.297732
0.297738
0.297674
0.297729
0.297594
0.29748
0.297409
0.297363
0.297249
0.297059
0.297187
0.297041
0.296984
0.296853
0.296926
0.296974
0.29716
0.297195
0.297268
0.297389
0.297383
0.297325
0.297181
0.2971
0.297056
0.297101
0.296977
0.297083
0.297209
0.29706
0.297141
0.29715
0.297007
0.296949
0.297022
0.296982
0.296844
0.296757
0.296695
0.29671
0.296806
0.29675
0.296784
0.296848
0.296722
0.296752
0.296708
0.296756
0.296857
0.296916
0.296923
0.296893
0.296892
0.29689
0.296881
0.296932
0.296904
0.296835
0.296792
0.296716
0.296769
0.296707
0.296688
0.296619
0.296498
0.296597
0.296579
0.296721
0.296695
0.296631
0.296612
0.296502
0.296463
0.296341
0.296295
0.296209
0.296135
0.29607
0.296099
0.296374
0.296489
0.296491
0.296649
0.296607
0.296522
0.29657
0.296734
0.296775
0.296657
0.296629
0.296647
0.296585
0.296586
0.296711
0.296692
0.2967
0.296756
0.296733
0.296653
0.296702
0.2966
0.296466
0.29645
0.296369
0.29625
0.29621
0.296266
0.29618
0.29623
0.296184
0.296126
0.296109
0.296073
0.296181
0.296265
0.296297
0.296138
0.296162
0.296235
0.296259
0.296158
0.296165
0.296193
0.29623
0.29616
0.296128
0.296067
0.296047
0.295898
0.295794
0.295799
0.295789
0.295676
0.29572
0.295741
0.295761
0.295711
0.295615
0.295644
0.295538
0.295635
0.295529
0.295493
0.295635
0.295727
0.295747
0.295642
0.295591
0.295556
0.29566
0.295718
0.295895
0.295858
0.295859
0.295799
0.295733
0.295872
0.295905
0.295852
0.295757
0.295586
0.295709
0.295707
0.295697
0.295685
0.295736
0.295719
0.295746
0.295638
0.295691
0.295818
0.295917
0.295859
0.295936
0.295848
0.295837
0.295781
0.295829
0.29579
0.295724
0.295708
0.295724
0.29578
0.295848
0.295819
0.295857
0.29592
0.295981
0.295898
0.295847
0.29576
0.295843
0.295806
0.295808
0.295659
0.29566
0.29569
0.295583
0.295528
0.295536
0.295598
0.295477
0.295432
0.295297
0.295348
0.295306
0.295299
0.295351
0.295294
0.295287
0.295272
0.295234
0.295365
0.295352
0.295292
0.295364
0.295323
0.29528
0.295384
0.295366
0.295364
0.295455
0.295477
0.29539
0.295327
0.295292
0.295329
0.295462
0.295385
0.295374
0.295421
0.295453
0.295396
0.295381
0.29542
0.295318
0.295123
0.295167
0.295262
0.29524
0.295185
0.29517
0.295238
0.295091
0.29516
0.295136
0.295254
0.295165
0.295119
0.295045
0.295057
0.29504
0.295034
0.294985
0.294991
0.295153
0.295052
0.295064
0.295084
0.295166
0.295185
0.295236
0.295376
0.295412
0.295434
0.29547
0.295501
0.295411
0.295471
0.295447
0.295467
0.295512
0.295723
0.295672
0.295608
0.295583
0.295692
0.295626
0.295516
0.295555
0.29563
0.295659
0.295524
0.295553
0.295499
0.295503
0.295555
0.29566
0.295652
0.295625
0.295516
0.295522
0.295626
0.295593
0.295488
0.295556
0.29548
0.295402
0.295493
0.295477
0.295485
0.295456
0.295447
0.295541
0.295448
0.295478
0.295377
0.295314
0.295232
0.295339
0.295298
0.295229
0.295291
0.295272
0.295343
0.295173
0.295213
0.295233
0.295241
0.295172
0.295076
0.29492
0.294835
0.294783
0.294807
0.294788
0.294851
0.294781
0.294737
0.294745
0.294677
0.294724
0.294704
0.294725
0.294697
0.294631
0.294647
0.294634
0.294616
0.294477
0.294397
0.294372
0.294425
0.294347
0.294203
0.294127
0.294008
0.294049
0.294152
0.294094
0.294139
0.294157
0.294076
0.293944
0.293922
0.293872
0.293836
0.29385
0.293881
0.293737
0.293755
0.293919
0.293858
0.2938
0.29388
0.293818
0.29373
0.293669
0.293684
0.293791
0.293913
0.293916
0.29402
0.294061
0.293972
0.294109
0.294165
0.294164
0.294028
0.293915
0.293918
0.293795
0.293747
0.29363
0.293558
0.293431
0.293292
0.293234
0.293217
0.29337
0.293458
0.293589
0.293613
0.293513
0.293523
0.293554
0.293672
0.293601
0.293572
0.293613
0.2937
0.293683
0.293739
0.293795
0.293835
0.293794
0.293752
0.293725
0.293695
0.293828
0.293946
0.293872
0.293998
0.294046
0.2939
0.293797
0.293857
0.293901
0.29379
0.293765
0.293889
0.293888
0.293919
0.293992
0.293878
0.29395
0.293956
0.294011
0.293985
0.294031
0.29404
0.294018
0.294099
0.294106
0.294197
0.294215
0.294286
0.294219
0.294172
0.29408
0.294074
0.294005
0.293961
0.293894
0.293954
0.293969
0.293944
0.293883
0.293839
0.293929
0.293906
0.293914
0.293933
0.294022
0.293981
0.294078
0.293992
0.293973
0.293916
0.293858
0.293897
0.293926
0.293968
0.293884
0.293745
0.293711
0.293646
0.293604
0.293592
0.293622
0.293618
0.29362
0.293537
0.293464
0.293419
0.29342
0.2934
0.293476
0.293413
0.29332
0.293223
0.293157
0.293075
0.293029
0.293114
0.293056
0.29314
0.29316
0.293192
0.293141
0.293184
0.293251
0.293241
0.293283
0.293303
0.293318
0.293371
0.293403
0.293434
0.293362
0.293481
0.293486
0.293601
0.293638
0.293594
0.293554
0.293449
0.293444
0.293563
0.293528
0.293366
0.293562
0.29351
0.293508
0.293441
0.293378
0.293495
0.293435
0.29337
0.293318
0.293399
0.293271
0.293292
0.293412
0.293389
0.293413
0.293426
0.293377
0.29346
0.293434
0.293342
0.293424
0.293486
0.293567
0.293577
0.293507
0.293504
0.293636
0.293724
0.293688
0.293805
0.293739
0.293774
0.293841
0.293979
0.294035
0.294081
0.294046
0.294145
0.294118
0.294121
0.294201
0.294201
0.294134
0.294059
0.294019
0.294053
0.294126
0.294117
0.2941
0.294225
0.294195
0.294216
0.294341
0.294355
0.294338
0.29433
0.294354
0.294375
0.294381
0.294383
0.294453
0.294525
0.294628
0.294703
0.294816
0.294717
0.294642
0.294608
0.294613
0.294586
0.2946
0.294566
0.294594
0.294673
0.294625
0.29454
0.294615
0.294619
0.294545
0.294597
0.294578
0.294501
0.294464
0.294416
0.294422
0.29452
0.294603
0.294536
0.294463
0.29448
0.294504
0.29451
0.294565
0.294465
0.294397
0.294528
0.294598
0.294557
0.294484
0.294529
0.294455
0.294425
0.294411
0.294425
0.294448
0.294372
0.294439
0.294435
0.294387
0.294313
0.294404
0.29441
0.294333
0.294234
0.294251
0.294127
0.294118
0.29408
0.29407
0.294001
0.293988
0.293933
0.293854
0.293841
0.29389
0.293896
0.293889
0.29388
0.29388
0.293877
0.293852
0.293813
0.293708
0.293781
0.293759
0.293839
0.293769
0.293738
0.293613
0.293677
0.293718
0.293839
0.293925
0.293979
0.293955
0.293912
0.293956
0.293977
0.293988
0.294033
0.294004
0.293923
0.293945
0.293909
0.293966
0.293873
0.293851
0.293852
0.293841
0.293779
0.293678
0.293688
0.293684
0.293628
0.29363
0.293593
0.293565
0.293559
0.293585
0.293492
0.293467
0.293553
0.293633
0.293733
0.29374
0.293743
0.293818
0.293736
0.293756
0.293729
0.293794
0.293904
0.293891
0.293927
0.293923
0.293943
0.293979
0.294044
0.294004
0.293936
0.293906
0.293866
0.29384
0.293814
0.29379
0.293739
0.29372
0.293717
0.29382
0.293725
0.293635
0.293581
0.293592
0.293516
0.293525
0.29354
0.293579
0.29363
0.293579
0.293691
0.293603
0.293638
0.29363
0.293552
0.293539
0.293587
0.293555
0.293543
0.293601
0.293529
0.293545
0.293647
0.293647
0.293599
0.293576
0.293559
0.293595
0.29353
0.293528
0.293631
0.293603
0.293593
0.293541
0.293571
0.29355
0.293559
0.293597
0.293593
0.293543
0.293448
0.293431
0.293417
0.293389
0.2935
0.29345
0.293543
0.293576
0.293566
0.293655
0.29367
0.29376
0.293824
0.29388
0.2939
0.29403
0.294041
0.29399
0.294096
0.294076
0.294171
0.294071
0.293999
0.294132
0.294115
0.294096
0.294094
0.29412
0.294126
0.294245
0.294195
0.294229
0.294317
0.29434
0.294214
0.294288
0.294223
0.294299
0.294237
0.294359
0.294395
0.294363
0.294366
0.294316
0.294243
0.294177
0.294082
0.294002
0.294008
0.293915
0.294033
0.294081
0.294142
0.294121
0.294095
0.294091
0.294109
0.294151
0.294056
0.294029
0.294121
0.294119
0.294095
0.294135
0.294248
0.294279
0.294299
0.294277
0.294285
0.294414
0.29445
0.294525
0.294453
0.294498
0.29446
0.294507
0.29453
0.29451
0.294469
0.294381
0.294312
0.294282
0.294259
0.294261
0.294219
0.294271
0.294305
0.294373
0.294403
0.29437
0.294319
0.294276
0.294164
0.294183
0.294202
0.294172
0.294115
0.294004
0.294015
0.29396
0.293941
0.293921
0.293852
0.293965
0.293939
0.293901
0.293893
0.293798
0.293719
0.293647
0.293699
0.293779
0.293735
0.293754
0.293782
0.293728
0.293778
0.293762
0.293668
0.293582
0.293606
0.29368
0.29373
0.293798
0.293741
0.293772
0.29375
0.293812
0.293877
0.293869
0.293758
0.29377
0.293829
0.293788
0.293736
0.293743
0.293741
0.293684
0.293685
0.293818
0.293856
0.293836
0.29381
0.293831
0.29381
0.293756
0.293768
0.293752
0.293734
0.293705
0.293754
0.293758
0.293658
0.29363
0.29363
0.293603
0.29356
0.293533
0.293546
0.293616
0.293745
0.293735
0.293769
0.293691
0.293743
0.293768
0.293718
0.293723
0.293754
0.293712
0.293826
0.293916
0.293957
0.293878
0.293812
0.293857
0.293848
0.293838
0.293845
0.293877
0.293912
0.293974
0.294002
0.294005
0.293943
0.293887
0.293934
0.294014
0.294042
0.294059
0.294027
0.29404
0.294072
0.294069
0.29408
0.294094
0.294169
0.294219
0.294254
0.294248
0.294144
0.294072
0.294055
0.294152
0.29427
0.294311
0.29438
0.294358
0.294294
0.294224
0.294301
0.29429
0.29431
0.294342
0.29436
0.29429
0.294279
0.294275
0.294203
0.294182
0.294123
0.294218
0.294311
0.294307
0.2943
0.294285
0.294279
0.294285
0.294241
0.294211
0.294246
0.294191
0.294156
0.294155
0.294102
0.294143
0.294266
0.29419
0.294164
0.294283
0.294213
0.294174
0.294161
0.294225
0.294274
0.294266
0.294224
0.294185
0.294128
0.294133
0.294093
0.294135
0.294182
0.294202
0.294185
0.294162
0.294102
0.294057
0.294092
0.294026
0.293996
0.293976
0.294062
0.294019
0.293945
0.294036
0.294023
0.294044
0.294058
0.294128
0.29415
0.29411
0.294092
0.294111
0.294105
0.294122
0.294142
0.294134
0.294145
0.294165
0.294197
0.294168
0.294245
0.294215
0.294224
0.294269
0.294218
0.294207
0.294301
0.294279
0.294275
0.294288
0.294282
0.294292
0.294329
0.294393
0.294343
0.294206
0.29418
0.294191
0.294198
0.294251
0.294233
0.294189
0.294231
0.294281
0.294293
0.294393
0.294374
0.29449
0.294508
0.294535
0.294527
0.2946
0.29457
0.294627
0.294529
0.294499
0.29448
0.294425
0.294407
0.29445
0.294426
0.29435
0.294396
0.294373
0.294396
0.294344
0.294404
0.294453
0.294514
0.294466
0.29442
0.294388
0.294261
0.294154
0.294166
0.29421
0.294245
0.294222
0.294236
0.294268
0.294352
0.294418
0.294399
0.294345
0.294377
0.294406
0.294371
0.294402
0.294465
0.29451
0.294466
0.294467
0.294476
0.294483
0.294498
0.294404
0.294397
0.294432
0.294351
0.294408
0.294442
0.294368
0.294266
0.294357
0.294434
0.294422
0.294366
0.294306
0.294323
0.294262
0.2943
0.29429
0.294221
0.294274
0.294262
0.294305
0.294227
0.294184
0.294105
0.294147
0.294175
0.294201
0.294175
0.294175
0.294247
0.294248
0.294315
0.29437
0.294412
0.294445
0.294451
0.294509
0.294596
0.294564
0.294619
0.294691
0.294682
0.294701
0.294724
0.294647
0.29465
0.294614
0.294636
0.294559
0.294523
0.294498
0.294444
0.294403
0.294293
0.294261
0.294338
0.294362
0.294307
0.294295
0.294326
0.294276
0.294254
0.294201
0.294206
0.294185
0.294221
0.294206
0.294219
0.294102
0.294156
0.294128
0.294111
0.294007
0.293931
0.293953
0.293945
0.29388
0.293879
0.293925
0.293945
0.293974
0.293972
0.293948
0.293913
0.293936
0.293929
