0.380435
0.363128
0.375912
0.395161
0.393407
0.391144
0.394322
0.397775
0.384139
0.393709
0.395706
0.39272
0.385036
0.383234
0.381568
0.384202
0.383831
0.383533
0.388591
0.386495
0.388133
0.397024
0.394842
0.392936
0.397012
0.395469
0.39632
0.393998
0.39547
0.397879
0.400089
0.399306
0.398477
0.398434
0.397436
0.396471
0.399237
0.399401
0.399488
0.399573
0.40132
0.401218
0.399537
0.400194
0.401014
0.40087
0.398904
0.396057
0.395253
0.395122
0.391109
0.389089
0.39109
0.388859
0.390539
0.390923
0.391249
0.390408
0.390954
0.389745
0.39087
0.390512
0.391504
0.392623
0.393933
0.395737
0.395621
0.395593
0.396802
0.397841
0.396894
0.397089
0.396797
0.396596
0.395736
0.394859
0.39428
0.394202
0.393024
0.393055
0.391257
0.39027
0.390522
0.390111
0.390163
0.389499
0.389663
0.387374
0.387269
0.38822
0.388798
0.389184
0.389324
0.389161
0.38973
0.390902
0.391822
0.391712
0.392139
0.390827
0.391196
0.391622
0.391191
0.392056
0.392705
0.392706
0.391899
0.391755
0.390501
0.390697
0.390947
0.390973
0.390376
0.390892
0.390721
0.391158
0.391009
0.391172
0.391397
0.391207
0.391261
0.391748
0.393083
0.392896
0.393325
0.393091
0.392904
0.393552
0.39289
0.391971
0.392751
0.393211
0.393984
0.394766
0.394294
0.394731
0.395101
0.394961
0.395944
0.395735
0.396319
0.396279
0.396453
0.396792
0.396668
0.397019
0.397059
0.397157
0.397012
0.397296
0.396913
0.397013
0.396954
0.397188
0.397461
0.397574
0.396775
0.396391
0.397024
0.397304
0.396665
0.397245
0.397133
0.397467
0.396655
0.395963
0.396477
0.396914
0.397344
0.397323
0.397727
0.398042
0.39851
0.398552
0.398108
0.398689
0.399468
0.400034
0.399406
0.39951
0.399093
0.398614
0.398488
0.398347
0.398058
0.397611
0.39746
0.397732
0.39715
0.397545
0.397957
0.397444
0.396985
0.396905
0.396859
0.396701
0.397044
0.396723
0.39668
0.397217
0.397365
0.398101
0.398741
0.398328
0.398171
0.397898
0.398173
0.397858
0.397401
0.397108
0.396874
0.397639
0.397979
0.39776
0.397558
0.397498
0.39741
0.397099
0.39714
0.396735
0.396679
0.396462
0.396722
0.396817
0.397171
0.396598
0.3973
0.397055
0.397188
0.397387
0.39663
0.396567
0.396384
0.396182
0.396653
0.396875
0.397059
0.396789
0.39688
0.396624
0.396715
0.396452
0.396552
0.39698
0.397081
0.397242
0.397552
0.398017
0.398221
0.398667
0.399245
0.398689
0.398718
0.398687
0.398523
0.398709
0.399012
0.398374
0.398381
0.398434
0.398791
0.398995
0.39922
0.399443
0.399492
0.399908
0.399438
0.399361
0.399283
0.399184
0.398746
0.398808
0.39842
0.397867
0.397641
0.397252
0.397381
0.397568
0.397368
0.397147
0.397604
0.39758
0.397525
0.398029
0.398185
0.398426
0.398123
0.398204
0.39856
0.398396
0.398622
0.398396
0.39859
0.399084
0.398963
0.398728
0.398505
0.398325
0.398187
0.398817
0.398769
0.398661
0.398919
0.398811
0.399127
0.39906
0.398983
0.399324
0.398852
0.398609
0.398819
0.399078
0.399385
0.399347
0.399155
0.398839
0.39866
0.398472
0.398257
0.398271
0.398077
0.39814
0.398211
0.39849
0.397856
0.39743
0.397747
0.397538
0.397511
0.397631
0.397952
0.39827
0.398046
0.397787
0.397647
0.397553
0.397623
0.397847
0.398071
0.398256
0.398198
0.398193
0.397967
0.398151
0.398014
0.398002
0.397876
0.398022
0.398272
0.398355
0.398325
0.398365
0.39836
0.398496
0.398267
0.398142
0.398464
0.39864
0.398977
0.399023
0.398829
0.398697
0.398558
0.398806
0.398892
0.39872
0.398849
0.399351
0.399153
0.399271
0.399282
0.399061
0.399006
0.399026
0.399069
0.398892
0.398838
0.39902
0.398981
0.399024
0.399083
0.399342
0.399256
0.399585
0.399355
0.399142
0.39897
0.398649
0.3987
0.398767
0.398464
0.398187
0.398177
0.398788
0.398683
0.398685
0.398634
0.398715
0.398626
0.398882
0.398999
0.399108
0.399095
0.399325
0.399621
0.39929
0.399149
0.398933
0.399145
0.399334
0.399321
0.399404
0.39931
0.399408
0.399764
0.399595
0.399654
0.399721
0.400015
0.400058
0.399832
0.399593
0.399296
0.39919
0.39917
0.398927
0.399023
0.398931
0.399041
0.399258
0.399331
0.399382
0.39932
0.399279
0.399499
0.399528
0.399537
0.399573
0.399336
0.399421
0.399485
0.39966
0.399689
0.399848
0.400007
0.399739
0.39963
0.399596
0.399481
0.399373
0.399082
0.399295
0.399668
0.399365
0.39944
0.399294
0.399476
0.399712
0.399886
0.399873
0.399914
0.399861
0.399728
0.399683
0.399558
0.399671
0.399428
0.399168
0.399196
0.399354
0.399427
0.399681
0.399799
0.399871
0.400058
0.40018
0.400193
0.400314
0.40032
0.400351
0.400389
0.400165
0.400324
0.400285
0.400152
0.400171
0.400384
0.400283
0.400383
0.400521
0.400463
0.400419
0.399975
0.399844
0.39982
0.399734
0.399821
0.399852
0.400068
0.399803
0.399859
0.399878
0.400049
0.400268
0.400615
0.400729
0.400679
0.400599
0.40052
0.400748
0.400548
0.400517
0.400708
0.400629
0.40076
0.4008
0.400924
0.400553
0.400606
0.400735
0.400497
0.400331
0.400153
0.399729
0.399548
0.399871
0.399637
0.399807
0.399732
0.399802
0.399628
0.399728
0.399757
0.399856
0.399729
0.399442
0.399322
0.399415
0.399354
0.399235
0.399168
0.399129
0.399023
0.398946
0.399146
0.399288
0.399493
0.399454
0.39932
0.399322
0.399631
0.399632
0.399588
0.399533
0.399717
0.399618
0.399685
0.399719
0.399758
0.399692
0.399616
0.399616
0.399513
0.399481
0.399308
0.399303
0.399256
0.399192
0.399377
0.3994
0.39939
0.399515
0.399591
0.399694
0.399694
0.399652
0.399744
0.399883
0.399787
0.399723
0.399618
0.399655
0.399428
0.399535
0.399499
0.399173
0.399132
0.398971
0.39902
0.398849
0.398997
0.399014
0.399187
0.399407
0.399476
0.399357
0.399327
0.399365
0.399288
0.399454
0.399424
0.399302
0.399196
0.399253
0.399194
0.399297
0.399379
0.39935
0.399412
0.399453
0.399444
0.399556
0.399919
0.399829
0.399774
0.399895
0.39974
0.39977
0.399855
0.399726
0.399736
0.399772
0.399722
0.399733
0.399733
0.399926
0.400054
0.40002
0.400246
0.400196
0.400162
0.400396
0.400308
0.400522
0.400365
0.400496
0.400636
0.400611
0.400377
0.400174
0.40052
0.400572
0.400735
0.400691
0.400498
0.400483
0.400468
0.400534
0.400428
0.400551
0.400626
0.400706
0.400653
0.400538
0.40049
0.400556
0.400644
0.400807
0.400806
0.400758
0.400752
0.400826
0.400871
0.400953
0.400724
0.400658
0.400643
0.40073
0.40084
0.4007
0.400598
0.400583
0.400564
0.400503
0.400416
0.400233
0.400242
0.400228
0.400145
0.400027
0.400199
0.400317
0.400434
0.400506
0.400464
0.40059
0.400611
0.400731
0.400699
0.400801
0.400755
0.400937
0.400859
0.400792
0.400746
0.400652
0.400664
0.400429
0.400397
0.400481
0.40055
0.400598
0.400531
0.40043
0.400424
0.400507
0.400345
0.4002
0.400226
0.400235
0.400195
0.400095
0.400039
0.399927
0.399935
0.399884
0.40003
0.400017
0.399785
0.399786
0.399837
0.399654
0.39956
0.399702
0.399608
0.39966
0.39969
0.399653
0.399843
0.399937
0.399878
0.399979
0.400206
0.400307
0.40047
0.400423
0.400402
0.400397
0.400417
0.400488
0.400354
0.400237
0.400245
0.400166
0.400153
0.400132
0.40014
0.400136
0.400157
0.400049
0.400058
0.399984
0.400082
0.400266
0.40038
0.400404
0.400363
0.400476
0.400586
0.400532
0.400507
0.400543
0.400473
0.400517
0.400468
0.40052
0.400434
0.40047
0.400337
0.400485
0.40066
0.400568
0.400555
0.400319
0.400251
0.400123
0.400254
0.4004
0.400269
0.400194
0.400304
0.400414
0.400527
0.400578
0.400479
0.400467
0.400537
0.400458
0.400528
0.40071
0.400811
0.400763
0.400715
0.400621
0.400601
0.400612
0.400615
0.400541
0.400741
0.400798
0.400828
0.400803
0.400952
0.400955
0.40095
0.401006
0.400974
0.400965
0.400911
0.400974
0.401088
0.401018
0.401104
0.401053
0.401248
0.401254
0.401249
0.401161
0.40104
0.401118
0.401157
0.401246
0.401391
0.401524
0.401504
0.401588
0.401497
0.401592
0.401545
0.401584
0.401549
0.40154
0.401509
0.401459
0.401427
0.401319
0.401269
0.401301
0.401211
0.401207
0.401283
0.401255
0.401305
0.401231
0.401178
0.401034
0.40088
0.400854
0.400878
0.400975
0.401047
0.401053
0.401109
0.401082
0.400962
0.400917
0.400884
0.400861
0.400774
0.400751
0.400801
0.400757
0.400882
0.401099
0.401037
0.401136
0.401024
0.400884
0.400986
0.401063
0.401062
0.401007
0.401013
0.401058
0.401025
0.401137
0.401117
0.401106
0.401009
0.401064
0.401147
0.401164
0.401082
0.400979
0.401037
0.401015
0.401035
0.401072
0.401123
0.401101
0.4011
0.401089
0.401125
0.401121
0.401043
0.401153
0.401158
0.40127
0.401269
0.401185
0.401105
0.401073
0.40098
0.400876
0.40078
0.400772
0.400781
0.400651
0.40065
0.400646
0.4007
0.400679
0.400603
0.400545
0.400531
0.400544
0.40053
0.400596
0.400576
0.400494
0.40046
0.400446
0.400218
0.400258
0.400328
0.400297
0.400461
0.40048
0.4004
0.400529
0.400518
0.400408
0.400335
0.400497
0.400549
0.400592
0.400617
0.40062
0.400748
0.400773
0.400733
0.40065
0.400659
0.400547
0.400655
0.400706
0.400735
0.400724
0.400772
0.400781
0.4008
0.400773
0.400808
0.400772
0.400748
0.400605
0.400701
0.400665
0.400668
0.400831
0.400853
0.400855
0.400938
0.400889
0.400766
0.400765
0.400736
0.400748
0.400699
0.400673
0.400605
0.400608
0.400486
0.400435
0.400428
0.400475
0.400415
0.400357
0.400351
0.400486
0.400467
0.400327
0.400296
0.400333
0.400311
0.400323
0.400295
0.400498
0.400466
0.400634
0.400705
0.400552
0.400517
0.400582
0.400578
0.400667
0.400779
0.400703
0.400749
0.400798
0.400704
0.400645
0.400838
0.40089
0.400886
0.400805
0.400798
0.400859
0.40075
0.400823
0.400703
0.400593
0.400543
0.400598
0.400734
0.400837
0.4008
0.400905
0.400868
0.400855
0.400766
0.400775
0.400952
0.40096
0.400905
0.400955
0.400918
0.400848
0.40086
0.400871
0.400828
0.400677
0.400686
0.400715
0.400762
0.400743
0.400644
0.400617
0.400628
0.400601
0.400659
0.400644
0.400679
0.400557
0.400609
0.400694
0.40072
0.40067
0.400787
0.400668
0.400656
0.400664
0.400784
0.400727
0.400756
0.400822
0.400912
0.400932
0.400916
0.400889
0.400728
0.400707
0.40077
0.400834
0.400804
0.400786
0.400776
0.400888
0.400951
0.400991
0.40088
0.400883
0.400911
0.40095
0.401016
0.400951
0.401051
0.400984
0.400972
0.401057
0.401053
0.401072
0.401005
0.400961
0.40092
0.400877
0.400876
0.400855
0.400902
0.401024
0.401099
0.401158
0.401142
0.401135
0.401041
0.401057
0.401025
0.400974
0.400967
0.40091
0.400994
0.401152
0.401129
0.401187
0.401169
0.401324
0.401359
0.401327
0.401309
0.401244
0.40131
0.401309
0.401333
0.401312
0.401245
0.401185
0.401193
0.401228
0.401213
0.401167
0.401142
0.401083
0.401013
0.401018
0.40106
0.401104
0.401072
0.40103
0.401144
0.401097
0.401006
0.40094
0.401061
0.401017
0.401043
0.401083
0.400914
0.400886
0.400812
0.400754
0.400707
0.400728
0.400739
0.40076
0.400789
0.400788
0.40076
0.400821
0.40081
0.400877
0.400973
0.400934
0.400872
0.400893
0.400887
0.400862
0.400893
0.400911
0.400942
0.401072
0.401031
0.40115
0.401181
0.401284
0.401309
0.401406
0.401379
0.401494
0.401453
0.401529
0.401538
0.401476
0.401493
0.401434
0.401473
0.401535
0.401602
0.401672
0.401696
0.401729
0.401691
0.40154
0.401578
0.401573
0.401517
0.401505
0.401449
0.401388
0.401382
0.401422
0.40132
0.401246
0.40138
0.401379
0.401323
0.401265
0.401227
0.401177
0.401114
0.401095
0.400984
0.400973
0.400866
0.400873
0.400842
0.40068
0.400705
0.400722
0.400796
0.400808
0.400779
0.400763
0.400783
0.400769
0.400751
0.400669
0.400646
0.400597
0.400586
0.400575
0.400501
0.400463
0.400394
0.40045
0.40054
0.400542
0.400529
0.400556
0.400574
0.400523
0.400477
0.400424
0.400477
0.400509
0.400493
0.400383
0.400403
0.400347
0.400327
0.400292
0.400336
0.400346
0.400346
0.400338
0.400301
0.400261
0.40027
0.400228
0.400275
0.400163
0.400114
0.400089
0.400114
0.400035
0.400081
0.399943
0.40001
0.399995
0.400017
0.400032
0.400025
0.400088
0.400115
0.400213
0.400174
0.4001
0.400095
0.400034
0.400029
0.400066
0.40009
0.400126
0.400155
0.400017
0.399961
0.399886
0.400002
0.400119
0.400126
0.400123
0.400101
0.400118
0.400166
0.400118
0.400115
0.400024
0.399993
0.399935
0.399911
0.399815
0.399794
0.39984
0.399804
0.399723
0.399759
0.399652
0.3997
0.399728
0.399681
0.399581
0.399632
0.399658
0.399713
0.399746
0.399749
0.399837
0.399726
0.399707
0.39979
0.399769
0.399818
0.399793
0.399852
0.399819
0.399781
0.399812
0.399765
0.399672
0.39959
0.399564
0.399539
0.399609
0.399703
0.39978
0.399739
0.399774
0.399778
0.399853
0.399811
0.399767
0.399689
0.399717
0.399684
0.399624
0.399643
0.399692
0.399695
0.399674
0.399508
0.399515
0.399515
0.399479
0.399355
0.399326
0.399338
0.399326
0.399327
0.399341
0.399328
0.39928
0.399398
0.399384
0.399362
0.399337
0.399278
0.399306
0.399261
0.399223
0.399244
0.399229
0.399272
0.399148
0.399162
0.399188
0.399132
0.39918
0.399185
0.399319
0.399365
0.399381
0.399334
0.399362
0.399358
0.399408
0.399376
0.399343
0.399281
0.399171
0.399136
0.399148
0.399117
0.399169
0.399165
0.399119
0.399137
0.399102
0.399116
0.399168
0.399175
0.399192
0.399292
0.399331
0.399213
0.399167
0.39921
0.399177
0.399138
0.399123
0.399071
0.399065
0.399041
0.398996
0.399085
0.398984
0.398916
0.39902
0.398896
0.398949
0.399016
0.399102
0.399024
0.399007
0.399028
0.398946
0.398918
0.398901
0.398828
0.39889
0.398867
0.398952
0.398968
0.398973
0.398902
0.398931
0.398932
0.398857
0.398875
0.398857
0.398766
0.398746
0.398779
0.398799
0.39871
0.398751
0.398748
0.398753
0.398739
0.398686
0.398726
0.398808
0.398858
0.398911
0.398931
0.398908
0.398838
0.398862
0.398814
0.398817
0.398833
0.398844
0.398828
0.39882
0.398687
0.398682
0.398702
0.398741
0.398754
0.398721
0.398688
0.398776
0.398734
0.398746
0.398552
0.398555
0.39856
0.398654
0.39875
0.398852
0.398882
0.398843
0.39881
0.39884
0.398841
0.398798
0.398838
0.39878
0.398768
0.39878
0.398747
0.398681
0.398659
0.39861
0.398526
0.398512
0.398494
0.398524
0.398523
0.398543
0.398587
0.398555
0.398477
0.398503
0.398407
0.398408
0.398415
0.398462
0.398452
0.398427
0.398395
0.398466
0.39856
0.398569
0.398526
0.398579
0.398531
0.398571
0.398514
0.398464
0.3985
0.398476
0.398448
0.398429
0.398461
0.398415
0.39845
0.398451
0.398342
0.398307
0.398302
0.398153
0.398178
0.398143
0.39826
0.39832
0.398381
0.398397
0.398379
0.398393
0.398448
0.398397
0.398329
0.398401
0.398412
0.398441
0.398476
0.398556
0.398587
0.398554
0.398583
0.398504
0.398439
0.398407
0.398441
0.398308
0.398295
0.398412
0.398441
0.39843
0.398373
0.398348
0.398401
0.398361
0.398382
0.398347
0.398362
0.398284
0.398235
0.398213
0.398216
0.398176
0.398195
0.398223
0.39823
0.39819
0.398207
0.398143
0.398067
0.398037
0.398074
0.398136
0.398155
0.398123
0.398081
0.398076
0.39815
0.398119
0.398113
0.398137
0.398283
0.398239
0.398252
0.398281
0.398292
0.398328
0.398297
0.398367
0.398352
0.39834
0.398331
0.398328
0.398267
0.398198
0.398285
0.398276
0.398308
0.398266
0.39842
0.398416
0.398411
0.398406
0.398388
0.398418
0.398484
0.39852
0.398499
0.398481
0.398528
0.398541
0.398482
0.398458
0.39843
0.398441
0.398419
0.398406
0.398363
0.39835
0.398317
0.398324
0.398268
0.398296
0.398299
0.398315
0.398368
0.398346
0.398358
0.398342
0.398298
0.398291
0.398262
0.39835
0.398325
0.398329
0.39826
0.39832
0.398387
0.398418
0.398417
0.398433
0.398489
0.398487
0.398416
0.398479
0.398391
0.398417
0.398367
0.398336
0.398382
0.398405
0.398431
0.398595
0.398573
0.398589
0.398663
0.398699
0.398651
0.39854
0.398462
0.398428
0.398373
0.398405
0.398412
0.39843
0.398501
0.398573
0.398496
0.398469
0.398538
0.398588
0.398624
0.398638
0.398727
0.398752
0.398714
0.398652
0.398619
0.398552
0.39861
0.398629
0.398719
0.398752
0.39877
0.398813
0.398894
0.398853
0.398819
0.398871
0.398787
0.398735
0.398704
0.39876
0.398732
0.398736
0.398771
0.3988
0.398848
0.398843
0.398787
0.398868
0.398849
0.398804
0.39873
0.398726
0.398752
0.398702
0.398635
0.398649
0.39871
0.398661
0.398652
0.398753
0.398733
0.398735
0.398725
0.398767
0.398753
0.39877
0.398708
0.398707
0.398718
0.398687
0.398686
0.398724
0.398793
0.398846
0.398834
0.398853
0.398882
0.398884
0.398912
0.398904
0.398858
0.398855
0.398827
0.398872
0.39888
0.398888
0.398904
0.398804
0.398714
0.398663
0.398697
0.398629
0.398649
0.398653
0.398612
0.398559
0.398608
0.398618
0.398583
0.398547
0.398551
0.398501
0.398528
0.398573
0.398613
0.398599
0.398582
0.398569
0.39853
0.398523
0.398563
0.398635
0.398578
0.3986
0.398555
0.39857
0.398604
0.398642
0.398681
0.398741
0.398787
0.398727
0.398759
0.398721
0.398786
0.39877
0.398702
0.398703
0.398735
0.398719
0.398739
0.398713
0.3987
0.39872
0.398693
0.398687
0.398686
0.398654
0.398603
0.398577
0.398549
0.398514
0.398549
0.398424
0.398428
0.398389
0.398368
0.398326
0.398354
0.398365
0.398372
0.398369
0.39842
0.398416
0.398355
0.398382
0.398384
0.398364
0.398345
0.398361
0.398372
0.39845
0.398478
0.398441
0.398418
0.398412
0.398418
0.398427
0.398459
0.398423
0.398459
0.398502
0.398483
0.398458
0.398493
0.398456
0.398428
0.398473
0.398477
0.398456
0.39853
0.398471
0.398474
0.398466
0.398486
0.398508
0.398526
0.398533
0.398364
0.39841
0.398438
0.398429
0.39844
0.398471
0.398457
0.398438
0.398557
0.398587
0.398482
0.398486
0.398502
0.398521
0.398465
0.398413
0.398389
0.398368
0.398347
0.398408
0.398371
0.398293
0.398311
0.39831
0.398253
0.398265
0.398276
0.398318
0.398321
0.398322
0.398274
0.398265
0.398217
0.398264
0.398307
0.398285
0.398221
0.398224
0.398141
0.398157
0.398192
0.398182
0.398117
0.398146
0.398144
0.398215
0.398245
0.398222
0.398172
0.398152
0.398203
0.398168
0.398192
0.398149
0.398119
0.398092
0.398085
0.398146
0.398165
0.398195
0.398248
0.398269
0.39833
0.398324
0.398303
0.398263
0.398251
0.398223
0.398199
0.39816
0.39819
0.398107
0.398058
0.397965
0.397956
0.397985
0.397982
0.397917
0.39792
0.397908
0.397851
0.397834
0.397777
0.397786
0.39776
0.397795
0.39779
0.397728
0.39773
0.39776
0.397857
0.397856
0.3979
0.397882
0.397885
0.397862
0.397945
0.397932
0.39792
0.397998
0.398026
0.398025
0.397967
0.398054
0.398058
0.398061
0.39808
0.398154
0.398126
0.398132
0.398106
0.398151
0.398194
0.398169
0.398201
0.39827
0.398235
0.398232
0.398221
0.39827
0.398232
0.398233
0.398284
0.398299
0.398333
0.398279
0.398317
0.39834
0.398355
0.39837
0.398335
0.398327
0.398371
0.39838
0.398404
0.398411
0.398424
0.398419
0.398445
0.398472
0.398487
0.398511
0.398529
0.398536
0.398504
0.398494
0.398507
0.398499
0.398499
0.398488
0.398489
0.398449
0.398456
0.398437
0.398495
0.398499
0.398434
0.398446
0.398405
0.398427
0.398399
0.398517
0.398598
0.398602
0.398604
0.398555
0.398541
0.398564
0.39861
0.398635
0.398636
0.398659
0.39862
0.398588
0.398595
0.398588
0.398624
0.398633
0.398646
0.398651
0.398679
0.398686
0.398662
0.398663
0.398657
0.398609
0.398593
0.398603
0.398598
0.39858
0.398541
0.398627
0.398635
0.3986
0.398643
0.39866
0.398643
0.398604
0.398644
0.398667
0.398712
0.398758
0.398715
0.398709
0.398696
0.398717
0.398684
0.398609
0.3986
0.398602
0.398577
0.398567
0.398638
0.398625
0.398588
0.398634
0.398654
0.398604
0.398642
0.39861
0.398612
0.398668
0.398603
0.398614
0.398606
0.39866
0.398688
0.398642
0.398659
0.398618
0.398631
0.39862
0.398664
0.398658
0.398654
0.398737
0.398744
0.398781
0.398795
0.398839
0.398822
0.398815
0.398818
0.398807
0.398827
0.398784
0.398717
0.398707
0.398666
0.398618
0.398632
0.398601
0.398592
0.398651
0.398645
0.398672
0.398679
0.398734
0.398726
0.398686
0.398686
0.398645
0.398587
0.398539
0.398516
0.398521
0.398513
0.398537
0.398453
0.398429
0.398424
0.398495
0.398469
0.39847
0.398425
0.398406
0.398421
0.398403
0.398382
0.398363
0.398348
0.398294
0.398287
0.39831
0.398322
0.398372
0.398334
0.398355
0.398383
0.39839
0.398404
0.398384
0.398405
0.398394
0.398442
0.398399
0.398384
0.398312
0.398336
0.398366
0.398382
0.398332
0.398379
0.398416
0.398384
0.398367
0.398391
0.398333
0.398286
0.398307
0.398343
0.398355
0.398321
0.398336
0.398327
0.398299
0.398293
0.398305
0.398259
0.398245
0.398206
0.398144
0.398145
0.39816
0.398169
0.398163
0.398115
0.398098
0.39809
0.398049
0.398063
0.398007
0.397994
0.397999
0.397972
0.397979
0.398
0.397999
0.39803
0.397997
0.39803
0.398052
0.397995
0.398013
0.398008
0.397998
0.397941
0.397922
0.397901
0.397913
0.397893
0.397903
0.397894
0.397971
0.397958
0.398002
0.398032
0.398006
0.397951
0.397911
0.39787
0.397916
0.397872
0.39787
0.397855
0.397907
0.397882
0.397837
0.397837
0.397822
0.397844
0.397817
0.397769
0.397797
0.39778
0.397804
0.397829
0.397909
0.397951
0.397982
0.397996
0.397958
0.397945
0.398004
0.398061
0.398099
0.398157
0.398112
0.398112
0.398059
0.398013
0.397997
0.398009
0.398017
0.398055
0.398052
0.39807
0.398056
0.398093
0.398079
0.398017
0.398065
0.398054
0.398049
0.398173
0.398198
0.398174
0.398152
0.398098
0.398094
0.398039
0.398007
0.397975
0.397969
0.397942
0.397939
0.397897
0.397852
0.397838
0.397807
0.397832
0.397804
0.397794
0.397781
0.397791
0.397781
0.397738
0.397728
0.397734
0.397718
0.397663
0.397677
0.397654
0.39764
0.397643
0.397638
0.397573
0.397578
0.397587
0.39757
0.397533
0.397538
0.397549
0.397516
0.397486
0.39743
0.397449
0.397429
0.397436
0.397425
0.39738
0.39735
0.397334
0.397332
0.397282
0.397244
0.397231
0.397239
0.397247
0.397307
0.397259
0.397248
0.397213
0.397217
0.397232
0.397237
0.397205
0.397239
0.39725
0.397207
0.397188
0.397239
0.397237
0.397225
0.397264
0.397252
0.397252
0.397278
0.397253
0.397199
0.397224
0.397286
0.397259
0.397341
0.39733
0.397363
0.397329
0.397354
0.397399
0.397334
0.397337
0.397367
0.397358
0.397367
0.397304
0.397355
0.397349
0.397315
0.397294
0.397309
0.397277
0.397296
0.397301
0.397272
0.397286
0.397285
0.397286
0.397315
0.397331
0.397354
0.397322
0.397337
0.397321
0.397417
0.397442
0.397444
0.397381
0.397347
0.397356
0.39735
0.397366
0.39739
0.397396
0.397391
0.397376
0.397356
0.397362
0.397355
0.397338
0.397318
0.397299
0.397333
0.397352
0.397357
0.397384
0.397379
0.39734
0.397327
0.397288
0.397285
0.397267
0.397258
0.397257
0.397262
0.39721
0.397174
0.397102
0.397055
0.397101
0.397112
0.39707
0.397055
0.397042
0.397071
0.397061
0.397071
0.397105
0.3971
0.397103
0.397083
0.397051
0.397
0.396988
0.397019
0.397034
0.397039
0.397091
0.397048
0.397075
0.397087
0.39713
0.397121
0.397101
0.397185
0.397191
0.397154
0.397135
0.397155
0.397181
0.397178
0.397166
0.397157
0.397142
0.397165
0.397156
0.397187
0.397214
0.397144
0.397186
0.397188
0.397187
0.397189
0.397128
0.397073
0.397099
0.397087
0.397122
0.397096
0.397079
0.397108
0.397132
0.397124
0.397152
0.397176
0.397157
0.397178
0.397189
0.397174
0.3972
0.397185
0.397203
0.397186
0.397209
0.397187
0.397157
0.397179
0.397139
0.397119
0.397098
0.397059
0.397053
0.397043
0.397017
0.397027
0.397016
0.39699
0.39699
0.396999
0.396967
0.396904
0.396959
0.396991
0.397
0.397004
0.396974
0.396971
0.396965
0.396957
0.396934
0.39694
0.396944
0.396961
0.39695
0.396934
0.396918
0.396877
0.396852
0.396889
0.396864
0.39681
0.396817
0.396828
0.396776
0.396776
0.396771
0.396751
0.39672
0.396743
0.39672
0.396755
0.396793
0.396723
0.396695
0.396681
0.396747
0.396732
0.396754
0.396745
0.396714
0.396704
0.396681
0.396647
0.396614
0.396584
0.396575
0.39664
0.39663
0.396676
0.396667
0.396643
0.396649
0.396687
0.396697
0.396707
