0.147368
0.349206
0.433099
0.360215
0.418455
0.460317
0.434848
0.477004
0.467059
0.482105
0.511673
0.52114
0.53468
0.516183
0.533912
0.547583
0.547994
0.533288
0.536016
0.540557
0.544048
0.537493
0.539437
0.530732
0.521112
0.51632
0.507929
0.509958
0.509946
0.513181
0.515578
0.519534
0.523906
0.524409
0.518817
0.523988
0.529412
0.525659
0.530377
0.528244
0.526368
0.525746
0.529393
0.535251
0.536533
0.534779
0.536137
0.533004
0.52958
0.531748
0.527283
0.519107
0.515778
0.518325
0.518805
0.516751
0.518343
0.514728
0.512833
0.510603
0.509176
0.510574
0.51248
0.517234
0.51705
0.515185
0.515837
0.519677
0.519505
0.517983
0.518519
0.519887
0.517042
0.520599
0.525958
0.528258
0.531636
0.536096
0.531603
0.533724
0.534351
0.533465
0.534884
0.531085
0.531723
0.532783
0.534037
0.534613
0.536846
0.535826
0.535505
0.536896
0.537811
0.538752
0.538942
0.536702
0.533007
0.533888
0.535458
0.533066
0.530897
0.532655
0.532486
0.530565
0.528294
0.529544
0.527886
0.525909
0.52817
0.526874
0.527265
0.52381
0.521923
0.522195
0.524298
0.52618
0.52674
0.528316
0.526303
0.525587
0.525964
0.525753
0.52367
0.525233
0.524175
0.520905
0.519461
0.518571
0.519491
0.519592
0.517709
0.518667
0.520621
0.521622
0.518949
0.516828
0.514891
0.515856
0.516576
0.514014
0.515057
0.515071
0.515235
0.516445
0.516555
0.515789
0.514587
0.513313
0.515306
0.517461
0.517945
0.516084
0.515975
0.516622
0.517427
0.514686
0.515608
0.515478
0.515467
0.51485
0.514194
0.514468
0.514544
0.514941
0.512955
0.514335
0.514699
0.513433
0.511831
0.510284
0.510349
0.511829
0.513767
0.512678
0.512949
0.514205
0.514347
0.514442
0.516859
0.517227
0.518071
0.519173
0.519679
0.520593
0.521351
0.520685
0.52026
0.519987
0.520572
0.52136
0.522718
0.524824
0.524695
0.524549
0.524943
0.525866
0.524387
0.523495
0.522752
0.523479
0.523615
0.522825
0.522222
0.523237
0.523321
0.522386
0.521653
0.520282
0.521206
0.521035
0.520304
0.519873
0.520169
0.519534
0.518129
0.517739
0.518031
0.516975
0.515922
0.515757
0.516341
0.515904
0.514566
0.514845
0.514671
0.513585
0.512449
0.512159
0.513539
0.512945
0.511633
0.510606
0.509505
0.510291
0.510469
0.509678
0.508986
0.508817
0.508745
0.507984
0.507099
0.507166
0.507858
0.507164
0.50789
0.508322
0.508504
0.507879
0.50769
0.506093
0.506704
0.50792
0.507015
0.507078
0.5075
0.507174
0.506907
0.507598
0.508076
0.509395
0.509532
0.510433
0.509875
0.509293
0.509557
0.508912
0.508137
0.50785
0.508051
0.509047
0.51012
0.510984
0.511596
0.511833
0.511647
0.512114
0.513215
0.513557
0.512213
0.511616
0.511848
0.512251
0.511581
0.511536
0.511123
0.511649
0.510557
0.509799
0.509153
0.509257
0.508753
0.509591
0.509963
0.509163
0.510153
0.509231
0.509204
0.509459
0.510229
0.510509
0.510516
0.509404
0.508584
0.508283
0.507771
0.508525
0.509248
0.509592
0.509161
0.508293
0.507397
0.507574
0.507749
0.507329
0.507601
0.507601
0.507019
0.507556
0.506658
0.506497
0.506984
0.507346
0.507249
0.507702
0.507468
0.507302
0.508058
0.507723
0.508215
0.507327
0.506166
0.505381
0.504206
0.503917
0.503238
0.503866
0.504816
0.504617
0.503786
0.50296
0.502569
0.502675
0.502848
0.502662
0.50319
0.503694
0.503926
0.503738
0.503772
0.502903
0.503555
0.503545
0.503272
0.503439
0.503212
0.502726
0.503342
0.503357
0.502467
0.502224
0.502474
0.502915
0.502504
0.502771
0.503141
0.503806
0.503837
0.50364
0.50317
0.503246
0.503134
0.503498
0.503757
0.503789
0.505008
0.505445
0.505451
0.505496
0.504486
0.504597
0.505128
0.504872
0.504857
0.505366
0.505132
0.50542
0.504292
0.503884
0.503972
0.504635
0.504544
0.505473
0.505852
0.50611
0.506406
0.506777
0.506259
0.506957
0.507152
0.506483
0.506006
0.506311
0.506487
0.506796
0.507536
0.507161
0.508145
0.507956
0.507658
0.50777
0.508464
0.508504
0.508034
0.508406
0.508254
0.50914
0.50908
0.509336
0.509749
0.509508
0.508807
0.508934
0.508443
0.50824
0.507965
0.507532
0.507085
0.507084
0.506459
0.506301
0.506111
0.506167
0.506225
0.506706
0.506228
0.506038
0.505249
0.505504
0.505016
0.505532
0.505205
0.504983
0.504744
0.505166
0.505224
0.505456
0.504773
0.504162
0.50381
0.50356
0.503996
0.503493
0.502769
0.501982
0.501877
0.502379
0.502558
0.502452
0.501944
0.502274
0.502353
0.50273
0.503389
0.503399
0.503972
0.503699
0.503411
0.50411
0.50497
0.5055
0.504966
0.505167
0.505191
0.505053
0.504718
0.50469
0.505229
0.504785
0.504612
0.50526
0.505616
0.506019
0.505639
0.506058
0.506174
0.50556
0.506023
0.506688
0.506279
0.505509
0.504729
0.504923
0.504743
0.504702
0.50466
0.504463
0.504239
0.504494
0.504563
0.50403
0.50399
0.503937
0.504082
0.504181
0.504113
0.503619
0.503643
0.503136
0.50369
0.50326
0.503269
0.503413
0.503091
0.50271
0.50263
0.503221
0.502962
0.502748
0.502817
0.502767
0.503292
0.503773
0.504136
0.503995
0.504486
0.504303
0.504895
0.505353
0.505286
0.50519
0.505542
0.505416
0.505378
0.505697
0.50566
0.505176
0.50554
0.506074
0.506219
0.506121
0.506508
0.505971
0.506472
0.506531
0.506123
0.506255
0.50661
0.506526
0.507129
0.507381
0.507299
0.507117
0.507104
0.507079
0.506873
0.507043
0.506876
0.506878
0.506811
0.506687
0.506675
0.50635
0.507104
0.507379
0.506997
0.507203
0.50722
0.507424
0.507153
0.507356
0.507062
0.506741
0.507283
0.507447
0.507541
0.507863
0.507767
0.507327
0.507116
0.507211
0.507238
0.506989
0.506526
0.505893
0.505698
0.505582
0.505625
0.505564
0.505844
0.506058
0.506362
0.506508
0.506889
0.50715
0.506684
0.505841
0.505456
0.505797
0.505516
0.505209
0.505047
0.505729
0.505679
0.505301
0.505253
0.504699
0.505072
0.505216
0.505537
0.505768
0.50542
0.50469
0.504443
0.5046
0.504957
0.505076
0.504843
0.505186
0.505477
0.505456
0.505512
0.505305
0.505297
0.504781
0.504662
0.504802
0.504351
0.504184
0.5042
0.504646
0.505152
0.5049
0.504942
0.504874
0.504635
0.504398
0.503955
0.5043
0.504607
0.504912
0.504822
0.505247
0.505659
0.506168
0.50581
0.505895
0.506112
0.505984
0.506155
0.506073
0.506301
0.506066
0.506319
0.506475
0.506122
0.505714
0.505291
0.504943
0.504842
0.504659
0.505119
0.504935
0.505174
0.505214
0.505113
0.505396
0.50511
0.505403
0.505649
0.506228
0.506333
0.505702
0.50543
0.505901
0.506236
0.506875
0.506715
0.506567
0.506974
0.506523
0.506693
0.50683
0.506752
0.507292
0.507548
0.507727
0.507336
0.507056
0.506811
0.506621
0.506812
0.506859
0.507005
0.50734
0.507773
0.508261
0.508359
0.508852
0.509103
0.509275
0.508976
0.509437
0.509817
0.509674
0.50954
0.509821
0.510177
0.510312
0.510307
0.510543
0.510712
0.510479
0.510541
0.510708
0.510403
0.510564
0.510344
0.510503
0.510277
0.51086
0.510962
0.511105
0.51111
0.511522
0.512016
0.51205
0.511906
0.512219
0.512376
0.512011
0.511762
0.511612
0.511839
0.51221
0.512591
0.512391
0.512527
0.513013
0.513475
0.513715
0.513253
0.513203
0.513515
0.513779
0.51438
0.514641
0.514665
0.514618
0.514575
0.51478
0.514557
0.514332
0.514059
0.514033
0.514262
0.514293
0.51462
0.514235
0.514609
0.514458
0.513941
0.514126
0.513646
0.513464
0.513406
0.513035
0.513227
0.513212
0.513165
0.513315
0.513006
0.513466
0.513508
0.513164
0.512849
0.512447
0.512799
0.512603
0.51306
0.513074
0.512991
0.512957
0.513019
0.51261
0.512428
0.512949
0.513125
0.513354
0.513162
0.512989
0.513375
0.513115
0.512974
0.513539
0.513472
0.513369
0.513676
0.513691
0.51331
0.513421
0.513869
0.514016
0.513849
0.513598
0.513401
0.513325
0.513063
0.512595
0.512929
0.51336
0.513553
0.513717
0.513198
0.513042
0.512688
0.512575
0.512577
0.512563
0.512407
0.512512
0.512235
0.512528
0.512187
0.512462
0.512813
0.512659
0.512888
0.513206
0.513238
0.5134
0.513129
0.513055
0.513071
0.513202
0.513209
0.512944
0.512626
0.512567
0.512286
0.511967
0.511787
0.511601
0.511532
0.511434
0.511309
0.51103
0.511089
0.511196
0.511109
0.51104
0.51103
0.511235
0.511094
0.511487
0.511375
0.511308
0.511348
0.51092
0.51072
0.510751
0.510665
0.510616
0.510846
0.510422
0.510323
0.510123
0.509986
0.510074
0.510133
0.509838
0.509931
0.510096
0.509995
0.509992
0.509807
0.509682
0.509777
0.509904
0.510078
0.510095
0.509935
0.509887
0.509615
0.509534
0.50921
0.50907
0.509051
0.509135
0.509635
0.509563
0.509474
0.509532
0.509469
0.509458
0.509103
0.509057
0.50926
0.509024
0.509392
0.509571
0.509477
0.509662
0.509957
0.51028
0.510133
0.510035
0.509922
0.510183
0.51024
0.510229
0.510022
0.510094
0.510199
0.509944
0.510087
0.509917
0.509731
0.509668
0.509683
0.509523
0.50994
0.510274
0.509946
0.50991
0.509759
0.509832
0.509472
0.509347
0.508937
0.508986
0.508596
0.508736
0.508736
0.508629
0.508553
0.508527
0.508369
0.508573
0.508598
0.508482
0.508589
0.508811
0.50881
0.508784
0.508889
0.509
0.509137
0.509112
0.508872
0.509065
0.509045
0.509102
0.509001
0.509091
0.509407
0.509754
0.509688
0.509985
0.509992
0.509966
0.509883
0.509881
0.509895
0.509637
0.509548
0.509746
0.509769
0.509889
0.509815
0.50959
0.509293
0.509141
0.508956
0.508773
0.508759
0.508622
0.50896
0.509014
0.509028
0.509035
0.509059
0.509364
0.509645
0.509713
0.509595
0.509436
0.50941
0.509252
0.50922
0.509289
0.509531
0.509586
0.509971
0.510095
0.510225
0.51007
0.509961
0.510005
0.510274
0.51004
0.509975
0.509897
0.509569
0.509553
0.509373
0.509525
0.509561
0.509814
0.509911
0.509855
0.509838
0.510111
0.510353
0.510519
0.510203
0.510301
0.510474
0.510098
0.509862
0.510058
0.510108
0.510279
0.510457
0.510674
0.510679
0.511016
0.510733
0.510781
0.510664
0.510667
0.510627
0.510945
0.511056
0.511107
0.511362
0.511001
0.511209
0.511036
0.511249
0.511148
0.511159
0.511097
0.511059
0.511056
0.51104
0.511276
0.511443
0.511312
0.511206
0.511138
0.511428
0.511293
0.511135
0.510824
0.510975
0.511212
0.511157
0.511358
0.511501
0.511247
0.510996
0.510629
0.510678
0.510639
0.51076
0.511063
0.511082
0.511044
0.511085
0.510923
0.510667
0.510773
0.511094
0.510839
0.510849
0.51091
0.510778
0.510732
0.51093
0.510963
0.510839
0.510703
0.510857
0.511155
0.511239
0.51142
0.511553
0.511668
0.511918
0.511901
0.511875
0.512125
0.511851
0.511615
0.511556
0.511461
0.511211
0.511357
0.51127
0.511394
0.511719
0.511399
0.511479
0.511406
0.511802
0.511702
0.511412
0.511702
0.51191
0.51208
0.511782
0.511583
0.511524
0.511381
0.511579
0.511694
0.511762
0.511909
0.511878
0.512281
0.512208
0.512212
0.512433
0.512541
0.512686
0.512586
0.512825
0.512991
0.513214
0.513538
0.513386
0.513471
0.513596
0.513685
0.513926
0.514004
0.513665
0.513417
0.513685
0.513333
0.513088
0.512991
0.512884
0.513049
0.512822
0.51286
0.513006
0.513102
0.513156
0.513211
0.512944
0.513221
0.513355
0.513189
0.513419
0.51365
0.513703
0.513618
0.51388
0.513915
0.51363
0.513439
0.51353
0.513419
0.513396
0.513157
0.513158
0.513128
0.513362
0.513351
0.513684
0.514022
0.514177
0.514132
0.514071
0.513789
0.513827
0.513894
0.514046
0.513717
0.513653
0.513537
0.513282
0.513095
0.513195
0.513387
0.513394
0.513654
0.513897
0.51404
0.513834
0.513767
0.513524
0.513517
0.513603
0.513396
0.513623
0.513754
0.513724
0.51359
0.513329
0.513412
0.513301
0.51342
0.513584
0.513282
0.51318
0.513343
0.513404
0.51351
0.513411
0.513514
0.513688
0.51383
0.513857
0.513885
0.514254
0.514561
0.514776
0.514726
0.514828
0.515094
0.515058
0.515179
0.515325
0.515545
0.515762
0.515808
0.515896
0.515684
0.515559
0.515308
0.515514
0.515494
0.515753
0.515337
0.5154
0.515364
0.515013
0.514907
0.514969
0.514881
0.514729
0.514853
0.515101
0.515263
0.515602
0.515329
0.515087
0.515164
0.514921
0.514581
0.514489
0.514755
0.514689
0.514807
0.514725
0.514536
0.514466
0.514561
0.514389
0.514258
0.514131
0.51407
0.513666
0.513734
0.513802
0.513786
0.513623
0.513642
0.5137
0.513776
0.513821
0.513749
0.513782
0.51388
0.513841
0.513758
0.513923
0.513832
0.513906
0.514244
0.514461
0.514804
0.514927
0.51476
0.515007
0.51499
0.515007
0.514942
0.514901
0.514911
0.514921
0.514874
0.514859
0.514997
0.514997
0.515135
0.515516
0.515849
0.516126
0.516125
0.516183
0.516047
0.516186
0.516127
0.515787
0.516076
0.51617
0.516245
0.516245
0.516317
0.516341
0.516054
0.516012
0.516208
0.516489
0.516177
0.516018
0.516011
0.515777
0.515772
0.515651
0.515552
0.515571
0.515858
0.515841
0.515887
0.515783
0.515557
0.515621
0.5155
0.515464
0.515308
0.515228
0.515169
0.515137
0.514987
0.514703
0.514653
0.51447
0.514454
0.514358
0.514568
0.514697
0.514968
0.515145
0.515274
0.515423
0.51536
0.515255
0.515019
0.514956
0.514786
0.514998
0.515051
0.515259
0.515526
0.515218
0.515394
0.515413
0.515115
0.515076
0.515162
0.515089
0.514702
0.514614
0.514588
0.514533
0.514749
0.514649
0.514621
0.514814
0.514612
0.514748
0.514647
0.51476
0.514926
0.515046
0.515136
0.514994
0.515061
0.515213
0.515113
0.515272
0.515099
0.514857
0.514812
0.514823
0.514915
0.514858
0.514929
0.514928
0.514677
0.514917
0.514978
0.515231
0.51526
0.515129
0.515128
0.514979
0.514841
0.514626
0.514606
0.514498
0.514465
0.514303
0.5143
0.51462
0.514658
0.514637
0.515005
0.514963
0.514904
0.515051
0.515293
0.515546
0.515371
0.515284
0.515192
0.515049
0.515011
0.515156
0.515066
0.515009
0.515155
0.515213
0.515061
0.515098
0.514947
0.514644
0.514623
0.514393
0.514111
0.514015
0.514119
0.514132
0.514162
0.514152
0.514024
0.513976
0.513934
0.514181
0.514183
0.514228
0.514147
0.514181
0.5143
0.514258
0.514087
0.514061
0.514069
0.514101
0.513967
0.513887
0.513743
0.513793
0.513682
0.513544
0.513408
0.513383
0.513174
0.51316
0.513094
0.513149
0.513062
0.512867
0.512948
0.512781
0.512804
0.512536
0.512496
0.512725
0.51279
0.512881
0.512732
0.512619
0.512485
0.51266
0.512743
0.51293
0.512863
0.512934
0.512899
0.512766
0.512919
0.512979
0.512902
0.512722
0.512485
0.512701
0.512839
0.512784
0.512813
0.512934
0.512901
0.512966
0.51286
0.51296
0.513128
0.513234
0.51319
0.513207
0.513101
0.512984
0.512987
0.513041
0.513013
0.512944
0.512945
0.512945
0.513013
0.513189
0.513124
0.513194
0.513314
0.51334
0.513195
0.513084
0.512968
0.51305
0.512984
0.512971
0.512754
0.512664
0.512694
0.512559
0.512526
0.512523
0.512551
0.512392
0.512235
0.512009
0.512218
0.512276
0.512179
0.51221
0.512127
0.512033
0.512054
0.511985
0.512227
0.512296
0.51214
0.512262
0.512191
0.512007
0.512009
0.512007
0.5119
0.511983
0.51208
0.511994
0.511971
0.511878
0.511836
0.511994
0.511911
0.511744
0.511742
0.511852
0.51178
0.511659
0.511581
0.511414
0.511213
0.511211
0.511313
0.511297
0.511156
0.511195
0.511271
0.511129
0.51124
0.511283
0.511472
0.511307
0.511221
0.511151
0.511176
0.511312
0.511408
0.511318
0.511362
0.511539
0.511396
0.511432
0.51139
0.511496
0.511533
0.511497
0.511737
0.51171
0.511745
0.512032
0.512044
0.512017
0.512111
0.512186
0.512383
0.512355
0.512532
0.512442
0.512371
0.512388
0.512589
0.512372
0.512225
0.512221
0.512324
0.512475
0.512255
0.512183
0.512107
0.512133
0.512317
0.51254
0.512488
0.512349
0.512097
0.512114
0.512221
0.512026
0.511827
0.511787
0.511708
0.511633
0.511865
0.511795
0.511774
0.511862
0.511889
0.512014
0.51183
0.511723
0.511631
0.511516
0.511394
0.511577
0.511584
0.511529
0.511621
0.511573
0.511694
0.511475
0.511501
0.511597
0.511717
0.511555
0.511406
0.511144
0.510977
0.510981
0.511114
0.511093
0.511233
0.511268
0.511233
0.511232
0.511076
0.511191
0.511091
0.51099
0.510793
0.510819
0.510893
0.510868
0.51076
0.510604
0.510529
0.510523
0.510609
0.510523
0.510313
0.510136
0.509921
0.509904
0.510127
0.51003
0.510226
0.51029
0.510178
0.509996
0.510032
0.509962
0.509879
0.509937
0.509994
0.509847
0.509829
0.50999
0.509978
0.509954
0.510059
0.509874
0.509717
0.509625
0.509719
0.509855
0.509959
0.510036
0.510254
0.510321
0.510183
0.510309
0.510298
0.51031
0.51016
0.510072
0.510015
0.509896
0.509845
0.509631
0.509535
0.509417
0.509248
0.509029
0.508951
0.509155
0.509348
0.509569
0.509672
0.509595
0.509639
0.509818
0.509984
0.509739
0.509711
0.509827
0.509974
0.509968
0.510096
0.51017
0.510236
0.510221
0.51013
0.510057
0.509908
0.509988
0.510174
0.510191
0.510291
0.510281
0.510103
0.509964
0.510025
0.51013
0.510022
0.50999
0.510131
0.510223
0.510287
0.510326
0.510196
0.510168
0.510104
0.51012
0.510093
0.510293
0.510269
0.510232
0.510332
0.510423
0.510496
0.510583
0.510744
0.510637
0.510485
0.51041
0.510351
0.510174
0.510088
0.509903
0.509971
0.51
0.509884
0.509844
0.509761
0.509935
0.509881
0.509893
0.509936
0.510118
0.509997
0.510062
0.509903
0.509837
0.509789
0.509662
0.509691
0.509772
0.509845
0.509666
0.509504
0.509437
0.509393
0.50938
0.509327
0.509322
0.509273
0.509329
0.509126
0.508961
0.508913
0.508857
0.508796
0.508927
0.508836
0.508643
0.508496
0.508316
0.508243
0.508132
0.508273
0.50823
0.508281
0.50837
0.508361
0.508301
0.508338
0.508449
0.508417
0.508528
0.508492
0.508454
0.50853
0.508509
0.50863
0.508495
0.508625
0.50867
0.508755
0.508899
0.508919
0.508885
0.5088
0.508774
0.508967
0.508937
0.508735
0.508924
0.508843
0.508859
0.50869
0.508652
0.508769
0.508705
0.508579
0.50847
0.508533
0.508411
0.508394
0.508457
0.508373
0.508364
0.50838
0.508376
0.508538
0.508416
0.508332
0.508448
0.508632
0.508809
0.508863
0.508833
0.508845
0.509118
0.509254
0.50922
0.509323
0.509162
0.509066
0.509106
0.509321
0.50934
0.509355
0.509263
0.509387
0.509386
0.509455
0.509591
0.509591
0.509503
0.509436
0.509391
0.509391
0.509383
0.509308
0.509344
0.509573
0.509486
0.509555
0.509811
0.509843
0.509801
0.50976
0.509753
0.509789
0.509789
0.509729
0.509802
0.509996
0.51006
0.510198
0.510295
0.510069
0.50993
0.509933
0.509895
0.509918
0.509864
0.50975
0.509797
0.509902
0.509929
0.509839
0.509931
0.510046
0.509972
0.510072
0.509981
0.509948
0.509939
0.509898
0.50993
0.510138
0.510226
0.509993
0.509864
0.509876
0.50993
0.509937
0.510068
0.510072
0.509911
0.510133
0.510252
0.510196
0.510087
0.510105
0.509936
0.509904
0.509906
0.509958
0.509948
0.509851
0.509981
0.51002
0.50991
0.509782
0.50992
0.509943
0.509862
0.509719
0.50965
0.509455
0.509493
0.509517
0.509457
0.509349
0.509268
0.509219
0.509033
0.509017
0.509194
0.509248
0.509317
0.509376
0.509324
0.509421
0.509432
0.509366
0.509156
0.509258
0.509214
0.509311
0.509248
0.509224
0.509086
0.509156
0.509266
0.509426
0.509585
0.509694
0.50961
0.509567
0.509625
0.509655
0.509689
0.509766
0.509777
0.50969
0.509709
0.509685
0.509785
0.509648
0.509562
0.50951
0.509466
0.509345
0.509154
0.509177
0.509107
0.509029
0.509129
0.509098
0.508978
0.509032
0.509147
0.509058
0.50901
0.509209
0.509439
0.509675
0.509683
0.509724
0.509805
0.509631
0.509607
0.509579
0.509629
0.509782
0.509712
0.509753
0.509732
0.509831
0.509884
0.509995
0.509901
0.509846
0.509826
0.509752
0.509691
0.509751
0.509701
0.509639
0.509675
0.509732
0.509864
0.509795
0.509646
0.509672
0.509686
0.509598
0.509604
0.509562
0.509577
0.509489
0.509412
0.509596
0.50944
0.509534
0.509496
0.509405
0.509351
0.509408
0.509305
0.509399
0.509579
0.50951
0.509638
0.509769
0.509787
0.509723
0.509703
0.509776
0.509805
0.509654
0.509691
0.509776
0.509701
0.509662
0.509629
0.509733
0.509728
0.509764
0.509867
0.50984
0.509712
0.50961
0.509647
0.5097
0.509737
0.509758
0.509738
0.509854
0.50988
0.50982
0.509923
0.510049
0.510143
0.510238
0.510236
0.510323
0.510521
0.510546
0.510438
0.510665
0.510678
0.510818
0.510681
0.510545
0.510758
0.510705
0.510722
0.510706
0.510708
0.510763
0.510908
0.51084
0.510856
0.511008
0.511046
0.510934
0.511076
0.510924
0.511083
0.51096
0.511058
0.511175
0.51113
0.511117
0.51101
0.510899
0.510829
0.510619
0.510505
0.510493
0.510244
0.51036
0.51046
0.510561
0.510512
0.510493
0.510491
0.510538
0.510595
0.510481
0.51041
0.510482
0.510463
0.510444
0.510414
0.510543
0.510597
0.510671
0.510623
0.51069
0.510851
0.510893
0.511042
0.510931
0.51107
0.511043
0.511095
0.511103
0.511127
0.511033
0.510942
0.510855
0.510865
0.510816
0.510847
0.51083
0.510946
0.511045
0.511108
0.511132
0.511185
0.511184
0.511135
0.510977
0.511032
0.511052
0.510926
0.510864
0.510737
0.51076
0.510674
0.510669
0.510614
0.510456
0.51058
0.510561
0.510445
0.510554
0.510385
0.510313
0.510214
0.510353
0.510545
0.510476
0.510496
0.510591
0.510547
0.510683
0.510682
0.510603
0.510443
0.510464
0.510572
0.510721
0.510747
0.510611
0.51064
0.510689
0.510653
0.510677
0.510659
0.510513
0.51061
0.510673
0.510583
0.510456
0.510486
0.510576
0.510496
0.510547
0.510782
0.510865
0.510864
0.510729
0.510636
0.510593
0.510494
0.51057
0.510617
0.510617
0.510575
0.51064
0.510645
0.510484
0.510367
0.510344
0.510225
0.510193
0.510115
0.510176
0.510247
0.510429
0.510466
0.510586
0.510453
0.510517
0.510565
0.510477
0.51048
0.510533
0.510429
0.510562
0.510725
0.510827
0.510781
0.510704
0.510758
0.510754
0.510763
0.510706
0.510767
0.510749
0.510806
0.510877
0.510955
0.510861
0.510805
0.510838
0.51096
0.510978
0.51104
0.510957
0.510938
0.510995
0.511031
0.510978
0.510997
0.511126
0.511168
0.511249
0.511369
0.511149
0.511125
0.5111
0.511178
0.511333
0.511331
0.511361
0.51129
0.511204
0.511111
0.511158
0.511157
0.511173
0.511238
0.511207
0.511063
0.511072
0.511131
0.511082
0.511104
0.511026
0.511136
0.51126
0.511231
0.5113
0.511287
0.511205
0.511254
0.511161
0.511048
0.511103
0.511035
0.511033
0.511055
0.510949
0.511072
0.511126
0.510903
0.510772
0.510914
0.51089
0.510815
0.510811
0.510863
0.510991
0.510947
0.510859
0.510851
0.510805
0.510801
0.510727
0.510775
0.51088
0.510976
0.510924
0.51081
0.510622
0.510524
0.510517
0.510443
0.510392
0.510432
0.510609
0.510516
0.510469
0.51063
0.510549
0.510595
0.510617
0.510626
0.510635
0.510528
0.510457
0.510472
0.510445
0.510414
0.510442
0.51043
0.510512
0.510615
0.510693
0.510709
0.510852
0.510818
0.510758
0.510841
0.510824
0.510836
0.510917
0.510925
0.510842
0.510867
0.510872
0.510819
0.510843
0.510957
0.510845
0.51068
0.510666
0.510724
0.510719
0.510823
0.510812
0.510696
0.510748
0.510835
0.51083
0.510971
0.510931
0.511063
0.511111
0.511141
0.511111
0.511319
0.511324
0.51137
0.511233
0.511228
0.511243
0.511158
0.51118
0.51125
0.51118
0.51114
0.511268
0.511293
0.51134
0.511252
0.511366
0.51147
0.511565
0.51147
0.511378
0.511367
0.511234
0.511033
0.511026
0.511072
0.511151
0.511097
0.511139
0.511188
0.511384
0.511421
0.511411
0.511358
0.511384
0.511436
0.511368
0.511311
0.511393
0.511408
0.511413
0.511396
0.511413
0.511429
0.511466
0.511443
0.511352
0.51143
0.511241
0.511351
0.511413
0.511329
0.511233
0.511313
0.511425
0.511401
0.511374
0.511274
0.511292
0.511252
0.511317
0.511332
0.511213
0.511243
0.51122
0.511345
0.511195
0.511161
0.511021
0.511
0.511065
0.511134
0.511115
0.511176
0.511312
0.511352
0.511442
0.511479
0.511589
0.511646
0.511696
0.511789
0.511857
0.511802
0.511904
0.511956
0.511975
0.511974
0.512013
0.511978
0.511969
0.511921
0.511895
0.511797
0.511702
0.511682
0.511581
0.511513
0.511356
0.511363
0.511524
0.51155
0.511505
0.511519
0.511573
0.511438
0.51136
0.511316
0.511329
0.511237
0.511292
0.511279
0.511241
0.511085
0.511241
0.511261
0.511228
0.511079
0.510985
0.511052
0.511091
0.510921
0.51088
0.510951
0.51099
0.511103
0.511056
0.511052
0.511054
0.511124
0.511128
