0.4
0.394495
0.39881
0.38191
0.364372
0.381271
0.382609
0.371501
0.382883
0.395492
0.400771
0.397086
0.396907
0.391586
0.393417
0.394074
0.390756
0.392183
0.393273
0.395522
0.394737
0.391003
0.38796
0.387271
0.388309
0.387387
0.39001
0.387305
0.386121
0.389419
0.391525
0.392769
0.391235
0.390528
0.389522
0.390007
0.391431
0.387784
0.386694
0.387075
0.38781
0.388889
0.388535
0.387399
0.387868
0.385448
0.385698
0.387579
0.385698
0.384743
0.384867
0.384615
0.385947
0.387629
0.38641
0.385965
0.388642
0.387973
0.388809
0.387659
0.388323
0.387363
0.386907
0.385093
0.385627
0.387376
0.388936
0.389916
0.390203
0.388365
0.387772
0.385867
0.387324
0.388631
0.388698
0.389014
0.390933
0.391688
0.38988
0.390445
0.389939
0.390829
0.390789
0.391019
0.389952
0.391026
0.391914
0.389898
0.388381
0.389069
0.389208
0.39012
0.390772
0.391858
0.393438
0.394937
0.395286
0.395578
0.394854
0.394667
0.394538
0.394873
0.395714
0.394662
0.39544
0.394472
0.394023
0.393209
0.392983
0.393849
0.394264
0.394149
0.393036
0.393884
0.394034
0.39408
0.393413
0.393763
0.392794
0.392348
0.393849
0.394782
0.39595
0.395501
0.395583
0.395764
0.394886
0.393251
0.393721
0.393113
0.39298
0.393174
0.392922
0.392139
0.392383
0.392488
0.394513
0.393893
0.393517
0.392537
0.391949
0.392091
0.392439
0.394027
0.394276
0.395173
0.396138
0.395762
0.396794
0.395497
0.39481
0.394809
0.396171
0.395683
0.394742
0.395197
0.395464
0.39549
0.395551
0.39487
0.39408
0.394293
0.395028
0.394083
0.393642
0.393836
0.393126
0.393448
0.39366
0.393774
0.39395
0.393186
0.393499
0.393877
0.393426
0.39412
0.39395
0.394556
0.394305
0.393934
0.394301
0.394204
0.394858
0.394848
0.394195
0.393105
0.393687
0.394389
0.394482
0.394131
0.393963
0.393996
0.393807
0.393742
0.393958
0.394083
0.394295
0.393622
0.393462
0.39346
0.393189
0.394238
0.395003
0.395208
0.394256
0.393673
0.394956
0.395298
0.395547
0.395776
0.395432
0.395593
0.395306
0.395205
0.395162
0.395153
0.395148
0.395342
0.395529
0.395269
0.395209
0.394575
0.394923
0.394808
0.395665
0.395012
0.395836
0.396016
0.395401
0.395444
0.394864
0.395097
0.395246
0.394822
0.394482
0.394457
0.394424
0.394348
0.394397
0.394418
0.394099
0.394474
0.394868
0.39442
0.394773
0.394886
0.394392
0.393773
0.393847
0.394167
0.393925
0.393969
0.394135
0.394055
0.393435
0.394029
0.394118
0.393676
0.394567
0.394565
0.394541
0.394673
0.394646
0.394806
0.394803
0.39519
0.394868
0.395085
0.395105
0.394902
0.394431
0.394203
0.394448
0.394245
0.394464
0.394396
0.394135
0.394154
0.394107
0.393956
0.393651
0.393786
0.393638
0.393451
0.392944
0.392823
0.392378
0.392083
0.39207
0.391782
0.391431
0.39144
0.391403
0.391699
0.391814
0.391246
0.390785
0.39095
0.390982
0.39038
0.390593
0.389979
0.390598
0.390276
0.390841
0.390994
0.391042
0.391407
0.39165
0.391189
0.391602
0.39204
0.392216
0.392104
0.392268
0.391931
0.391537
0.391412
0.391776
0.391766
0.392114
0.391854
0.392162
0.392184
0.392397
0.39292
0.393894
0.393594
0.394037
0.393912
0.39422
0.394255
0.394418
0.394143
0.394448
0.394754
0.39473
0.394829
0.394895
0.395343
0.395748
0.395689
0.395593
0.395765
0.395773
0.396371
0.396203
0.39581
0.395631
0.395802
0.395882
0.396225
0.396684
0.396627
0.396793
0.396491
0.396499
0.396527
0.396807
0.39685
0.397482
0.397607
0.397242
0.396883
0.397142
0.396853
0.397177
0.397731
0.397787
0.398007
0.39798
0.398183
0.398335
0.3986
0.398587
0.398704
0.398805
0.398759
0.398971
0.39827
0.39813
0.398245
0.39825
0.398667
0.398575
0.398563
0.398347
0.398712
0.399107
0.399094
0.398863
0.398835
0.398946
0.398934
0.399136
0.398632
0.39842
0.398118
0.397786
0.397944
0.397752
0.397774
0.397823
0.39727
0.397244
0.397416
0.397318
0.397293
0.397556
0.397486
0.397436
0.39774
0.397835
0.397782
0.397963
0.397908
0.398075
0.398065
0.398287
0.398349
0.398397
0.398314
0.398318
0.398407
0.398467
0.398426
0.398858
0.399017
0.398664
0.399277
0.399122
0.399591
0.39969
0.399635
0.399818
0.39986
0.399735
0.399916
0.399764
0.399709
0.399792
0.399503
0.399697
0.399931
0.399753
0.399959
0.399563
0.399646
0.399157
0.3992
0.399174
0.399527
0.39965
0.399408
0.399651
0.399209
0.399532
0.399867
0.40008
0.399734
0.399655
0.39955
0.399644
0.399539
0.399159
0.399201
0.39881
0.398799
0.398606
0.398804
0.398871
0.399171
0.399043
0.399381
0.399421
0.399409
0.399308
0.399591
0.399439
0.399529
0.399873
0.399607
0.39957
0.399444
0.399471
0.399497
0.399761
0.399687
0.399913
0.399688
0.39954
0.399342
0.39979
0.40016
0.400025
0.399877
0.400245
0.400196
0.40011
0.400073
0.399963
0.400182
0.400146
0.400121
0.400398
0.400048
0.400168
0.4
0.399952
0.400096
0.400012
0.399738
0.400143
0.400249
0.400118
0.399835
0.40013
0.399976
0.399953
0.400176
0.400222
0.400221
0.400151
0.399884
0.399988
0.400093
0.400069
0.400092
0.400035
0.400115
0.400218
0.400206
0.4004
0.40057
0.400535
0.400273
0.400386
0.400452
0.400474
0.400068
0.400315
0.400506
0.400191
0.40028
0.40038
0.400245
0.400423
0.400389
0.400122
0.400078
0.400265
0.400154
0.400385
0.400385
0.400176
0.399978
0.399869
0.399847
0.399956
0.400033
0.400282
0.400173
0.400054
0.400022
0.399806
0.399828
0.400043
0.400075
0.400171
0.400032
0.399872
0.4
0.399862
0.399745
0.399545
0.39963
0.399926
0.400011
0.400137
0.400431
0.400346
0.400335
0.400303
0.400407
0.400281
0.40001
0.399927
0.399927
0.399917
0.399804
0.399856
0.399918
0.399856
0.399836
0.399898
0.399939
0.399785
0.399694
0.399674
0.399939
0.399888
0.399757
0.399848
0.399697
0.399678
0.399648
0.399779
0.399609
0.399539
0.39951
0.399531
0.399571
0.399482
0.399533
0.399394
0.399375
0.399208
0.398884
0.398728
0.398592
0.398968
0.399116
0.39899
0.398854
0.399052
0.3992
0.399065
0.399153
0.39965
0.399592
0.399564
0.399777
0.399652
0.399537
0.399576
0.399471
0.399549
0.399444
0.399378
0.399321
0.399293
0.399266
0.398859
0.398899
0.398919
0.398987
0.399026
0.398999
0.398907
0.398993
0.398985
0.399165
0.399109
0.399251
0.399093
0.398936
0.399096
0.398865
0.398764
0.398665
0.398814
0.398825
0.398763
0.398783
0.398674
0.398455
0.398356
0.398277
0.398463
0.398328
0.398331
0.39837
0.398327
0.398348
0.398332
0.398144
0.398264
0.398195
0.398089
0.397714
0.397591
0.397693
0.397939
0.397933
0.397749
0.397761
0.397603
0.397783
0.397671
0.397745
0.397677
0.397804
0.397833
0.397677
0.397584
0.397358
0.397565
0.397743
0.397984
0.39804
0.398034
0.397905
0.397838
0.397613
0.397921
0.398089
0.397856
0.397964
0.398166
0.398212
0.3983
0.398277
0.398365
0.398308
0.398284
0.398407
0.398623
0.39877
0.39866
0.39862
0.398562
0.398412
0.398355
0.398535
0.39852
0.398405
0.398567
0.398384
0.398444
0.398757
0.398801
0.39886
0.398837
0.398704
0.398781
0.399024
0.398917
0.398935
0.398978
0.398971
0.399072
0.399081
0.399273
0.399282
0.399209
0.399202
0.399236
0.399212
0.398975
0.399148
0.399117
0.399028
0.398931
0.398794
0.398755
0.398806
0.398896
0.39906
0.399061
0.398941
0.398789
0.398645
0.398509
0.39872
0.398802
0.398723
0.398636
0.398863
0.398784
0.398745
0.398739
0.398757
0.398862
0.398775
0.398713
0.398485
0.39832
0.398323
0.398412
0.398075
0.398258
0.398284
0.398176
0.398414
0.398565
0.398567
0.398529
0.398384
0.398237
0.398388
0.398281
0.398291
0.398426
0.398521
0.398314
0.398501
0.398318
0.398397
0.398445
0.39837
0.398156
0.398258
0.398467
0.398416
0.398325
0.398381
0.398421
0.398393
0.398448
0.398305
0.398217
0.398128
0.398123
0.39836
0.398611
0.398725
0.398614
0.398676
0.39864
0.398709
0.398539
0.398593
0.398647
0.398529
0.398539
0.398607
0.398587
0.398715
0.398493
0.398629
0.398749
0.398884
0.398811
0.398857
0.39866
0.398551
0.398435
0.398408
0.398439
0.39847
0.39853
0.398591
0.398497
0.398382
0.398435
0.398458
0.398365
0.398403
0.398528
0.398559
0.398821
0.398851
0.398903
0.398854
0.398862
0.398872
0.398844
0.398623
0.398561
0.398784
0.398785
0.398822
0.398838
0.398889
0.398969
0.398871
0.398893
0.398916
0.398917
0.398988
0.398982
0.399075
0.399126
0.39919
0.399254
0.399297
0.39922
0.399172
0.399187
0.399084
0.399036
0.399051
0.399093
0.3989
0.399019
0.399041
0.399036
0.399029
0.399044
0.39899
0.399171
0.399068
0.399028
0.399126
0.398961
0.398963
0.398923
0.39902
0.399069
0.398988
0.39914
0.399106
0.399012
0.398877
0.398911
0.398709
0.398697
0.398725
0.398659
0.398667
0.398655
0.398643
0.398752
0.398875
0.398789
0.398992
0.398966
0.398987
0.398948
0.398802
0.398736
0.398798
0.398632
0.398686
0.398841
0.398709
0.398691
0.398918
0.398966
0.398987
0.398935
0.398698
0.398779
0.3988
0.398676
0.398586
0.398581
0.398582
0.398478
0.398538
0.398579
0.398496
0.398438
0.398388
0.398383
0.398287
0.398354
0.398394
0.398364
0.39856
0.398607
0.398485
0.39837
0.398268
0.398296
0.398259
0.398125
0.398089
0.398001
0.397997
0.397832
0.397821
0.397746
0.397741
0.397705
0.397638
0.397576
0.397636
0.397741
0.398023
0.39793
0.397881
0.39768
0.397619
0.397748
0.397625
0.397457
0.397396
0.39755
0.397565
0.397498
0.397495
0.397522
0.3978
0.397696
0.397805
0.397714
0.397778
0.397817
0.397795
0.397715
0.397762
0.397678
0.397724
0.397683
0.397804
0.397726
0.397635
0.397613
0.397676
0.39774
0.397736
0.397799
0.397795
0.397846
0.398014
0.398064
0.39811
0.398069
0.398144
0.397945
0.397874
0.397755
0.397757
0.397905
0.398022
0.39809
0.398207
0.39819
0.398223
0.398176
0.39816
0.39815
0.398019
0.398056
0.398094
0.398222
0.398199
0.398291
0.398358
0.39836
0.398482
0.398466
0.398432
0.39841
0.398351
0.398442
0.398598
0.398623
0.398666
0.398584
0.398614
0.398716
0.398699
0.398765
0.398554
0.398649
0.398515
0.398493
0.398559
0.398637
0.398885
0.398857
0.398864
0.398971
0.398913
0.398996
0.398816
0.398806
0.398714
0.398685
0.398722
0.398822
0.398776
0.398864
0.398865
0.398912
0.398821
0.398788
0.398795
0.398703
0.398773
0.39878
0.398677
0.398644
0.398559
0.398526
0.398579
0.39866
0.398655
0.398645
0.398584
0.398636
0.398575
0.398587
0.398504
0.398562
0.398711
0.398736
0.398805
0.398863
0.399005
0.398995
0.399063
0.399008
0.398969
0.398993
0.398954
0.398838
0.398833
0.3988
0.399003
0.399015
0.39915
0.399022
0.399146
0.399252
0.399342
0.399298
0.399349
0.399511
0.399672
0.399756
0.399562
0.399568
0.399535
0.399458
0.399564
0.399674
0.399631
0.399675
0.399703
0.399736
0.39989
0.399934
0.400165
0.400088
0.400104
0.399989
0.400044
0.399978
0.400016
0.4
0.400104
0.400158
0.400228
0.400065
0.400011
0.399967
0.39994
0.399838
0.399838
0.39987
0.399946
0.399973
0.399914
0.399908
0.399887
0.39985
0.399903
0.400005
0.399946
0.399855
0.399925
0.399845
0.399781
0.39977
0.399819
0.399776
0.399947
0.399947
0.399862
0.399756
0.399851
0.399846
0.400005
0.399905
0.399926
0.400005
0.400127
0.4
0.399984
0.399942
0.400068
0.399932
0.400011
0.400094
0.400136
0.400141
0.400042
0.400073
0.400047
0.399927
0.39999
0.399937
0.399818
0.39988
0.399849
0.399849
0.39986
0.399876
0.399679
0.399907
0.399845
0.399907
0.399912
0.399737
0.399845
0.399861
0.399871
0.399882
0.39999
0.399882
0.399774
0.39979
0.399687
0.399759
0.399765
0.399729
0.399734
0.399704
0.39972
0.399791
0.399801
0.399791
0.399731
0.399731
0.399706
0.399655
0.399767
0.399681
0.39958
0.39952
0.39953
0.399596
0.399612
0.399582
0.399607
0.399622
0.399432
0.399377
0.399408
0.399478
0.399609
0.39966
0.39955
0.39955
0.399461
0.399466
0.399491
0.399293
0.399129
0.399219
0.39913
0.398977
0.399042
0.399182
0.399232
0.399238
0.399164
0.399116
0.399077
0.399107
0.399033
0.398975
0.398887
0.398908
0.398973
0.398949
0.398915
0.398965
0.39901
0.398928
0.398948
0.399042
0.399003
0.399092
0.399044
0.399083
0.399143
0.399202
0.399222
0.39913
0.399009
0.399
0.39886
0.398963
0.399027
0.399168
0.39911
0.399164
0.399068
0.39918
0.399055
0.399138
0.399215
0.399192
0.399188
0.399198
0.399103
0.399137
0.399157
0.399225
0.39913
0.399212
0.399141
0.399127
0.399156
0.399138
0.399039
0.398978
0.399073
0.399008
0.399018
0.39891
0.398896
0.398798
0.398756
0.398776
0.39881
0.39882
0.398797
0.398803
0.398709
0.398673
0.398631
0.398594
0.398567
0.398521
0.398489
0.398355
0.398421
0.398441
0.39855
0.398537
0.39844
0.398436
0.398447
0.398448
0.398416
0.398324
0.398488
0.398559
0.398542
0.398548
0.398637
0.398638
0.398556
0.398428
0.398295
0.398375
0.398376
0.398271
0.39825
0.398178
0.398146
0.398033
0.398053
0.398155
0.398198
0.398286
0.398269
0.398247
0.398285
0.398286
0.398278
0.398307
0.398327
0.398246
0.398448
0.398404
0.398432
0.398578
0.398593
0.398413
0.3985
0.398442
0.398565
0.398602
0.398608
0.398622
0.398606
0.398593
0.398594
0.398703
0.398929
0.398925
0.398913
0.399003
0.39904
0.398915
0.398848
0.398836
0.398841
0.398842
0.39887
0.398937
0.399023
0.399006
0.399016
0.398981
0.399017
0.398986
0.398876
0.398855
0.398816
0.398834
0.398791
0.398743
0.398805
0.398696
0.398617
0.398556
0.398429
0.398461
0.398445
0.398327
0.398271
0.398224
0.398247
0.398099
0.397991
0.397953
0.398011
0.397885
0.397843
0.397788
0.397741
0.397769
0.397823
0.397758
0.397717
0.397592
0.397624
0.39763
0.39764
0.397629
0.397712
0.397697
0.397729
0.397649
0.397746
0.39767
0.397624
0.397595
0.397662
0.397685
0.397622
0.397547
0.397626
0.397623
0.397659
0.397597
0.397662
0.39766
0.397738
0.397616
0.397614
0.397479
0.397439
0.397424
0.397447
0.397521
0.397519
0.397499
0.397594
0.397515
0.397513
0.39765
0.397719
0.397661
0.397595
0.397474
0.397471
0.397494
0.397635
0.397679
0.397802
0.397888
0.397923
0.397878
0.397896
0.397868
0.397802
0.397783
0.397692
0.397677
0.397607
0.397642
0.397765
0.397708
0.397605
0.397574
0.397718
0.397828
0.397713
0.397781
0.397779
0.397726
0.397711
0.397651
0.397636
0.397683
0.397688
0.397669
0.397658
0.397568
0.397475
0.397461
0.397413
0.397402
0.397428
0.397454
0.397489
0.397413
0.397455
0.397424
0.397373
0.397506
0.397541
0.397542
0.397478
0.397476
0.397449
0.39743
0.397505
0.397462
0.39748
0.397474
0.39741
0.397416
0.397263
0.397277
0.397324
0.397341
0.397343
0.3973
0.397319
0.397385
0.397456
0.397453
0.397394
0.397408
0.397318
0.397388
0.397438
0.397363
0.397393
0.397439
0.39742
0.397438
0.397428
0.397466
0.397475
0.397586
0.397683
0.397593
0.397554
0.397628
0.397533
0.397571
0.397569
0.397602
0.397492
0.397581
0.397571
0.397529
0.397522
0.397472
0.397426
0.397336
0.397334
0.397312
0.397212
0.397245
0.397269
0.397121
0.397092
0.397271
0.397245
0.39731
0.397252
0.397191
0.397188
0.397187
0.397173
0.397226
0.397287
0.397343
0.397251
0.397358
0.397387
0.397463
0.397438
0.397462
0.39757
0.397551
0.397569
0.397465
0.397506
0.397488
0.397482
0.397502
0.397473
0.397486
0.397457
0.39752
0.397522
0.397434
0.397439
0.397368
0.397404
0.397425
0.3973
0.397263
0.39733
0.397321
0.397299
0.397278
0.39728
0.397246
0.397263
0.397235
0.397336
0.397457
0.397497
0.397471
0.397595
0.397491
0.397656
0.397688
0.397705
0.397818
0.397773
0.397801
0.397859
0.397899
0.397714
0.397708
0.397721
0.397748
0.39775
0.397736
0.39776
0.397765
0.397725
0.397843
0.397879
0.397861
0.397802
0.397796
0.39776
0.397678
0.397608
0.397545
0.397566
0.397545
0.397543
0.397514
0.397519
0.397487
0.397387
0.397433
0.397476
0.397425
0.397438
0.397466
0.397493
0.397487
0.397533
0.397519
0.397517
0.397396
0.397431
0.397369
0.397364
0.397361
0.397366
0.39739
0.397381
0.397423
0.397411
0.397282
0.397207
0.397145
0.39711
0.397174
0.397257
0.39737
0.39739
0.397473
0.397577
0.397612
0.397657
0.397599
0.397656
0.397646
0.397622
0.397635
0.397721
0.397689
0.397683
0.397677
0.39766
0.397665
0.397638
0.39762
0.397672
0.397667
0.3976
0.397569
0.397512
0.397473
0.397442
0.397407
0.397372
0.397432
0.397462
0.397583
0.397657
0.397607
0.397652
0.397647
0.397734
0.397768
0.397704
0.397698
0.397609
0.397557
0.397569
0.397531
0.397572
0.397623
0.397653
0.397658
0.397659
0.397739
0.397808
0.39782
0.397882
0.397904
0.39781
0.397771
0.397773
0.397727
0.397711
0.397741
0.397728
0.397793
0.397802
0.397807
0.397844
0.397774
0.397726
0.39773
0.397626
0.39763
0.397678
0.397658
0.397539
0.397534
0.397443
0.397508
0.39758
0.397617
0.397562
0.39756
0.397551
0.397485
0.397547
0.397506
0.397483
0.39739
0.397353
0.397315
0.397307
0.39735
0.397289
0.397259
0.39726
0.39722
0.397109
0.397191
0.397151
0.397191
0.397217
0.397174
0.397151
0.397048
0.397036
0.397037
0.397053
0.39692
0.397022
0.397024
0.397029
0.397048
0.397074
0.397055
0.397071
0.397062
0.397129
0.397137
0.39718
0.397201
0.397117
0.397156
0.397103
0.396991
0.396993
0.397021
0.39714
0.397145
0.397163
0.397162
0.397177
0.397196
0.397187
0.397083
0.397153
0.397138
0.39731
0.397357
0.397354
0.397328
0.397268
0.397198
0.397227
0.397232
0.397288
0.397265
0.39728
0.397224
0.397184
0.397135
0.397147
0.397128
0.397139
0.397226
0.397285
0.397343
0.397308
0.397225
0.397148
0.397086
0.397178
0.39725
0.397211
0.397159
0.397178
0.397199
0.397214
0.397118
0.397167
0.397202
0.397187
0.397242
0.397281
0.397245
0.39722
0.397288
0.397307
0.397362
0.39736
0.397287
0.397298
0.397333
0.397341
0.397249
0.397234
0.397182
0.3972
0.397158
0.397136
0.397157
0.397142
0.397101
0.397095
0.39708
0.397081
0.397054
0.397101
0.397176
0.397164
0.397077
0.397019
0.397011
0.396993
0.397011
0.397006
0.397021
0.397138
0.397179
0.39723
0.397238
0.397246
0.397195
0.397196
0.397247
0.397239
0.397263
0.397261
0.397338
0.397284
0.397348
0.397346
0.397314
0.397345
0.397398
0.397335
0.397369
0.397387
0.397342
0.397386
0.397413
0.397447
0.397471
0.397508
0.397552
0.397485
0.397454
0.39741
0.397401
0.397338
0.397349
0.397311
0.397354
0.39734
0.397306
0.397275
0.397379
0.397301
0.397318
0.397294
0.397305
0.397361
0.397408
0.397393
0.397365
0.397357
0.397349
0.397299
0.397287
0.397298
0.397389
0.397317
0.397309
0.397281
0.397295
0.397312
0.39724
0.397251
0.397335
0.397414
0.39739
0.397353
0.397367
0.3974
0.397379
0.397399
0.397356
0.397342
0.397318
0.397425
0.397417
0.397373
0.397315
0.397405
0.39746
0.397578
0.397617
0.397628
0.397585
0.397545
0.397578
0.397642
0.3977
0.397723
0.397696
0.397697
0.397802
0.397797
0.39787
0.397884
0.397882
0.39788
0.398003
0.398013
0.398121
0.398159
0.398104
0.398111
0.398084
0.398026
0.398033
0.397993
0.397938
0.397952
0.397987
0.397982
0.39797
0.397977
0.398006
0.398038
0.39793
0.398018
0.39805
0.398188
0.398158
0.398137
0.398156
0.398176
0.398201
0.398149
0.398138
0.398179
0.398211
0.398258
0.398246
0.39825
0.398257
0.398279
0.398286
0.398321
0.398392
0.398414
0.398418
0.39845
0.398371
0.398292
0.398262
0.398233
0.398206
0.398118
0.398045
0.397976
0.397952
0.397889
0.397869
0.397931
0.397923
0.397811
0.397772
0.397764
0.397708
0.397654
0.397698
0.397735
0.3978
0.397774
0.397673
0.397637
0.397542
0.397513
0.39756
0.397567
0.397547
0.397636
0.397546
0.397553
0.397621
0.397667
0.397641
0.397606
0.397598
0.397611
0.397661
0.397695
0.397672
0.397731
0.397774
0.397735
0.397766
0.397828
0.397853
0.397797
0.397849
0.397781
0.3978
0.39778
0.397849
0.397955
0.397947
0.397954
0.398009
0.397995
0.397948
0.397949
0.397902
0.39784
0.397874
0.397899
0.397951
0.397955
0.397902
0.397913
0.397854
0.397811
0.397803
0.397695
0.397669
0.397703
0.397683
0.397661
0.397664
0.397615
0.397552
0.397538
0.397507
0.39749
0.397477
0.39739
0.397406
0.397386
0.397464
0.397524
0.397514
0.397495
0.397505
0.397518
0.397501
0.397531
0.397526
0.397592
0.397575
0.39748
0.397455
0.397403
0.397381
0.397371
0.397418
0.397373
0.397403
0.397425
0.397351
0.397277
0.397266
0.397314
0.397266
0.397268
0.397289
0.39732
0.39728
0.397284
0.397248
0.397293
0.397291
0.397261
0.397268
0.397272
0.397244
0.397384
0.397376
0.397371
0.397405
0.397426
0.397436
0.397417
0.39743
0.397454
0.397461
0.397456
0.39736
0.397332
0.397279
0.397229
0.39723
0.397154
0.397097
0.397059
0.397026
0.397087
0.397195
0.397199
0.397157
0.397113
0.397091
0.397104
0.397065
0.39705
0.397051
0.397049
0.396994
0.396978
0.396959
0.397018
0.397042
0.396995
0.397082
0.397066
0.397019
0.397114
0.397055
0.397108
0.397109
0.397088
0.397114
0.397084
0.397041
0.39702
0.397021
0.397016
0.396998
0.39698
0.396961
0.396872
0.396846
0.396875
0.396845
0.396822
0.39679
0.396757
0.396807
0.396834
0.396812
0.396775
0.396777
0.396829
0.39681
0.396775
0.396706
0.396624
0.396572
0.396548
0.396519
0.396512
0.396561
0.396495
0.396488
0.396448
0.396461
0.396465
0.396506
0.396569
0.396623
0.396625
0.396565
0.396553
0.396538
0.3965
0.396508
0.396501
0.39652
0.396557
0.396576
0.396572
0.396582
0.396515
0.39653
0.396581
0.396478
0.396449
0.396509
0.396433
0.396397
0.396413
0.39639
0.396294
0.396235
0.396237
0.396288
0.396202
0.396143
0.396235
0.396215
0.396212
0.396172
0.396143
0.396129
0.396155
0.396242
0.396227
0.396199
0.396167
0.396221
0.396166
0.396119
0.396093
0.396095
0.396072
0.396107
0.396025
0.396051
0.396126
0.396119
0.39617
0.396117
0.396143
0.39615
0.396048
0.396075
0.396079
0.396062
0.396055
0.396018
0.396028
0.39604
0.396104
0.396109
0.396189
0.396126
0.396133
0.396078
0.39609
0.396065
0.396139
0.396132
0.396088
0.396068
0.396089
0.396069
0.396049
0.396126
0.396055
0.396035
0.396029
0.39612
0.396097
0.39604
0.396025
0.396006
0.396024
0.396022
0.396107
0.396087
0.396057
0.396032
0.396036
0.396044
0.396059
0.396048
0.396028
0.396072
0.396036
0.395926
0.395917
0.395937
0.395971
0.39605
0.396081
0.396098
0.396129
0.396142
0.396152
0.396142
0.396141
0.396153
0.396154
0.396156
0.396134
0.396117
0.396094
0.396165
0.39608
0.396033
0.396117
0.396092
0.396084
0.396065
0.396074
0.396097
0.39614
0.39616
0.396199
0.396198
0.396173
0.396198
0.396184
0.396233
0.396206
0.396226
0.39622
0.396295
0.396283
0.396248
0.396187
0.396217
0.396276
0.396312
0.39634
0.396312
0.396275
0.396329
0.396291
0.396256
0.396325
0.396316
0.396334
0.396317
0.396342
0.396349
0.396348
0.396344
0.396364
0.396374
0.396375
0.396374
0.396316
0.396326
0.396288
0.396264
0.396339
0.396335
0.39636
0.396403
0.396401
0.396295
0.396232
0.396164
0.396145
0.396161
0.396153
0.396163
0.396156
0.396238
0.396237
0.396213
0.396261
0.396322
0.396349
0.396363
0.3964
0.396427
0.396411
0.396368
0.396362
0.396399
0.396439
0.396402
0.396401
0.3964
0.39643
0.396393
0.396414
0.396467
0.396478
0.396426
0.396395
0.396312
0.396384
0.396317
0.396329
0.39633
0.39637
0.396367
0.396376
0.396377
0.396376
0.396281
0.396338
0.396294
0.396314
0.396346
0.396289
0.396304
0.396295
0.396317
0.396194
0.39613
0.396118
0.396095
0.39615
0.396104
0.396247
0.396261
0.396268
0.396279
0.396288
0.396355
0.396281
0.39624
0.396274
0.396228
0.396224
0.396245
0.396315
0.396319
0.396407
0.396453
0.396515
0.396556
0.396537
0.396574
0.396567
0.396601
0.396597
0.396601
0.396585
0.396654
0.396663
0.396632
0.396646
0.39665
0.396611
0.396623
0.396701
0.396742
0.396776
0.396788
0.396774
0.396706
0.396695
0.396694
0.396653
0.396642
0.396569
0.396612
0.396643
0.396689
0.396611
0.396536
0.396565
0.396573
0.396569
0.396546
0.396498
0.396406
0.396436
0.396507
0.396521
0.396584
0.396568
0.396609
0.39663
0.396612
0.396683
0.396677
0.396742
0.396756
0.396776
0.39679
0.396772
