0.54251
0.661605
0.694118
0.643237
0.670367
0.688686
0.672434
0.696216
0.68896
0.699833
0.713166
0.723396
0.734239
0.731772
0.741125
0.747356
0.74856
0.74128
0.741102
0.745621
0.748242
0.745684
0.746855
0.741166
0.737272
0.736992
0.732097
0.731913
0.731426
0.733872
0.733566
0.735419
0.73288
0.732442
0.730256
0.733588
0.735993
0.734608
0.735828
0.735643
0.734945
0.734028
0.736863
0.742192
0.74194
0.741185
0.741951
0.737934
0.735827
0.735355
0.732634
0.728411
0.72561
0.727828
0.728662
0.728404
0.72848
0.726916
0.726435
0.725049
0.72517
0.7268
0.728332
0.731553
0.731597
0.731466
0.729934
0.732135
0.732352
0.731833
0.730648
0.732124
0.730919
0.733211
0.735566
0.737027
0.738865
0.741434
0.73845
0.738516
0.739063
0.737762
0.73866
0.736272
0.736986
0.737404
0.739199
0.739272
0.74125
0.741407
0.74121
0.742574
0.743136
0.742864
0.74347
0.742215
0.741428
0.742034
0.742439
0.740364
0.739832
0.740375
0.739816
0.738291
0.73732
0.738074
0.736916
0.735685
0.737529
0.736756
0.737278
0.736302
0.735742
0.73542
0.736262
0.73642
0.736924
0.737817
0.735614
0.735028
0.736248
0.736084
0.734424
0.735359
0.735073
0.732811
0.73248
0.731864
0.732719
0.73216
0.731762
0.732193
0.733068
0.733651
0.732014
0.731121
0.730261
0.730942
0.731579
0.730689
0.731063
0.730937
0.730302
0.730553
0.73096
0.730608
0.729267
0.72883
0.729952
0.73035
0.730308
0.729211
0.728745
0.729402
0.730065
0.728667
0.729249
0.729135
0.728719
0.728252
0.728022
0.728547
0.72902
0.728974
0.72785
0.728269
0.728517
0.728109
0.726973
0.726044
0.726099
0.72701
0.727985
0.727353
0.727486
0.727884
0.727824
0.727545
0.728723
0.728931
0.728817
0.728864
0.729234
0.73001
0.730593
0.730077
0.729539
0.729083
0.728953
0.728938
0.729396
0.730396
0.730278
0.730306
0.730756
0.731007
0.730093
0.73002
0.729405
0.729814
0.729857
0.72926
0.728853
0.728891
0.728864
0.728445
0.727504
0.727291
0.727901
0.728139
0.727526
0.72695
0.727132
0.726537
0.725525
0.725515
0.725719
0.725039
0.724442
0.724528
0.72524
0.724788
0.724465
0.724662
0.724614
0.724399
0.724008
0.723833
0.724338
0.724187
0.723622
0.72282
0.722218
0.722702
0.722731
0.722391
0.722093
0.721901
0.722044
0.721947
0.721316
0.7213
0.721633
0.721244
0.721775
0.722182
0.722395
0.721827
0.721835
0.721394
0.721863
0.722388
0.721293
0.721551
0.721934
0.721839
0.721579
0.72227
0.722492
0.723074
0.722909
0.723261
0.722678
0.721898
0.722238
0.721793
0.72148
0.721344
0.721579
0.722308
0.722653
0.72286
0.723395
0.723606
0.72341
0.723867
0.724525
0.724571
0.723954
0.723773
0.723904
0.724362
0.724052
0.723961
0.723658
0.72388
0.723093
0.72254
0.722271
0.722514
0.722187
0.722817
0.723478
0.722979
0.72342
0.722722
0.722713
0.72267
0.722814
0.723108
0.723227
0.722775
0.722471
0.722356
0.722222
0.722708
0.723357
0.723382
0.723308
0.723018
0.722479
0.722432
0.722607
0.722449
0.722497
0.722444
0.722484
0.722844
0.722297
0.72213
0.72267
0.72274
0.722873
0.723183
0.723223
0.722903
0.723246
0.72313
0.72329
0.722866
0.722514
0.722
0.721367
0.721448
0.721257
0.721332
0.721763
0.721432
0.721196
0.720639
0.720431
0.720561
0.720868
0.72072
0.721133
0.721589
0.72157
0.721631
0.721689
0.721065
0.721692
0.721704
0.721249
0.721317
0.721159
0.720835
0.720985
0.72108
0.720912
0.720927
0.7208
0.720952
0.72063
0.720772
0.720921
0.721338
0.721406
0.721376
0.721352
0.721237
0.721279
0.721466
0.721713
0.72149
0.721976
0.722252
0.722282
0.722247
0.721795
0.72198
0.722211
0.721806
0.721885
0.722101
0.721924
0.722265
0.721831
0.721783
0.721948
0.7223
0.722275
0.722966
0.723113
0.723276
0.723588
0.723616
0.723254
0.723711
0.723904
0.723805
0.723585
0.723861
0.72395
0.724163
0.7243
0.723839
0.724299
0.724072
0.724116
0.724238
0.724734
0.724883
0.724694
0.725013
0.725051
0.725596
0.7255
0.725565
0.725959
0.725779
0.725414
0.725487
0.725159
0.724937
0.724925
0.724579
0.724292
0.724363
0.723834
0.723709
0.723616
0.723402
0.723361
0.723446
0.723153
0.722754
0.722396
0.722561
0.722423
0.722472
0.722289
0.722317
0.722258
0.722439
0.722494
0.722319
0.721907
0.721694
0.721796
0.721794
0.721948
0.721798
0.721475
0.721019
0.720835
0.721185
0.72125
0.72119
0.720972
0.720979
0.721264
0.721466
0.721855
0.722152
0.722443
0.722213
0.721799
0.722163
0.722629
0.723016
0.722676
0.722738
0.722729
0.722364
0.722303
0.722534
0.722776
0.72254
0.722539
0.722858
0.723013
0.723293
0.723007
0.723233
0.723526
0.723313
0.723607
0.723868
0.723752
0.723506
0.723184
0.723258
0.723169
0.722937
0.722948
0.722924
0.722891
0.722868
0.722909
0.722745
0.722661
0.722651
0.722747
0.722564
0.722396
0.722082
0.72206
0.721964
0.722376
0.722188
0.722195
0.722255
0.721998
0.721851
0.7218
0.72218
0.722123
0.722034
0.72209
0.722229
0.722516
0.722606
0.72286
0.722832
0.723007
0.72283
0.723174
0.723439
0.723442
0.7233
0.723372
0.72337
0.723322
0.723421
0.723305
0.723121
0.723096
0.723422
0.72357
0.723778
0.724004
0.723696
0.723937
0.724011
0.72375
0.723849
0.723781
0.723728
0.724095
0.724171
0.72409
0.72397
0.723936
0.723877
0.723769
0.723836
0.723904
0.723904
0.723937
0.723943
0.724026
0.723748
0.724108
0.724138
0.724109
0.724264
0.724254
0.724258
0.724067
0.724142
0.724069
0.724066
0.72435
0.724377
0.724564
0.724477
0.724434
0.724171
0.724116
0.724266
0.724114
0.724021
0.723772
0.723532
0.723389
0.723482
0.723507
0.723483
0.723657
0.723788
0.723905
0.723941
0.724042
0.72421
0.724086
0.723759
0.723591
0.723822
0.72361
0.723413
0.72332
0.723577
0.723616
0.723503
0.723493
0.723161
0.72335
0.723537
0.723728
0.723863
0.72349
0.723086
0.723074
0.723242
0.723446
0.723631
0.723417
0.723624
0.723768
0.723706
0.72382
0.723638
0.723644
0.723439
0.723436
0.723564
0.72326
0.723165
0.723109
0.723202
0.723503
0.723395
0.723387
0.723287
0.723293
0.7232
0.723038
0.723252
0.723257
0.723355
0.723295
0.723512
0.723739
0.724008
0.72399
0.724155
0.724212
0.724014
0.724185
0.72414
0.724284
0.72415
0.724414
0.724504
0.724366
0.724068
0.723794
0.723579
0.723535
0.72344
0.723622
0.723479
0.723652
0.723713
0.723585
0.7238
0.723576
0.723729
0.723916
0.724186
0.724164
0.723793
0.72365
0.723808
0.723988
0.724207
0.724132
0.724125
0.724336
0.72399
0.72406
0.724121
0.724123
0.724273
0.724362
0.724577
0.724346
0.724201
0.724096
0.724067
0.72419
0.724204
0.724267
0.724428
0.724625
0.724872
0.725063
0.725322
0.725424
0.725488
0.725404
0.725618
0.725701
0.725628
0.725628
0.725713
0.725837
0.725895
0.725769
0.725891
0.72594
0.725816
0.725993
0.726142
0.725939
0.726021
0.725909
0.726029
0.725815
0.726177
0.726306
0.726421
0.726429
0.726694
0.726942
0.726895
0.726862
0.727121
0.727088
0.726872
0.726717
0.726666
0.726691
0.726695
0.726918
0.72693
0.726873
0.727156
0.727407
0.727606
0.727381
0.727434
0.727532
0.727559
0.727839
0.727982
0.727987
0.728007
0.727904
0.727999
0.727887
0.727821
0.727734
0.727822
0.727952
0.727907
0.728136
0.727881
0.728027
0.727953
0.72768
0.727882
0.727782
0.727801
0.727729
0.72759
0.727796
0.727827
0.727773
0.727889
0.727706
0.727953
0.727961
0.727596
0.72746
0.727322
0.727402
0.727412
0.727664
0.727656
0.727607
0.727536
0.727557
0.727258
0.7272
0.727413
0.727507
0.727679
0.727651
0.72763
0.7279
0.727774
0.72762
0.727888
0.727802
0.727771
0.727794
0.727905
0.727692
0.727728
0.727973
0.728045
0.727943
0.72789
0.727788
0.727786
0.727623
0.727447
0.727731
0.727932
0.728095
0.728226
0.728023
0.727767
0.727583
0.727588
0.727622
0.727594
0.727515
0.727473
0.727264
0.727363
0.727172
0.727265
0.727436
0.727412
0.72747
0.727554
0.727475
0.727608
0.727398
0.727307
0.727189
0.72726
0.727351
0.727269
0.727044
0.726981
0.72682
0.726644
0.726548
0.7264
0.726385
0.726293
0.726308
0.726195
0.726332
0.726489
0.726288
0.726257
0.726273
0.726466
0.726434
0.726656
0.726559
0.726554
0.726713
0.726469
0.726307
0.72623
0.726195
0.726224
0.726335
0.726062
0.725948
0.725904
0.725812
0.725905
0.725905
0.725797
0.725855
0.725809
0.725754
0.725724
0.725578
0.725468
0.725408
0.725416
0.725603
0.725704
0.725636
0.725646
0.725503
0.725394
0.725217
0.725127
0.725107
0.725126
0.72532
0.72529
0.725265
0.725316
0.725244
0.725261
0.725117
0.725069
0.725139
0.724977
0.72511
0.725146
0.724991
0.725108
0.725196
0.72546
0.725456
0.725408
0.725413
0.725571
0.72566
0.725699
0.72561
0.7256
0.725644
0.725556
0.725606
0.725515
0.725349
0.725392
0.725421
0.725318
0.725551
0.725772
0.725628
0.725517
0.725391
0.725432
0.72522
0.72527
0.724934
0.724974
0.724722
0.724805
0.724845
0.724759
0.724792
0.724808
0.724819
0.724904
0.724898
0.724825
0.724899
0.725108
0.725065
0.724996
0.725076
0.72516
0.725181
0.7252
0.72508
0.725089
0.725091
0.725098
0.725017
0.725044
0.725122
0.725374
0.725365
0.725512
0.725542
0.725581
0.725438
0.72532
0.725313
0.725205
0.72519
0.725279
0.725235
0.725273
0.725228
0.725111
0.724975
0.724925
0.72485
0.724768
0.724758
0.724634
0.724788
0.724831
0.724847
0.72488
0.724872
0.725018
0.725135
0.725177
0.725106
0.725034
0.724988
0.724813
0.724785
0.724783
0.72491
0.724863
0.724995
0.725121
0.725226
0.725143
0.725075
0.725158
0.725272
0.725149
0.72512
0.725044
0.724871
0.724883
0.724781
0.724822
0.724896
0.725124
0.725192
0.725183
0.725145
0.725295
0.725401
0.725534
0.725374
0.725546
0.725609
0.725417
0.725241
0.725307
0.725343
0.725342
0.725459
0.725618
0.725688
0.725863
0.725768
0.725718
0.725713
0.725565
0.725526
0.725609
0.725697
0.725778
0.725868
0.72566
0.725826
0.725675
0.725747
0.725754
0.72577
0.725729
0.72575
0.725679
0.725674
0.725819
0.725933
0.725912
0.725974
0.726005
0.726107
0.726118
0.726073
0.725918
0.725958
0.726027
0.725965
0.726085
0.726206
0.726059
0.725924
0.725713
0.72577
0.725606
0.725694
0.725896
0.725943
0.725859
0.72594
0.725881
0.725769
0.72578
0.725908
0.725705
0.725622
0.725674
0.725628
0.725569
0.725614
0.725565
0.725524
0.725463
0.72556
0.725768
0.725743
0.725793
0.72584
0.72584
0.725989
0.725972
0.726002
0.726086
0.725994
0.725813
0.725745
0.725717
0.725553
0.725635
0.725563
0.72561
0.725725
0.725551
0.725678
0.725642
0.725805
0.725741
0.725662
0.725823
0.725935
0.725982
0.725836
0.725679
0.725669
0.725629
0.725688
0.725827
0.72591
0.725986
0.726001
0.726141
0.726076
0.726193
0.726268
0.726409
0.726498
0.726394
0.72655
0.726658
0.726804
0.726998
0.726865
0.726881
0.726923
0.72698
0.727119
0.727152
0.726957
0.726819
0.726996
0.726893
0.726834
0.726803
0.726744
0.726814
0.726758
0.726805
0.726962
0.726996
0.727007
0.727
0.726819
0.72693
0.726975
0.726901
0.726996
0.727136
0.727207
0.727139
0.727221
0.727236
0.727092
0.726976
0.727037
0.726962
0.726965
0.726853
0.726895
0.726911
0.727068
0.727087
0.72723
0.727396
0.727524
0.727479
0.727419
0.727274
0.727323
0.727343
0.72732
0.727137
0.727058
0.727039
0.726936
0.726834
0.726934
0.727081
0.72702
0.727164
0.727241
0.727231
0.727072
0.726957
0.726842
0.7268
0.726844
0.72673
0.726859
0.72686
0.726805
0.726618
0.726411
0.726422
0.7264
0.726448
0.726544
0.726426
0.726403
0.726413
0.726432
0.726494
0.726451
0.726535
0.726614
0.726713
0.726804
0.726797
0.726909
0.727057
0.727239
0.727241
0.72731
0.727476
0.727407
0.727451
0.727529
0.727665
0.72783
0.727767
0.727801
0.727646
0.727571
0.727413
0.727432
0.727421
0.727528
0.727336
0.727373
0.727352
0.727195
0.72716
0.727242
0.727176
0.727066
0.727096
0.727214
0.727356
0.727416
0.727353
0.727271
0.727341
0.727232
0.727075
0.7271
0.727253
0.727253
0.727296
0.72726
0.727168
0.727127
0.727123
0.727009
0.726928
0.726839
0.72676
0.726635
0.726726
0.726776
0.726774
0.726748
0.726731
0.726749
0.726757
0.726806
0.726793
0.726787
0.72684
0.726866
0.726802
0.726928
0.726818
0.726881
0.72702
0.727168
0.727307
0.727452
0.727367
0.727523
0.727549
0.72757
0.727432
0.727404
0.727426
0.727444
0.727358
0.727367
0.727495
0.727484
0.727582
0.727752
0.727897
0.728017
0.728022
0.728075
0.72798
0.728019
0.72797
0.727757
0.727974
0.728053
0.728043
0.728092
0.728087
0.728085
0.727926
0.727882
0.727994
0.728135
0.727945
0.727802
0.727863
0.727714
0.727671
0.727572
0.727569
0.727592
0.727732
0.727799
0.727874
0.727816
0.727731
0.727783
0.727736
0.727752
0.727704
0.727674
0.727607
0.727529
0.727424
0.727294
0.7273
0.727198
0.727188
0.727085
0.727169
0.727233
0.727366
0.727473
0.72755
0.727622
0.727656
0.727573
0.727455
0.727408
0.727363
0.727424
0.727395
0.727494
0.727608
0.727464
0.727509
0.727534
0.727419
0.727371
0.727376
0.727349
0.72721
0.727154
0.727152
0.727128
0.72726
0.727219
0.727193
0.727286
0.727146
0.727231
0.727164
0.727235
0.727386
0.727471
0.727534
0.727435
0.727431
0.727467
0.727403
0.727487
0.727403
0.727272
0.727181
0.727195
0.727224
0.727248
0.727237
0.727246
0.727145
0.727221
0.727216
0.727304
0.727368
0.727241
0.727237
0.727173
0.727156
0.727047
0.727005
0.726926
0.726882
0.7268
0.726833
0.726977
0.727033
0.72704
0.727186
0.727165
0.727104
0.727145
0.727285
0.727442
0.727353
0.727256
0.727179
0.727106
0.727157
0.727223
0.727172
0.727157
0.727272
0.727294
0.727202
0.727225
0.727127
0.726931
0.726967
0.72687
0.726681
0.726645
0.7267
0.726631
0.726639
0.72662
0.726513
0.726472
0.726455
0.726549
0.72658
0.726591
0.726562
0.726585
0.726676
0.726658
0.726584
0.726574
0.726572
0.726632
0.726556
0.726586
0.726524
0.726511
0.726381
0.726281
0.726242
0.726177
0.725993
0.725978
0.725976
0.726003
0.725958
0.725841
0.725848
0.725769
0.725788
0.725677
0.725679
0.725789
0.725849
0.725959
0.725868
0.725793
0.725717
0.725811
0.725837
0.72599
0.725948
0.725953
0.725882
0.725859
0.725932
0.725942
0.725908
0.725843
0.725738
0.72584
0.725896
0.725871
0.725886
0.725965
0.725915
0.725923
0.725862
0.725884
0.726003
0.726015
0.725893
0.725907
0.725853
0.725855
0.725839
0.725912
0.725943
0.725881
0.725837
0.725862
0.725851
0.725952
0.725898
0.725942
0.725968
0.725961
0.725867
0.725755
0.725681
0.725695
0.725653
0.725707
0.725573
0.725511
0.725531
0.725497
0.725407
0.725388
0.725419
0.725336
0.725262
0.725103
0.725212
0.725225
0.725223
0.725252
0.725215
0.725182
0.725226
0.725195
0.725254
0.725188
0.725129
0.725245
0.725221
0.725166
0.725166
0.725126
0.725114
0.725154
0.725171
0.725096
0.725141
0.725112
0.725091
0.725174
0.725069
0.724961
0.724951
0.725021
0.724996
0.724973
0.724969
0.724842
0.724721
0.724699
0.724735
0.72477
0.72478
0.724763
0.724772
0.724645
0.724745
0.724748
0.724799
0.724712
0.7247
0.724636
0.724686
0.724728
0.724751
0.724676
0.724745
0.724823
0.724721
0.724753
0.724692
0.724767
0.724814
0.724812
0.724937
0.724964
0.725006
0.725118
0.725165
0.725145
0.72521
0.725225
0.725376
0.725384
0.725512
0.725478
0.725414
0.725358
0.725487
0.725398
0.725296
0.725352
0.725369
0.725432
0.725295
0.725262
0.725265
0.725295
0.725378
0.725483
0.725473
0.725373
0.725252
0.725276
0.725373
0.725289
0.725131
0.725115
0.725088
0.725069
0.725137
0.725113
0.725109
0.725116
0.725144
0.725223
0.725157
0.72511
0.725012
0.724892
0.724812
0.724895
0.724872
0.724843
0.724855
0.72486
0.724928
0.72477
0.724779
0.724807
0.724872
0.72483
0.724774
0.724672
0.724619
0.724609
0.724623
0.724637
0.724707
0.724712
0.72461
0.724644
0.724533
0.72461
0.724559
0.724506
0.724379
0.724324
0.724358
0.724365
0.724323
0.724215
0.72414
0.724087
0.724146
0.7241
0.723988
0.723876
0.723746
0.723768
0.723839
0.723754
0.723893
0.723921
0.72386
0.72373
0.723746
0.723709
0.723703
0.723743
0.723775
0.723722
0.723697
0.72382
0.723755
0.723782
0.723867
0.723769
0.7237
0.723677
0.723687
0.723756
0.723819
0.723853
0.723971
0.724052
0.723995
0.724054
0.724036
0.724065
0.723988
0.723884
0.723875
0.723793
0.723819
0.723709
0.723581
0.723531
0.72345
0.723344
0.723338
0.723476
0.723543
0.72363
0.723713
0.723659
0.723669
0.72373
0.723813
0.723709
0.72366
0.723743
0.723833
0.723843
0.723906
0.723906
0.723956
0.723932
0.723899
0.723874
0.723828
0.723897
0.724005
0.724013
0.724073
0.724096
0.723963
0.723903
0.723943
0.723994
0.723934
0.723928
0.724041
0.724111
0.724113
0.724114
0.724055
0.724068
0.724068
0.724093
0.724106
0.724182
0.724168
0.724131
0.724201
0.724251
0.724292
0.724361
0.724405
0.7243
0.724232
0.724192
0.724155
0.724081
0.723999
0.723923
0.723924
0.723896
0.723873
0.723823
0.723792
0.723852
0.723863
0.723906
0.723924
0.723984
0.723911
0.723996
0.72394
0.723899
0.723872
0.723869
0.723836
0.723872
0.723912
0.723831
0.72377
0.723729
0.723714
0.723696
0.723731
0.7237
0.72367
0.723687
0.723576
0.723504
0.723456
0.723436
0.723429
0.723516
0.723435
0.723378
0.723299
0.723191
0.7231
0.723051
0.723109
0.72307
0.723172
0.723241
0.723269
0.723193
0.723209
0.723221
0.723236
0.7233
0.723318
0.723351
0.723374
0.723378
0.723388
0.723343
0.72339
0.723409
0.723442
0.723534
0.723542
0.723482
0.723452
0.723442
0.723528
0.723483
0.723356
0.723431
0.723418
0.72348
0.723393
0.72337
0.723445
0.72341
0.7233
0.723247
0.723255
0.723216
0.723163
0.723198
0.72319
0.723212
0.723195
0.723205
0.72326
0.723209
0.723175
0.723227
0.723349
0.723425
0.723476
0.723413
0.723403
0.723512
0.723591
0.723595
0.723646
0.723608
0.723602
0.723591
0.723718
0.723747
0.723718
0.723694
0.72377
0.723778
0.723853
0.72397
0.723961
0.723896
0.723833
0.723783
0.723813
0.723842
0.723836
0.723883
0.724013
0.723977
0.724015
0.7241
0.72412
0.7241
0.724064
0.724097
0.724125
0.724158
0.724188
0.724223
0.72432
0.724354
0.724458
0.724503
0.724412
0.724316
0.724346
0.724363
0.724356
0.724307
0.72421
0.724208
0.724263
0.72423
0.724149
0.724188
0.724251
0.724181
0.724207
0.724157
0.724097
0.724097
0.724121
0.724179
0.724261
0.72433
0.724241
0.724164
0.724205
0.724153
0.724134
0.724219
0.724151
0.724089
0.724159
0.724263
0.724228
0.724175
0.724154
0.724067
0.724066
0.724045
0.724088
0.724098
0.724017
0.724051
0.724056
0.724017
0.723925
0.723997
0.723989
0.723941
0.723831
0.72379
0.723689
0.723714
0.723694
0.723703
0.723681
0.723665
0.723636
0.723565
0.723545
0.723617
0.723657
0.723675
0.723678
0.72368
0.723687
0.723691
0.723589
0.723501
0.723535
0.723545
0.723613
0.723549
0.723552
0.723451
0.723487
0.723575
0.723664
0.723726
0.723795
0.723759
0.723701
0.723728
0.723719
0.723752
0.723791
0.72378
0.723697
0.723668
0.72363
0.723656
0.723622
0.723588
0.723575
0.723504
0.723457
0.723368
0.723395
0.723351
0.723276
0.723334
0.723313
0.723303
0.723312
0.723363
0.723293
0.723245
0.723353
0.723458
0.723558
0.723568
0.723573
0.723623
0.723541
0.723542
0.723519
0.723553
0.72365
0.723605
0.723625
0.723631
0.723694
0.72373
0.723814
0.72377
0.723736
0.723727
0.723651
0.723636
0.723647
0.723642
0.7236
0.723622
0.72366
0.723713
0.723651
0.723585
0.72361
0.723635
0.72359
0.723605
0.723591
0.723627
0.723576
0.723527
0.723651
0.723555
0.723596
0.72357
0.723488
0.72345
0.723498
0.723445
0.7235
0.723611
0.723578
0.723621
0.723699
0.723686
0.723628
0.723624
0.723641
0.723688
0.723651
0.723682
0.723763
0.723719
0.723717
0.723701
0.723725
0.723744
0.723776
0.723828
0.723796
0.72373
0.723672
0.723709
0.723694
0.723731
0.723718
0.723693
0.723763
0.72378
0.72371
0.723742
0.723793
0.723831
0.723869
0.723862
0.723919
0.723982
0.724031
0.723978
0.72407
0.724101
0.724197
0.7241
0.724038
0.724131
0.724128
0.724103
0.724127
0.724176
0.724163
0.72424
0.724206
0.724232
0.724284
0.724273
0.724215
0.724263
0.724206
0.724263
0.724175
0.724205
0.724239
0.724197
0.724205
0.72413
0.724066
0.723998
0.723887
0.723789
0.723774
0.723637
0.72371
0.723768
0.723793
0.723745
0.723727
0.723674
0.723655
0.723654
0.723573
0.723543
0.723584
0.723559
0.72356
0.723534
0.723603
0.723635
0.723673
0.723644
0.723683
0.723791
0.723827
0.723897
0.723844
0.723925
0.723917
0.723936
0.723945
0.723964
0.72387
0.72383
0.723762
0.723743
0.723684
0.723653
0.723661
0.72373
0.723781
0.723846
0.723884
0.723884
0.723844
0.723842
0.723744
0.723769
0.723803
0.723755
0.72373
0.723696
0.723745
0.723698
0.723702
0.723695
0.72362
0.723692
0.723663
0.723603
0.72365
0.723596
0.723554
0.723453
0.723533
0.723613
0.723603
0.723621
0.723632
0.723611
0.723676
0.723664
0.723605
0.723484
0.723479
0.723577
0.723638
0.723642
0.723572
0.723593
0.723572
0.723581
0.723596
0.723586
0.7235
0.723561
0.723595
0.72355
0.723473
0.723489
0.723557
0.723489
0.723517
0.723625
0.723685
0.723657
0.723582
0.723563
0.723572
0.723523
0.723553
0.723545
0.723531
0.723535
0.723572
0.723555
0.723491
0.723417
0.723428
0.723373
0.723343
0.72332
0.723352
0.723377
0.72348
0.723475
0.723507
0.723464
0.723466
0.72349
0.72342
0.723439
0.72349
0.723431
0.723524
0.723578
0.723607
0.723589
0.723564
0.723577
0.723597
0.723614
0.723617
0.723626
0.723619
0.723639
0.723691
0.723747
0.723694
0.72367
0.723722
0.723779
0.723821
0.723844
0.723826
0.723834
0.723854
0.723858
0.723852
0.723844
0.72393
0.723914
0.723958
0.724033
0.723948
0.723927
0.723899
0.723972
0.724076
0.724102
0.724094
0.724036
0.724007
0.723953
0.723969
0.723992
0.723991
0.724019
0.724026
0.72397
0.723972
0.72399
0.723982
0.724003
0.723953
0.724013
0.724086
0.72407
0.724052
0.724052
0.72401
0.724003
0.723965
0.723911
0.723902
0.723843
0.723851
0.723839
0.723771
0.723814
0.723861
0.723768
0.723724
0.723809
0.723771
0.723744
0.723796
0.723827
0.723866
0.723857
0.723804
0.7238
0.723751
0.723743
0.723727
0.723774
0.723839
0.723898
0.723885
0.723829
0.723758
0.723721
0.723728
0.72369
0.723688
0.723669
0.723754
0.723694
0.723642
0.723737
0.723677
0.72369
0.723697
0.723743
0.723745
0.723659
0.723667
0.723677
0.72366
0.723639
0.723605
0.723623
0.723661
0.723689
0.723719
0.723703
0.723782
0.723763
0.723747
0.723805
0.723822
0.723809
0.723823
0.723829
0.723777
0.723769
0.723769
0.723736
0.723755
0.723812
0.723728
0.723656
0.723635
0.723687
0.723705
0.723798
0.723768
0.723746
0.723766
0.723798
0.723812
0.723894
0.723909
0.723993
0.723995
0.723983
0.723985
0.724088
0.72408
0.724105
0.724068
0.724059
0.724054
0.724017
0.723972
0.723989
0.723971
0.723952
0.724015
0.724028
0.724041
0.723971
0.724047
0.724066
0.724092
0.724054
0.724016
0.723982
0.723912
0.7238
0.723826
0.723847
0.723866
0.723847
0.723878
0.723914
0.72399
0.724039
0.724039
0.724009
0.724018
0.724046
0.724
0.723995
0.724063
0.724051
0.724032
0.724043
0.724037
0.724047
0.724032
0.723969
0.723965
0.724004
0.723946
0.723982
0.724027
0.723992
0.723945
0.723982
0.72404
0.724043
0.72403
0.72398
0.724008
0.723988
0.724014
0.723971
0.723922
0.723944
0.723938
0.724008
0.723933
0.723874
0.723792
0.723811
0.723845
0.723886
0.723841
0.723892
0.723916
0.72391
0.723895
0.72392
0.723962
0.723982
0.724016
0.724098
0.724159
0.724121
0.724177
0.724197
0.724206
0.724191
0.724215
0.724194
0.724201
0.724175
0.724158
0.724107
0.724058
0.724062
0.724027
0.723963
0.723878
0.723883
0.723998
0.724006
0.723952
0.723935
0.723973
0.723894
0.72384
0.72379
0.72379
0.723748
0.723785
0.723794
0.723794
0.723723
0.723776
0.723798
0.723797
0.723718
0.723655
0.723688
0.723704
0.723627
0.723632
0.723701
0.723716
0.723778
0.723757
0.723732
0.723752
0.72381
0.723802
