2.459374309020015064e-09
4.918748618040030127e-09
7.378122927060045191e-09
9.837497236080060254e-09
1.229687154510007532e-08
1.475624585412009038e-08
1.721562016314010545e-08
1.967499447216012051e-08
2.213436878118013557e-08
2.459374309020015064e-08
2.705311739922016570e-08
2.951249170824018076e-08
3.197186601726019583e-08
3.443124032628021089e-08
3.689061463530022595e-08
3.934998894432024102e-08
4.180936325334025608e-08
4.426873756236027114e-08
4.672811187138028621e-08
4.918748618040030127e-08
5.164686048942031634e-08
5.410623479844033140e-08
5.656560910746034646e-08
5.902498341648036153e-08
6.148435772550037659e-08
6.394373203452039165e-08
6.640310634354040672e-08
6.886248065256042178e-08
7.132185496158043684e-08
7.378122927060045191e-08
