0.974815
0.759615
0.600877
0.496337
0.440518
0.400492
0.378555
0.361024
0.342495
0.32704
0.322998
0.320217
0.316523
0.312071
0.3102
0.306547
0.304764
0.300947
0.300281
0.297166
0.296224
0.295319
0.292869
0.290987
0.287967
0.285871
0.284596
0.282846
0.281536
0.280037
0.278786
0.277802
0.276838
0.274477
0.272857
0.271062
0.270194
0.270666
0.268918
0.268737
0.26915
0.268046
0.267489
0.266914
0.265241
0.264149
0.263104
0.262993
0.262629
0.260854
0.259961
0.259091
0.258855
0.258957
0.25847
0.257603
0.257426
0.257035
0.257676
0.257183
0.257077
0.25711
0.257136
0.257049
0.25686
0.25675
0.256455
0.255818
0.255379
0.254314
0.254349
0.25409
0.253628
0.252715
0.252463
0.252453
0.252327
0.251707
0.251348
0.25097
0.250334
0.24989
0.249063
0.248394
0.247654
0.248165
0.247933
0.247554
0.247222
0.246474
0.24558
0.245252
0.24507
0.245071
0.245365
0.245038
0.244756
0.244834
0.24445
0.244192
0.243559
0.243643
0.243796
0.243344
0.242792
0.242474
0.242366
0.242163
0.242026
0.241588
0.241067
0.241049
0.241122
0.240854
0.24121
0.241044
0.241242
0.240689
0.240278
0.240221
0.239925
0.23981
0.239342
0.239495
0.239371
0.239208
0.239513
0.239464
0.239468
0.239116
0.239555
0.239454
0.239082
0.238596
0.238909
0.23883
0.238748
0.238679
0.238493
0.238448
0.238381
0.238162
0.238285
0.238413
0.238084
0.237903
0.237931
0.237544
0.237312
0.237264
0.237014
0.23671
0.236602
0.236661
0.236497
0.236112
0.235955
0.235591
0.23576
0.23576
0.235794
0.235668
0.235376
0.235158
0.234885
0.235001
0.234955
0.235199
0.235052
0.23495
0.234871
0.234823
0.234604
0.234602
0.234597
0.23451
0.234484
0.234504
0.23441
0.234069
0.233809
0.233775
0.233586
0.233589
0.233518
0.233651
0.233576
0.233337
0.233348
0.233658
0.233582
0.233473
0.233402
0.233288
0.233332
0.233259
0.233092
0.233154
0.233179
0.233163
0.23294
0.233149
0.233063
0.232828
0.232722
0.232546
0.23251
0.232491
0.232512
0.232334
0.23231
0.232146
0.231938
0.231984
0.231938
0.231798
0.231645
0.231356
0.231426
0.231402
0.231416
0.2313
0.231238
0.231407
0.231248
0.231251
0.231175
0.231123
0.231175
0.23126
0.231279
0.231192
0.230914
0.230796
0.230523
0.23047
0.230744
0.230633
0.230664
0.230693
0.230739
0.230723
0.230766
0.230825
0.230651
0.230623
0.230553
0.230567
0.230395
0.230171
0.229939
0.230024
0.229942
0.229886
0.229761
0.229761
0.229754
0.229412
0.229282
0.229223
0.229125
0.229154
0.229011
0.228987
0.229032
0.228714
0.228773
0.22856
0.228543
0.228474
0.228495
0.228522
0.228281
0.22808
0.228182
0.228159
0.227902
0.227963
0.227994
0.227902
0.227923
0.227824
0.227804
0.227824
0.227875
0.22783
0.2278
0.227656
0.227615
0.227579
0.227315
0.227218
0.227263
0.227265
0.227229
0.2272
0.227156
0.227205
0.227156
0.227059
0.227223
0.227223
0.227227
0.2272
0.227037
0.227102
0.226955
0.227042
0.227017
0.226958
0.226777
0.226752
0.226727
0.226777
0.226913
0.226793
0.226725
0.226651
0.226628
0.226653
0.226565
0.226537
0.226543
0.226474
0.226403
0.226352
0.226175
0.226035
0.225988
0.225817
0.225755
0.225705
0.225647
0.225561
0.225432
0.225601
0.225469
0.225411
0.225416
0.225296
0.225315
0.225334
0.225278
0.225201
0.224999
0.22507
0.225052
0.224963
0.224966
0.225118
0.225172
0.225194
0.225212
0.225332
0.225303
0.22528
0.225161
0.225149
0.225248
0.225305
0.22504
0.225139
0.225082
0.22511
0.225136
0.225152
0.225195
0.225121
0.225071
0.225064
0.224943
0.224927
0.224784
0.224832
0.224836
0.22466
0.224688
0.224762
0.224756
0.224697
0.224558
0.224521
0.224578
0.224494
0.224553
0.224542
0.224548
0.224423
0.224398
0.224374
0.224328
0.22437
0.224286
0.22431
0.224268
0.224224
0.224266
0.224331
0.224254
0.224255
0.224262
0.224214
0.224096
0.223958
0.223971
0.22391
0.22403
0.2239
0.223948
0.223875
0.223725
0.223837
0.223692
0.223639
0.223588
0.223612
0.223525
0.223451
0.22348
0.223392
0.22332
0.223331
0.22319
0.223125
0.223029
0.222966
0.222989
0.222998
0.22299
0.222907
0.222864
0.222785
0.222835
0.222832
0.222852
0.222906
0.222892
0.222957
0.222891
0.222832
0.222859
0.222778
0.22278
0.222825
0.222762
0.222752
0.222795
0.2227
0.222683
0.22266
0.222643
0.222637
0.222678
0.222657
0.222654
0.222714
0.222726
0.222722
0.222673
0.222765
0.222673
0.22261
0.222712
0.222604
0.22267
0.222706
0.222779
0.22277
0.222726
0.222767
0.22274
0.22283
0.222764
0.222699
0.222667
0.222623
0.222666
0.222607
0.222641
0.222566
0.222621
0.222591
0.222684
0.222726
0.222752
0.222711
0.222664
0.22267
0.222705
0.222683
0.222608
0.222605
0.222588
0.22254
0.222578
0.222527
0.222612
0.222627
0.222675
0.222594
0.222524
0.222571
0.222565
0.222604
0.222509
0.222525
0.222581
0.222634
0.222673
0.222624
0.222656
0.222809
0.222757
0.222785
0.222833
0.222802
0.222788
0.222833
0.222863
0.222797
0.222771
0.22276
0.222657
0.222628
0.222728
0.222728
0.222612
0.222615
0.222609
0.222539
0.222527
0.222567
0.222534
0.222529
0.222517
0.222547
0.222489
0.222578
0.22256
0.222488
0.222471
0.22246
0.222427
0.222392
0.222461
0.222509
0.222454
0.222424
0.22243
0.222454
0.222504
0.222458
0.222511
0.222483
0.22252
0.222613
0.222637
0.222492
0.222494
0.222482
0.222374
0.222437
0.222406
0.222343
0.222424
0.222326
0.222302
0.222261
0.222252
0.222202
0.222216
0.22226
0.222298
0.222274
0.222173
0.2221
0.22213
0.222005
0.221971
0.222013
0.222062
0.222078
0.222044
0.222145
0.222067
0.222061
0.222036
0.222056
0.222058
0.22207
0.22204
0.222003
0.222005
0.22204
0.222077
0.222114
0.222119
0.222114
0.222097
0.222144
0.222114
0.222076
0.222156
0.222231
0.222293
0.222168
0.222152
0.222105
0.222081
0.22217
0.222182
0.222168
0.222179
0.22226
0.222257
0.222239
0.222209
0.222206
0.222159
0.222223
0.222223
0.222186
0.222136
0.222078
0.222094
0.222043
0.221972
0.221894
0.221953
0.22193
0.22201
0.221947
0.221879
0.221872
0.221877
0.221816
0.221762
0.221718
0.221777
0.22172
0.221737
0.221838
0.221806
0.22179
0.221808
0.221865
0.221944
0.221942
0.221876
0.221904
0.221976
0.221904
0.221873
0.221838
0.22187
0.221851
0.221788
0.221838
0.221842
0.22181
0.221776
0.221784
0.22177
0.221798
0.221753
0.221728
0.221648
0.221706
0.221773
0.221826
0.221831
0.221805
0.221752
0.221791
0.221775
0.221783
0.221766
0.221778
0.221709
0.221734
0.221733
0.221725
0.221754
0.221748
0.221736
0.221703
0.221727
0.22178
0.221746
0.221735
0.221758
0.221796
0.221763
0.221785
0.221761
0.221819
0.221808
0.221836
0.221862
0.221815
0.221792
0.221733
0.221669
0.221652
0.22158
0.221506
0.221516
0.221468
0.221594
0.221578
0.22162
0.221644
0.221705
0.221723
0.221702
0.221788
0.221792
0.221806
0.221861
0.221878
0.221823
0.221851
0.221852
0.221848
0.221857
0.221882
0.221876
0.221872
0.221807
0.22174
0.221796
0.221739
0.221739
0.221705
0.221641
0.221594
0.221621
0.221596
0.221561
0.221565
0.221548
0.221525
0.221561
0.221525
0.221534
0.221555
0.221548
0.221521
0.221559
0.221549
0.221469
0.221485
0.221483
0.221497
0.221577
0.221569
0.221566
0.221535
0.221528
0.2215
0.2214
0.221416
0.221433
0.221408
0.221453
0.221379
0.221381
0.221416
0.221384
0.221367
0.221344
0.221375
0.22135
0.221302
0.221303
0.221327
0.221397
0.221386
0.221434
0.221491
0.221551
0.221533
0.221468
0.221482
0.22148
0.2215
0.221441
0.221435
0.221425
0.221401
0.221277
0.221282
0.221273
0.221269
0.221268
0.22123
0.221204
0.221173
0.221205
0.221177
0.221189
0.221196
0.221146
0.221144
0.221122
0.221125
0.221101
0.221106
0.221146
0.221123
0.221122
0.221078
0.221039
0.22107
0.22109
0.221108
0.221123
0.221133
0.221135
0.221085
0.221044
0.221062
0.221079
0.221092
0.221031
0.221085
0.220998
0.220934
0.220889
0.220948
0.220949
0.220983
0.221039
0.221036
0.221085
0.221036
0.221038
0.221068
0.221027
0.221019
0.221032
0.221012
0.221036
0.221087
0.221057
0.221083
0.221059
0.220993
0.220996
0.221033
0.221059
0.221075
0.221079
0.221085
0.221138
0.221144
0.221191
0.221142
0.22107
0.221094
0.221131
0.221084
0.22107
0.221127
0.221132
0.221095
0.221085
0.221074
0.221047
0.220994
0.220946
0.22087
0.220844
0.22077
0.220795
0.220773
0.220745
0.220724
0.220758
0.220792
0.220793
0.220738
0.220663
0.220698
0.220702
0.220727
0.220707
0.220707
0.22071
0.220714
0.220675
0.220619
0.220656
0.220684
0.220674
0.220643
0.220661
0.220658
0.220648
0.220631
0.220585
0.220587
0.220517
0.220557
0.22057
0.220548
0.220507
0.220502
0.220528
0.22051
0.2205
0.22056
0.220545
0.220571
0.22053
0.220528
0.220519
0.220539
0.220537
0.22049
0.22052
0.220506
0.220445
0.220448
0.220419
0.220401
0.220391
0.220363
0.220405
0.220395
0.220379
0.220365
0.220302
0.220315
0.220293
0.220284
0.220203
0.220141
0.220138
0.220084
0.220147
0.22019
0.220178
0.220152
0.220143
0.22015
0.220138
0.220137
0.220191
0.220212
0.220157
0.220151
0.220155
0.220211
0.220217
0.220158
0.220152
0.220123
0.22008
0.220071
0.220074
0.220096
0.220071
0.22008
0.220121
0.220125
0.220116
0.2201
0.220115
0.220068
0.220086
0.22008
0.220053
0.220043
0.220059
0.220065
0.220062
0.220005
0.219995
0.219973
0.219999
0.219982
0.219988
0.220003
0.220012
0.220045
0.220058
0.22002
0.220033
0.220044
0.22002
0.220017
0.220043
0.220074
0.220115
0.220086
0.220084
0.220082
0.220064
