0.923077
0.572531
0.42616
0.348031
0.303616
0.265116
0.244563
0.225163
0.211354
0.197678
0.19337
0.190384
0.188398
0.185469
0.182735
0.179815
0.176913
0.173808
0.172015
0.171506
0.169014
0.168297
0.165721
0.163636
0.162225
0.161133
0.159256
0.15879
0.158081
0.15685
0.156625
0.154989
0.15564
0.154716
0.154223
0.153107
0.152978
0.153381
0.152645
0.151626
0.151838
0.150055
0.149803
0.149051
0.148642
0.147561
0.147559
0.146648
0.146305
0.145631
0.144863
0.144245
0.14379
0.143916
0.143358
0.142267
0.141751
0.141383
0.14134
0.140629
0.14037
0.140366
0.140551
0.139816
0.140141
0.139844
0.13911
0.138655
0.138047
0.137049
0.13725
0.136882
0.136322
0.135615
0.135324
0.135873
0.135474
0.135445
0.135478
0.135395
0.135201
0.135382
0.135091
0.134902
0.13453
0.134021
0.133789
0.133711
0.133474
0.133279
0.132604
0.132483
0.132308
0.132008
0.131715
0.131646
0.131973
0.131887
0.131632
0.131173
0.130884
0.130921
0.130768
0.130372
0.129942
0.129946
0.129868
0.129475
0.12906
0.128743
0.128624
0.128696
0.128427
0.128477
0.128584
0.128353
0.127953
0.127818
0.127591
0.12799
0.127646
0.127797
0.127602
0.127642
0.127885
0.127922
0.128113
0.127826
0.127678
0.127672
0.127496
0.127344
0.126935
0.126422
0.126461
0.126607
0.12651
0.126687
0.126454
0.126282
0.126618
0.126868
0.126828
0.126663
0.126413
0.126611
0.12642
0.126421
0.126348
0.126349
0.126301
0.126079
0.126271
0.126225
0.126065
0.125788
0.125826
0.125741
0.125648
0.125834
0.125765
0.125595
0.125442
0.125444
0.125162
0.125152
0.125076
0.124832
0.124669
0.124505
0.124268
0.123994
0.123702
0.123642
0.123786
0.123703
0.123482
0.123229
0.123121
0.12301
0.122823
0.122918
0.122742
0.122709
0.122712
0.122769
0.122659
0.122285
0.122302
0.122245
0.122275
0.12221
0.121986
0.121728
0.121691
0.121764
0.121602
0.121684
0.121595
0.121587
0.121362
0.121111
0.121083
0.121025
0.121106
0.120729
0.120797
0.120652
0.12042
0.120321
0.120141
0.12014
0.119932
0.120178
0.120186
0.120319
0.120058
0.120052
0.120045
0.119981
0.120098
0.120147
0.120093
0.120215
0.120305
0.120382
0.120684
0.12048
0.120396
0.120566
0.120598
0.120451
0.120455
0.120334
0.12031
0.120052
0.119899
0.119709
0.119659
0.119559
0.11935
0.119306
0.119396
0.119305
0.119108
0.119132
0.119059
0.119088
0.118981
0.118798
0.118607
0.118611
0.118434
0.118428
0.11824
0.118323
0.118442
0.118324
0.118352
0.118355
0.118315
0.118266
0.118265
0.118308
0.118229
0.118163
0.118166
0.118076
0.118283
0.118284
0.118248
0.118202
0.117988
0.118041
0.11812
0.118172
0.118084
0.118079
0.118193
0.118182
0.118119
0.118136
0.11808
0.118103
0.118089
0.118147
0.118175
0.118064
0.117918
0.117737
0.117735
0.117713
0.117962
0.117891
0.11793
0.117923
0.117833
0.117969
0.117893
0.117926
0.117847
0.117927
0.117885
0.117672
0.117675
0.11764
0.117555
0.117662
0.117863
0.117887
0.117766
0.117725
0.117703
0.117795
0.117745
0.117646
0.117633
0.117606
0.117573
0.11751
0.117479
0.117443
0.117464
0.117553
0.117508
0.117569
0.117405
0.117473
0.117517
0.117423
0.117279
0.1175
0.117447
0.117355
0.117316
0.117386
0.1172
0.117264
0.117125
0.117004
0.116894
0.116878
0.116965
0.116779
0.116567
0.1166
0.116647
0.116638
0.116679
0.116634
0.116696
0.11667
0.116653
0.116762
0.116711
0.116531
0.116453
0.116451
0.116465
0.116462
0.11639
0.116408
0.116513
0.116503
0.116609
0.116665
0.116596
0.116529
0.116517
0.116565
0.11647
0.116439
0.116338
0.116482
0.11656
0.116559
0.11662
0.116632
0.11657
0.116535
0.116339
0.116291
0.116147
0.116282
0.116229
0.116291
0.11632
0.116214
0.116272
0.11628
0.116163
0.116123
0.116145
0.11609
0.116071
0.11603
0.116013
0.115949
0.115937
0.115911
0.116068
0.11597
0.115983
0.115901
0.115831
0.115902
0.115932
0.115908
0.116111
0.116049
0.116029
0.116094
0.116032
0.116037
0.116021
0.116018
0.115888
0.115827
0.115821
0.115883
0.11588
0.115895
0.115905
0.115864
0.115819
0.115841
0.115856
0.115823
0.115801
0.115684
0.115591
0.115557
0.115635
0.11548
0.115629
0.115643
0.115674
0.11576
0.11581
0.115772
0.115685
0.115571
0.115525
0.115538
0.115578
0.115636
0.115663
0.11571
0.115724
0.115672
0.115684
0.115671
0.115648
0.115592
0.115414
0.115458
0.115438
0.115614
0.115669
0.115627
0.115726
0.115736
0.115621
0.115627
0.115669
0.115703
0.115746
0.115771
0.115804
0.115769
0.115837
0.115864
0.115794
0.115767
0.11584
0.115673
0.115708
0.115684
0.115727
0.115672
0.115655
0.115597
0.115651
0.115678
0.115698
0.11572
0.115702
0.115639
0.115583
0.115571
0.115572
0.11558
0.11561
0.115486
0.115484
0.115498
0.11555
0.115581
0.115667
0.115668
0.115668
0.115803
0.115809
0.115733
0.115787
0.11581
0.115864
0.115787
0.115792
0.115845
0.115811
0.11588
0.115904
0.115873
0.115839
0.115825
0.115761
0.115744
0.115741
0.115817
0.115788
0.115832
0.115713
0.115755
0.115733
0.115698
0.115722
0.11572
0.115735
0.115705
0.115745
0.115722
0.115719
0.115816
0.115787
0.115846
0.115969
0.116115
0.116147
0.11608
0.116059
0.116092
0.116011
0.11613
0.116239
0.116308
0.116314
0.116343
0.116321
0.116275
0.116275
0.11623
0.116324
0.116282
0.116388
0.116426
0.116411
0.116303
0.116301
0.116392
0.116304
0.116238
0.116149
0.116212
0.116242
0.116186
0.1162
0.116153
0.116204
0.116197
0.116247
0.116285
0.11629
0.116313
0.11629
0.116272
0.116276
0.116231
0.116206
0.116278
0.116239
0.11634
0.116361
0.116428
0.116341
0.1164
0.116383
0.116342
0.116333
0.116379
0.116336
0.116415
0.116435
0.116454
0.11648
0.11649
0.116508
0.11645
0.116454
0.116492
0.116552
0.116639
0.116663
0.116648
0.116731
0.116671
0.11662
0.116622
0.116669
0.116696
0.116683
0.116675
0.116679
0.116659
0.116675
0.116718
0.116739
0.116652
0.1166
0.116553
0.11652
0.116448
0.116428
0.116443
0.116525
0.116492
0.116431
0.116452
0.116481
0.116458
0.116483
0.116475
0.116482
0.116489
0.116527
0.116483
0.116456
0.116419
0.116443
0.116401
0.116447
0.116416
0.116355
0.116327
0.11638
0.116445
0.116434
0.116454
0.116386
0.116353
0.116361
0.116358
0.116301
0.116307
0.116259
0.116248
0.116237
0.11624
0.116302
0.116261
0.116284
0.116266
0.116259
0.116266
0.116315
0.116363
0.116378
0.116375
0.116432
0.116453
0.11646
0.116375
0.116358
0.116409
0.116386
0.116409
0.116384
0.116408
0.116378
0.116424
0.116473
0.116428
0.116435
0.116425
0.11637
0.116386
0.116394
0.116378
0.116427
0.116426
0.116408
0.11639
0.116444
0.116425
0.116366
0.11636
0.116338
0.116318
0.116331
0.116281
0.116264
0.116246
0.116264
0.116233
0.116223
0.116188
0.116202
0.116175
0.116136
0.116159
0.116164
0.116161
0.116116
0.116151
0.116122
0.11609
0.116095
0.11612
0.11619
0.116235
0.116149
0.116133
0.116162
0.116195
0.116179
0.116162
0.116186
0.116148
0.116098
0.11608
0.11605
0.116006
0.115981
0.116003
0.116078
0.11609
0.116129
0.116125
0.116134
0.116111
0.116099
0.116185
0.116179
0.116174
0.116249
0.116272
0.116253
0.116216
0.116157
0.116161
0.116079
0.116033
0.115975
0.11605
0.116014
0.116046
0.116076
0.116057
0.115967
0.116027
0.115968
0.116079
0.116036
0.116098
0.116092
0.116024
0.116023
0.116027
0.116022
0.116037
0.115978
0.116009
0.115939
0.115919
0.115898
0.115833
0.115985
0.115928
0.115947
0.115957
0.115938
0.115968
0.115954
0.115987
0.115949
0.116018
0.115952
0.115999
0.116006
0.116033
0.115979
0.116026
0.115964
0.115985
0.115951
0.115931
0.115874
0.115909
0.115956
0.116011
0.116006
0.116089
0.116112
0.116092
0.116088
0.116086
0.116029
0.11604
0.115972
0.115936
0.115949
0.115906
0.115861
0.11589
0.115901
0.115868
0.11585
0.115848
0.115893
0.115887
0.115902
0.115915
0.115912
0.115898
0.11591
0.116008
0.115975
0.115951
0.115936
0.115946
0.115997
0.115972
0.115993
0.115981
0.116029
0.115987
0.115982
0.115991
0.115958
0.115923
0.115982
0.116003
0.115981
0.116019
0.116023
0.116063
0.116068
0.116077
0.116023
0.115971
0.116035
0.116042
0.116056
0.11611
0.116103
0.116098
0.116132
0.116074
0.116005
0.116058
0.116168
0.116156
0.116165
0.11623
0.116237
0.116266
0.116267
0.116262
0.116274
0.116287
0.116304
0.116231
0.116246
0.116226
0.116244
0.116212
0.116192
0.116177
0.116125
0.116109
0.116088
0.116109
0.116052
0.116022
0.116047
0.116047
0.116097
0.116128
0.116164
0.116186
0.116226
0.116243
0.116201
0.116208
0.116193
0.116179
0.116168
0.116123
0.116128
0.116177
0.116115
0.11613
0.116069
0.116077
0.116078
0.116029
0.116045
0.116041
0.116043
0.116071
0.116056
0.116054
0.116056
0.116059
0.116082
0.116072
0.116057
0.116064
0.116067
0.11608
0.116082
0.116084
0.116036
0.116039
0.116033
0.116001
0.116008
0.115955
0.115926
0.115924
0.115951
0.115942
0.11593
0.115959
0.116008
0.115948
0.115985
0.115937
0.115866
0.115863
0.115875
0.115932
0.115935
0.115893
0.115869
0.115855
0.115781
0.115795
0.115791
0.115787
0.115776
0.115803
0.1158
0.115831
0.115865
0.115832
0.115818
0.11581
0.115771
0.115801
0.115842
0.115796
0.115777
0.115812
0.115823
0.115789
0.115763
0.11578
0.115748
0.11575
0.115794
0.115766
0.115747
0.115775
0.115764
0.115707
0.115751
0.115719
0.115721
0.115697
0.115684
0.115685
0.115664
0.11567
0.11568
0.115672
0.115671
0.115674
0.115648
0.115653
0.115665
0.115683
0.115667
0.115671
0.115652
0.115664
0.11574
0.115737
0.115739
