0.235849
0.231589
0.235969
0.217788
0.219084
0.21424
0.211645
0.206258
0.216296
0.212317
0.211209
0.211243
0.209309
0.209866
0.206458
0.204719
0.204695
0.201348
0.20118
0.200552
0.202715
0.20247
0.204424
0.204801
0.206271
0.206557
0.207306
0.208899
0.20751
0.206253
0.209088
0.209782
0.211808
0.213091
0.212741
0.211801
0.21173
0.213438
0.213911
0.213105
0.212901
0.212395
0.212025
0.211293
0.210744
0.209763
0.210348
0.210784
0.211258
0.210966
0.211961
0.212483
0.212771
0.213059
0.213586
0.21356
0.21363
0.213732
0.213702
0.213099
0.212906
0.213295
0.213027
0.212947
0.212923
0.214121
0.214557
0.214156
0.213957
0.213929
0.212967
0.213136
0.213107
0.21291
0.212221
0.21205
0.211597
0.211044
0.211156
0.210662
0.210443
0.210742
0.210906
0.211635
0.212352
0.212701
0.212416
0.212792
0.213088
0.212959
0.213111
0.21334
0.213689
0.213424
0.213145
0.213475
0.213658
0.213363
0.213405
0.213129
0.213416
0.213483
0.213551
0.213272
0.213707
0.21355
0.213804
0.213319
0.213228
0.213623
0.213356
0.213775
0.213345
0.213348
0.213497
0.213431
0.213421
0.213143
0.213365
0.213123
0.21307
0.212841
0.21283
0.212623
0.212955
0.213127
0.213407
0.214017
0.213684
0.213516
0.213585
0.213323
0.213074
0.212942
0.212501
0.212309
0.212332
0.21197
0.211599
0.211532
0.21168
0.211684
0.211716
0.212174
0.212308
0.212072
0.212276
0.212035
0.212284
0.212666
0.212712
0.212603
0.212374
0.212503
0.212247
0.21248
0.212689
0.212643
0.212683
0.212794
0.212906
0.212728
0.212374
0.212468
0.212515
0.212373
0.212422
0.212609
0.212725
0.212471
0.212152
0.212213
0.212035
0.212
0.211972
0.212059
0.212003
0.211883
0.211866
0.211817
0.211805
0.211522
0.211533
0.211287
0.211093
0.211134
0.211184
0.211271
0.211151
0.211187
0.211036
0.211116
0.211059
0.21118
0.211278
0.211125
0.210987
0.210854
0.210839
0.210791
0.210935
0.21107
0.211022
0.211266
0.211279
0.211259
0.211
0.210851
0.210814
0.210797
0.21094
0.211048
0.210979
0.21101
0.211087
0.211114
0.211193
0.211233
0.211152
0.211295
0.211589
0.211574
0.211563
0.211296
0.211035
0.210946
0.211122
0.210952
0.211083
0.211057
0.211025
0.211147
0.211018
0.211051
0.211011
0.210953
0.210669
0.210751
0.210772
0.210681
0.210427
0.210581
0.210533
0.210463
0.21046
0.210523
0.210477
0.210226
0.210224
0.210367
0.210205
0.210238
0.210315
0.210394
0.210376
0.210266
0.210266
0.210081
0.210139
0.210175
0.210163
0.209922
0.20977
0.209686
0.209782
0.209723
0.209634
0.209655
0.209728
0.209678
0.209618
0.209454
0.209603
0.209588
0.209464
0.209581
0.20952
0.209525
0.20949
0.209601
0.209511
0.209424
0.209607
0.20966
0.209659
0.20973
0.209654
0.209765
0.209729
0.209781
0.20977
0.209763
0.209793
0.209792
0.209898
0.209965
0.209815
0.209801
0.209799
0.209893
0.209868
0.209967
0.210075
0.210038
0.210194
0.210175
0.210187
0.210184
0.21017
0.210237
0.210348
0.210458
0.21044
0.21037
0.210382
0.210571
0.210423
0.210447
0.210626
0.210465
0.210586
0.210739
0.210873
0.211148
0.211268
0.211267
0.211199
0.211276
0.211334
0.211239
0.211215
0.211311
0.211349
0.211254
0.211097
0.211064
0.211152
0.211215
0.211182
0.211218
0.21134
0.211468
0.211402
0.211399
0.211385
0.211292
0.211275
0.211351
0.211397
0.211428
0.21128
0.211428
0.211413
0.211422
0.211427
0.211354
0.21137
0.211395
0.211426
0.211405
0.211347
0.211326
0.211219
0.211218
0.211401
0.211413
0.211387
0.211548
0.211535
0.21145
0.211338
0.211342
0.211494
0.211564
0.211677
0.211766
0.211835
0.211886
0.211918
0.211817
0.211779
0.211852
0.211892
0.211905
0.211902
0.211934
0.212058
0.212046
0.212136
0.212146
0.212187
0.212151
0.211981
0.211836
0.211916
0.211886
0.211922
0.211839
0.211853
0.211837
0.21182
0.211907
0.211942
0.21194
0.212004
0.212016
0.211757
0.211686
0.21179
0.211761
0.211793
0.211782
0.211702
0.211692
0.211711
0.211597
0.21162
0.211609
0.211691
0.211589
0.211613
0.211639
0.211756
0.211652
0.21178
0.211829
0.211821
0.211891
0.211891
0.212083
0.212043
0.212058
0.211939
0.212067
0.212032
0.211922
0.211955
0.211957
0.212
0.211886
0.211857
0.21198
0.212083
0.212018
0.212039
0.21216
0.212265
0.212402
0.212409
0.212504
0.212598
0.212745
0.212838
0.212809
0.212855
0.213015
0.213168
0.213245
0.213288
0.21335
0.213499
0.213574
0.213539
0.21367
0.213777
0.213792
0.213925
0.21391
0.213907
0.213781
0.213782
0.213865
0.21408
0.21401
0.214107
0.214094
0.21416
0.214218
0.214202
0.21427
0.214263
0.214363
0.214348
0.214317
0.2143
0.214257
0.214397
0.214427
0.214481
0.214477
0.21451
0.214541
0.214446
0.214417
0.214355
0.214354
0.214339
0.214264
0.214241
0.214248
0.214247
0.214296
0.214322
0.214319
0.214287
0.214234
0.214201
0.214205
0.21417
0.214072
0.213997
0.214011
0.213887
0.213882
0.213875
0.213773
0.213664
0.213662
0.213713
0.213703
0.213724
0.213745
0.213654
0.213716
0.213617
0.2136
0.213659
0.213757
0.213729
0.213679
0.213643
0.213637
0.213597
0.213616
0.213639
0.213723
0.213701
0.213681
0.213619
0.213642
0.213628
0.213605
0.213631
0.213554
0.213712
0.213806
0.213806
0.213687
0.213668
0.213732
0.213704
0.213737
0.21378
0.213813
0.213941
0.214032
0.214115
0.214083
0.214067
0.214114
0.214195
0.214273
0.214309
0.214292
0.214273
0.214302
0.214312
0.214272
0.214296
0.214284
0.214342
0.214489
0.214475
0.214583
0.214563
0.214649
0.214686
0.214648
0.214663
0.214755
0.21472
0.214739
0.214766
0.214814
0.214871
0.214949
0.214992
0.214979
0.215009
0.215089
0.215069
0.215112
0.215118
0.215218
0.215266
0.215185
0.215175
0.215159
0.215151
0.215167
0.215157
0.215046
0.21501
0.215011
0.214954
0.215017
0.214964
0.214916
0.214899
0.214956
0.214907
0.214909
0.214955
0.214944
0.215007
0.215015
0.214925
0.214921
0.214955
0.214935
0.214981
0.215074
0.215017
0.215046
0.215138
0.215103
0.215111
0.215146
0.215276
0.215226
0.215252
0.215269
0.215201
0.215159
0.215171
0.215206
0.215198
0.21519
0.215167
0.215131
0.215113
0.215055
0.215032
0.215034
0.214994
0.215092
0.215028
0.215053
0.215091
0.215099
0.215115
0.215203
0.215244
0.215318
0.21535
0.215391
0.215394
0.215521
0.215592
0.215663
0.21565
0.215553
0.215476
0.215476
0.215456
0.215399
0.215365
0.215336
0.215242
0.215248
0.215237
0.21517
0.215187
0.215171
0.215133
0.215085
0.215121
0.215148
0.21515
0.215174
0.215182
0.215167
0.215181
0.21517
0.21514
0.215171
0.21516
0.215184
0.215185
0.21516
0.215187
0.215086
0.215079
0.215086
0.215014
0.214986
0.214979
0.214899
0.214929
0.214931
0.214925
0.214906
0.214927
0.214987
0.214986
0.215058
0.215037
0.215048
0.215029
0.21498
0.214909
0.214899
0.214916
0.214906
0.214924
0.214947
0.214885
0.214868
0.21484
0.21479
0.214894
0.214808
0.214785
0.214806
0.214753
0.214765
0.214895
0.214946
0.214918
0.214886
0.214977
0.214975
0.215043
0.215038
0.215046
0.215182
0.215159
0.215147
0.21516
0.215204
0.2152
0.215168
0.215134
0.215214
0.215248
0.215308
0.215271
0.215266
0.21519
0.215127
0.215031
0.215077
0.215179
0.215179
0.215188
0.215177
0.215196
0.215209
0.215241
0.215197
0.215135
0.215153
0.215133
0.215095
0.215064
0.215083
0.21515
0.215093
0.215087
0.21516
0.215151
0.2152
0.215211
0.215233
0.215209
0.215206
0.215118
0.215092
0.215152
0.215122
0.215031
0.214979
0.214996
0.214945
0.214884
0.214843
0.214756
0.21475
0.214761
0.214716
0.214744
0.214781
0.214849
0.214963
0.215045
0.215153
0.215166
0.215178
0.215199
0.215253
0.215229
0.215218
0.215165
0.215125
0.215075
0.215068
0.215029
0.214972
0.214979
0.214912
0.214825
0.2148
0.2148
0.214732
0.214696
0.21473
0.214693
0.214644
0.21463
0.214678
0.214735
0.214734
0.21481
0.214856
0.214917
0.214866
0.214885
0.214911
0.214881
0.21486
0.214909
0.214888
0.214877
0.214814
0.21482
0.214898
0.214921
0.214896
0.214885
0.214907
0.214949
0.214967
0.214936
0.214928
0.214877
0.214859
0.214846
0.214772
0.214694
0.214667
0.214726
0.214706
0.214656
0.214713
0.21472
0.21473
0.21475
0.214741
0.214737
0.214734
0.214729
0.214628
0.214665
0.214584
0.21457
0.214565
0.214554
0.214569
0.214516
0.214548
0.21453
0.214415
0.214354
0.214344
0.214344
0.214382
0.21437
0.214339
0.214299
0.214287
0.214278
0.214222
0.214216
0.214253
0.214233
0.214217
0.214247
0.214204
0.214245
0.214255
0.214229
0.214183
0.214085
0.214074
0.214067
0.214015
0.213971
0.213973
0.213957
0.213942
0.213947
0.214041
0.214035
0.214072
0.214105
0.214081
0.21413
0.214123
0.214121
0.2141
0.214141
0.214117
0.214037
0.214066
0.214046
0.213982
0.213975
0.213964
0.213933
0.213885
0.213859
0.21382
0.213787
0.213804
0.213797
0.213791
0.213776
0.21371
0.213701
0.213711
0.213735
0.213713
0.213697
0.213653
0.213624
0.213618
0.213604
0.21365
0.213656
0.213659
0.213627
0.21364
0.213671
0.213684
0.21375
0.21371
0.213676
0.213694
0.213635
0.213619
0.213642
0.213688
0.213644
0.213632
0.213687
0.213701
0.21372
0.213718
0.213731
0.213698
0.213692
0.213642
0.213655
0.213611
0.213594
0.213573
0.213593
0.213563
0.213567
0.21355
0.213633
0.213653
0.213691
0.213739
0.213773
0.213829
0.213838
0.213873
0.213871
0.213872
0.213821
0.213839
0.213838
0.213837
0.21382
0.213783
0.213836
0.21385
0.213798
